'03	1479
'L'	1480
'Show	1477|1478|1479|1480|1481|1482|1483
-	1477|1478|1479|1480|1481|1482|1483|1484|1485|1486|1487|1488|1489|1490|1491|1492|1493|1494|1495|1496
0	1477|1478|1479|1480|1481|1482|1483
000	1477
01	1478|1484
03	1479
033	1477
034	1478|1479|1480|1481|1482
038	1477
039	1477|1478|1479|1480|1481|1482
040	1477
041	1478|1479|1480|1481|1482
044	1478|1479|1480|1481|1482
05	1477
06	1485|1487
07	1478
08	1477|1478|1479|1480
084	1477|1478|1479|1482
085	1480|1481
09	1493
1	1477|1478|1479|1480|1481|1482|1483|1484|1485|1486|1487|1488|1489|1493|1494|1495
1-50	1480
10	1478|1480|1483|1487|1488|1490|1492|1493|1494
100	1477|1478|1479
1000	1477
10050	1477
101	1478|1481
103	1486
105	1478|1484|1495
107	1477|1478|1484|1493
1070s	1477|1481
1074	1477
108	1477|1478|1479|1480|1481|1482|1493
1080s	1481
1089	1481
108th	1482
1095	1478
10NES	1477
10th	1477|1479|1480
11	1478|1480|1483|1485|1486|1487|1488|1489|1492
110	1484
1100s	1477
110th	1481
111	1478|1479|1480|1481|1482
113	1478
114	1478|1487
116	1494
117	1478
118	1481
11th	1479|1482
12	1477|1478|1479|1480|1482|1483|1486|1487|1491|1492
120	1478|1484|1493
121	1477|1486|1493
122	1478|1479|1480|1481|1482
1230s	1478
125	1479
126	1487
127	1477
129	1478|1479|1480|1481|1482
12th	1482
13	1477|1479|1481|1482|1483|1485|1486|1488|1489|1492
130	1484
131	1477|1478|1479|1480|1481|1482
13th	1477|1479|1480
14	1481|1482|1483|1495
144	1485|1492
145452	1479
145th	1482
146	1477
1476	1477
14th	1478
15	1478|1480|1481|1482|1483|1485|1486|1488|1489|1492|1494|1495
150	1478|1479|1480|1481|1482
151	1484
152	1480
1526	1477
155	1484|1493
157	1485|1495
1570s	1477
1571	1477
157th	1479|1482
15miles	1480
16	1480|1483|1487|1492|1495
160	1478
1600	1477
161	1485
1624	1480
163	1484
165	1484
1660	1481
1662	1482
167	1477
16Volt	1477
16th	1480
17	1477|1483|1486|1495
170	1478
172	1477|1484
174	1478|1479|1480|1481|1482
175	1484
178	1483
18	1479|1480|1481|1482|1483|1486|1487
180	1478
181	1493
1811	1482
1812	1482
1825	1482
182nd	1479
183	1493
1834	1479
1893	1478
1896	1488
1897	1477
18th	1482
19	1483|1485|1486|1487|1494|1496
1900	1479
1906	1477|1478
1909	1477
1915	1480
1916	1480
1918	1480
1919	1481
192	1485
1920	1477
1923	1479
1928	1480
1929	1479|1481
1931	1481
1933	1480
1936	1482
1938	1479
194	1493
1941	1478|1482
1942	1478
1948	1477|1479|1481
195	1477
1951	1478|1482
1952	1480
1953	1481
1954	1481
1955	1477
1958	1481|1482
1959	1477|1481|1482
196	1478|1479|1480|1481|1482
1960	1479|1482
1961	1480
1962	1479|1480
1963	1481
1964	1482
1966	1481
1967	1481
1969	1480
1970	1480|1481|1488
1970s	1477
1971	1488
1972	1477|1479|1480
1973	1477|1480
1974	1477
1975	1477|1479
1979	1477|1479|1480|1482
1980	1480|1482
1980s	1481
1982	1479|1482
1983	1482
1984	1481
1986	1481|1482
1988	1479
1989	1481
1990	1478|1479|1481|1488
1991	1481|1488
1993	1478
1994	1477|1480
1996	1480|1483
1997	1477|1478|1479
1998	1479
1999	1480
19th	1480
1st	1477|1479|1480|1481|1482
2	1477|1478|1479|1480|1481|1482|1483|1484|1485|1486|1487|1488|1490|1491|1493|1494|1495
2-10-2	1481
2-6-2	1481
20	1477|1479|1481|1482|1483|1486|1488|1495
20-point	1482
200	1477|1478|1479|1480|1481|1482|1484
2000	1480|1481
2000s	1479|1480|1481
2001	1480
2002	1479|1480|1482
2003	1478|1480|1482
2004	1477|1478|1479|1480|1481|1482
2005	1479|1480|1482
2006	1477|1478|1479|1480|1481|1482
2007	1477|1478|1479|1480|1481|1482|1483
2008	1477|1478|1479|1480|1481|1482|1483|1496
2009	1477|1478|1479|1480|1481|1482|1483
201	1482
2010	1477|1478|1479|1480|1481|1482|1483|1488
2010-05	1478
2010-11	1480
2011	1477|1478|1479|1480|1481|1482|1483|1488|1489|1491
2012	1477|1478|1479|1480|1481|1482|1483|1484|1485|1487|1490|1492|1493|1494|1495
2012-03	1477
2012-05	1479
2012-09	1482
2012-11	1481
2012-2013	1483
2013	1477|1478|1479|1480|1481|1482|1483|1486|1488|1496
2013-01	1483
2017	1481
2024	1477
2030	1479
2040	1477
20th	1482
20th-century	1479
21	1480|1482|1483|1485|1486|1487|1495|1496
2110s	1477
213	1484
2130s	1477
2150s	1477
216	1477
2160s	1477
2170s	1477
2180s	1477
219	1478|1479|1480|1481|1482
21st	1481
22	1480|1481|1482|1483|1485|1489|1492|1494|1495|1496
221B	1482
223	1477|1478|1479|1480|1481|1482
224	1477
226	1493
227	1478|1479|1480|1481|1482
23	1482|1483|1485|1486|1487|1490|1493|1494
234	1484
23rd	1479
24	1480|1484|1488|1493
243	1480
24SevenOffice	1477
24p	1482
24th	1477
25	1478|1480|1483|1486|1487|1488|1491|1494|1495
25th	1482
26	1477|1478|1479|1480|1483|1484|1485|1491|1494
267	1483
27	1478|1482|1483|1486|1495
272	1484|1495
273	1484
275	1483
276	1477
277	1484
278	1478|1479|1480|1481|1482
278th	1481|1482
28	1483
283rd	1482
29	1483|1484|1488|1493|1494|1495
29th	1481
2C-B	1477
2C-C	1482
2C-E	1482
2C-T-2	1482
2C-T-8	1481
2D	1481
2GB	1481
2nd	1478|1479|1481|1482
3	1477|1478|1479|1480|1481|1482|1484|1485|1486|1487|1490|1494|1495
30	1477|1485|1487|1492|1493|1495
30-378	1479
300	1481
301	1477|1478|1479|1480|1481|1482
303	1481
304	1477
306	1478|1479|1480|1481|1482
309	1477|1478|1479|1480|1481|1482
30s	1481
30th	1481|1482
31	1477|1481|1483|1485|1486|1492|1496
31st	1479
32	1485
323	1477
324	1478|1479|1480|1481|1482
326	1478|1479|1480|1481|1482
327	1477
327th	1479
32d	1481
33	1479|1483|1485|1486|1494|1495
332d	1480
333	1484|1485
33rd	1479
35	1477
352	1486
357	1480
36	1493|1494
360	1480
360networks	1477
364	1477|1478|1479|1480|1481|1482
369th	1477
36th	1478|1482
37	1478|1484|1495
370th	1481
374	1477|1478|1479|1480|1481|1482
376	1477
378	1478|1479|1480|1481|1482
37th	1481|1482
38	1479|1485|1487|1490
380	1479|1481
38th	1479
39	1482|1486
3AW	1478
3B1	1480
3D	1479|1481
3G	1482
3H	1480
3d	1479
3e	1478
3rd	1477|1478|1480|1481|1482
4	1477|1478|1479|1480|1481|1482|1483|1484|1485|1486|1487|1488|1491|1493|1494|1495
4-8-2	1481
4-8-4	1481
40	1477|1479|1481|1483|1484|1494
400	1478
401	1477
402	1478|1479|1480|1481|1482
409	1477|1478|1479|1480|1481|1482
41	1481|1483|1486|1487
411	1477
414	1478|1479|1480|1481|1482
419eater	1482
42	1479|1486|1487|1495
42nd	1478|1481
438	1477
439	1477|1478|1479|1480|1481|1482
44	1487
441	1478
442	1479|1482
443	1480|1481
443335437	1491
446222479	1489
45	1477|1487
45-70	1482
452	1484
45th	1477
4676th	1477
46th	1482
47	1482|1488
4700th	1482
4728th	1482
4735th	1477
4780th	1477
47th	1482
48	1486|1492|1493|1494|1495
485	1477
487	1477|1478|1479|1480|1481|1482
488	1480|1481
48th	1479|1480
49	1482|1487|1495
490	1477|1478|1479|1480|1481|1482
490s	1482
494433822	1480
494433844	1479
494433860	1478
494433904	1477
495865985	1484
499	1482
4G	1477|1479|1482
4th	1477|1480
5	1477|1478|1479|1480|1481|1482|1483|1484|1486|1487|1488|1489|1491|1492|1493|1494|1495
50	1477|1491
500	1479|1481|1482
500342209	1494
501	1477
501st	1481
503	1478|1479|1482
504	1480|1481
51	1486|1488|1492|1493
510591922	1495
514th	1479
515th	1479
516	1477
518th	1479
519226517	1492
519340824	1485
519365747	1490
519th	1479
52	1485|1486|1488|1493|1494
521028742	1493
528675198	1487
529313851	1482
529314067	1481
52d	1481
52nd	1482
53	1485|1493
530594725	1483
535928954	1496
537521231	1488
537910913	1486
538	1477
540	1478|1479|1480|1481|1482
542	1477
542nd	1481
543	1478|1479|1480|1481|1482
548	1477
55	1479
550	1478|1479|1480|1481|1482
552	1477|1478|1479|1480|1481|1482
55565	1482
558	1480|1481
563	1478|1479|1482
57	1478|1487|1493
58	1493
580	1477
59	1485
592	1478|1479|1480|1481|1482
593	1477
594	1479
5mm	1481
5th	1482
6	1477|1478|1479|1480|1481|1482|1483|1485|1486|1487|1489|1491|1492|1494|1495
60	1487
602	1477
604	1478|1479|1480|1481|1482
60th	1477
61	1485
62	1485|1486
624th	1477
626	1477
62mm	1477
630	1477
634	1478|1479|1480|1481|1482
635	1478|1479|1480|1481|1482
64	1478
65	1484|1491|1493
66	1484
661	1477
662	1478|1479|1480|1481|1482
666	1482
675	1477
677	1477
678	1477|1478|1479|1480|1481|1482
68	1484|1494
681	1478|1479|1480|1481|1482
691	1477|1478|1479|1480|1481|1482
694	1477|1478|1479|1480|1481|1482
696	1477|1478|1479|1480|1481|1482
697	1477
69th	1481
6V6	1477
6th	1479
7	1477|1478|1479|1480|1481|1482|1485|1486|1488|1489|1491|1492|1493|1495
701	1478|1479|1480|1481|1482
704	1477|1478|1479|1480|1481|1482
705	1477
706	1477|1478|1479|1480|1481|1482
7068	1482
707	1477|1478|1479|1480|1481|1482
708	1478|1479|1480|1481|1482
71	1484
713	1484
715	1477
71st	1481
724	1480
727	1478|1479|1480|1481|1482
73	1480
732	1477|1478|1479|1480|1481|1482
734	1478|1479|1480|1481|1482
738	1480
739	1481
748	1479|1482
75	1478|1494
750	1478
76	1493
76th	1482
77	1478|1491
78	1487
787	1477
792	1478|1479|1480|1481|1482
797	1477
798	1491
7mm	1479
7th	1477|1481
8	1477|1478|1479|1480|1481|1482|1485|1487|1488|1490|1494|1495
80	1478|1480|1484|1495
802	1478|1479|1480|1481|1482
805	1477
8051	1482
806	1478|1479|1480|1481|1482
82	1486|1488|1495
829	1477
82nd	1482
83	1481|1482|1490|1495
830	1478|1479|1480|1481|1482
838	1477
839	1478|1479|1480|1481|1482
84th	1479
86	1493
86th	1477
87	1482|1486
875	1477
877	1478|1479|1480|1481|1482
878	1477
88	1485
880	1477|1478|1479|1480|1481|1482
880s	1480
883	1480
89	1479|1488
8th	1481
9	1477|1478|1479|1480|1481|1482|1483|1485|1486|1487|1489|1495
9-12	1478
90	1477
900	1479
901	1481
90th	1478
911	1477
913	1478|1479|1480|1481|1482
921	1478
92nd	1479
930	1477
932	1478|1479|1480|1481|1482
94	1478
948	1477|1478|1479|1480|1481|1482
957	1477
958	1477|1478|1479|1480|1481|1482
96	1482|1485
961	1478|1479|1480|1481|1482
970	1477
971	1478|1479|1480|1481|1482
98	1478
991	1477
995	1478|1479|1480|1481|1482
9K115-2	1478
A	1477|1478|1479|1480|1481|1482|1483|1484|1485|1486|1487|1488|1489|1490|1491|1492|1493|1494|1495|1496
A-flat	1479
A-weighting	1478
A160	1478
A320	1477
A4008	1482
A4061	1482
A6	1479
AB	1480|1481
ABAP	1479
ABBA	1480
ABC	1480
ABCs	1481
ABP	1481
AC	1477|1479|1481|1482
AC72	1481
ACBS	1479
ACC	1481
ACD	1479
ACIS	1477
ACP	1479|1481
ACT	1480
AE	1482
AES	1477
AFL	1479|1482
AHICE	1495
AIM-54	1478
AJPW	1478
AK-47	1478
AM	1485
AMX-13	1478
ARTIST	1485
AT-802	1480
AW197	1482
AW50	1482
AWM	1481|1482
Aaker	1477
Aalto	1477
Aaroh	1481
Aaromale	1480
Ab	1477
Abasgoi	1481
Abbado	1481
Abbas	1477|1481|1482
Abbasi	1481
Abbey	1479
Abbeyville	1482
Abbott	1477
Abbotts	1480
Abboud	1477
Abbreviation	1482
Abd	1479
Abdallah	1484
Abdel	1478|1484
Abdelfatah	1479
Abdias	1482
Abdominoplasty	1480
Abdoulay	1477
Abdul	1477|1478|1480|1484
Abdulino	1481
Abdulinsky	1482
Abdulkadir	1478
Abdullah	1481|1482
Abdullayev	1484
Abdusalom	1484
Abdylaqim	1478
Abe	1479
Abela	1482
Abelt	1478
Abenaki	1479
Abercrombie	1477|1481
Aberdeen	1480|1481
Abergwyngregyn	1480
Abhira	1481
Abigail	1477
Abiha	1477
Abinsky	1482
Abiogenesis	1481|1482
Abiqui	1479
Abithana	1481
Abkhazia	1480
Able	1481
Ablett	1482
Abortion	1477|1481|1482
Abotani	1482
About	1477|1478|1479|1480|1481|1482|1483|1484|1485|1486|1487|1488|1489|1490|1491|1492|1493|1494|1495|1496
Above	1478
Abra	1482
Abraham	1479|1481
Abrahamic	1480
Abrams	1482
Abri	1481
Abro	1482
Abrus	1477
Abruzzo	1482
Absence	1479
Abshir	1480
Absolute	1478
Abstinence	1479
Abstract	1477
Abu	1479|1480|1481|1482
AbuSulayman	1480
Abul-Abbas	1480
Abutig	1477
Abutilon	1482
Abzug	1480
Acacia	1479|1482
Academic	1477|1478|1479|1480|1482
Academy	1479|1481|1482|1487|1488|1495
Acand	1481
Acarigua-Araure	1486
Accent	1477|1481
Acceptance	1481
Access	1477|1479|1482
AccessKenya	1480
Accident	1478
Accidental	1481
Acclamation	1481
Accolade	1482
Accrington	1482
Accuracy	1477|1479|1481|1482
Ace	1481|1482
Acela	1479
Acepromazine	1482
Acer	1480|1482
Aces	1480
Acetoacetic	1479
Acetone	1480|1482
Acetylcholine	1479|1481
Acetylcysteine	1481
Acetyllysine	1479
Achada	1480
Achalasia	1477
Acheson	1484
Achievement	1482
Achill	1480
Achillea	1482
Achilles	1481
Achinet	1480
Achternbusch	1479
Achyranthes	1482
Acid	1479|1481
Acid3	1479|1480|1482
Acinetobacter	1479
Acknowledgment	1486
Acland	1479
Aclima	1480
Acne	1477
Acochlidium	1478
Aconitum	1481
Acorn	1480|1481
Acoustic	1477|1482
Acquaviva	1479
Acqui	1479
Acquired	1482
Acral	1482
Acre	1481
Acree	1482
Acrochordon	1481
Acromyrmex	1477
Acronym	1477
Acrospiroma	1482
Act	1477|1481|1482
Acta	1479|1481|1482
Actigraphy	1481
Actinomyces	1482
Action	1477|1478
Actions	1477|1478|1479|1480|1481|1482|1483|1484|1485|1486|1487|1488|1489|1490|1491|1492|1493|1494|1495|1496
Active	1479|1481|1482
Activia	1482
Activin	1477
Activity	1477
Acton	1480
Actor	1477
Actors'	1477
Acts	1479
Acuff	1482
Acura	1477
Acurio	1479
Acushnet	1480
Acute	1478|1479|1481|1482
Acworth	1480
Ad	1477|1482
AdBlock	1479
Adagio	1479
Adair	1479
Adalhat	1482
Adam	1481|1484
Adam-12	1479
Adam4Adam	1480
Adama	1480
Adami	1478
Adamou	1479
Adamovi	1482
Adamovsky	1482
Adams	1477|1479|1480|1481|1482|1484
Adani	1477
Adansonia	1482
Adaptations	1481
Adaptive	1477
Adbusters	1477
Addams	1479
Addax	1483
Addiction	1482
Adding	1478
Addison	1478
Ade	1480
Adebanji	1480
Adecco	1477
Adelaida	1478
Adelaide	1477|1478|1480
Adele	1482
Adelman	1477
Adelphopoiesis	1479
Ademi	1478
Aden	1480
Adenauer	1481
Adeney	1484
Adenoma	1482
Adepitan	1480
Adeyemi	1478
Adhesive	1478
Adhikari	1481
Adi	1482
Adib	1481
Adigal	1482
Adilson	1482
Adio	1482
Adiposogenital	1482
Adir	1477
Adjournment	1479
Adjuntas	1479
Adjustable-focus	1478
Adkins	1477
Adler	1479|1481
Adliya	1491
Administration	1479
Admiral	1480
Admiralty	1478
Admission	1479
Admissions	1486
Adobe	1477|1480|1482
Adolescent	1482
Adolf	1479
Adolph	1495
Adonis	1482
Adoptive	1480
Adorno	1482
Adrafinil	1482
Adrenocorticotropic	1482
Adrian	1480|1482
Adriana	1479
Adu	1478
Adult	1482
Advaita	1482
Advanced	1479|1481|1482
Advancement	1495
Advancing	1478
Advent	1480|1481
Adventures	1477
Adventus	1480
Advertising	1479|1480|1481|1482
Advil	1477
Advocate	1480
Ady	1481
Adygeysk	1482
Adyghe	1481
Aegopodium	1481
Aeonium	1482
Aer	1481
Aerial	1479|1482
AeroLogic	1480
Aerobie	1478
Aeromonas	1478
Aeronomy	1481
Aerts	1479
Aerzen	1478
Aesculus	1477|1481
Aesthetic	1486
Aesthetics	1480|1481|1486
Aethalida	1479
Aether	1482
Aethiopia	1482
Aetolian	1479
Afable	1482
Afanasyeva	1481
Affair	1479
Affairs	1478
Affective	1477
Affiliate	1482
Affiliation	1480
Affinity	1482
Affirmative	1480
Afghan	1478|1479
Afghanistan	1478|1481
Aflac	1482
Afolahan	1478
Afrasiabi	1479
Africa	1477|1482
African	1477|1478|1479|1480|1481|1484|1487|1495
Afrikaans	1479|1485|1486
Afrikanda	1478
Afrikaner	1479|1481
Afrin	1477
Afro-Germans	1480
Afro-textured	1481
Aftermath	1477|1479|1480|1481
Against	1477
Agamidae	1480
Agapetus	1478
Agassiz	1481
Agave	1479
Agdash	1481
Age	1477|1479
Agee	1481
Agent	1479|1481
Ages	1477
Aggadah	1477
Aggieville	1478
Aggressive	1479
Aghori	1477
Aghwee	1477
Agidel	1478
Agle	1479
Aglipay	1481
Agnes	1481
Agnew	1480
Agnos	1480
Agoge	1480
Agony	1480
Agraphobia	1479
Agrawal	1477|1481
Agreement	1479|1481
Agricultural	1479
Agriculture	1478
Agrimonia	1481
Agrippa	1477
Agro	1477
Agryz	1478
Aguada	1479
Aguadilla	1479
Aguayo	1479
Aguilar	1477|1480|1481
Aguilera	1481
Aguirre	1479|1480
Agustin	1479
Ahearn	1477
Aheria	1481
Ahern	1480
Ahl	1478
Ahluwalia	1481|1484
Ahmad	1477|1479|1484
Ahmadi	1478
Ahmadiyya	1477|1479
Ahmed	1477|1478|1479|1481
Ahmedabad	1481
Ahnenerbe	1479
Ahoy	1477
Ai	1477
Aibiki	1480
Aicardi	1484
Aichi	1478
Aidchild	1479
Aigner	1481
Aihui	1479
Aiken	1478
Ailes	1478
Ainu	1479|1481
Air	1477|1478|1479|1480|1481|1482
Air-to-air	1480
AirCare	1480
AirWatch	1479
Airband	1479
Airborne	1478|1479|1482
Airbus	1477
Aircraft	1477|1478|1479|1481
Aircraftman	1481
Aircrew	1481
Airdrie	1479
Airflow	1480
Airlines	1477
Airship	1477
Airsoft	1480
Airwolf	1478
Airy	1481
Aisby	1479
Aise	1479
Aiwass	1481
Ajac	1478
Ajak	1480
Ajattara	1478
Ajmeri	1480
Ajunwa	1477
Ak-Chin	1480
Ak-Dovurak	1477
Akademi	1487|1488
Akademie	1495
Akatziroi	1480
Akbar	1478
Akhmadulina	1480
Akhtar	1477|1479|1480
Akhtubinsk	1478
Akhty	1478
Akintoye	1480
Akita	1477
Akiyoshi	1480
Akoko	1480
Akron	1477|1480
Al	1477|1480|1481
Al-Ahsa	1480
Al-Arqam	1477
Al-Barakat	1480
Al-Hasa	1478
Al-Khwarizmi	1478
Al-Qaeda	1480
Al-Raed	1477
Alabama	1480
Alagir	1478
Alahan	1477
Alam	1484
Alamo	1478
Alan	1477|1478|1480
Alanzinho	1477
Alaotra	1478
Alaska	1478
Alatyr	1478
Albania	1478
Albanian	1480
Albany	1480
Albari	1477
Albatross	1480
Albay	1478
Albers	1480
Albert	1478|1484|1488
Albin	1484
Albirex	1477
Alburgh	1478
Alcatraz	1477
Alchemist's	1480
Alcott	1480
Alda	1477
Aldan	1478
Alderman	1480
Aldiss	1478
Alegre	1478
Alejo	1484
Aleksandersen	1478
Aleksin	1478
Alem	1478
Alemannisch	1485|1486
Aleph	1477
Alex	1484
Alexander	1478|1480
Alexandre	1478
Alexandrov	1478
Alexandrovsk-Sakhalinsky	1478
Alexeyevka	1477
Alfalfa	1478
Alfonso	1478
Alfred	1484|1486
Alga	1478
Algarve	1477
Ali	1479|1480
Alibel	1478
Alice	1478|1484
Alisaffi	1484
Alive	1480
Aliyev	1480
Alksnis	1480
All	1477|1478|1479|1480|1481|1482|1483
All-Star	1478|1480
Allahabadi	1478
Allegro	1479
Allen	1478|1480
Alliance	1477|1480
Allison	1478|1480
Allodial	1480
Allyn	1480
Alma	1478
Almer	1478
Almetyevsk	1478
Almezaan	1478
Alonso	1478
Alopecia	1478
Alpert	1488
Alphabet	1480
Alphington	1478
Alphitomancy	1480
Alphonsi	1478
Alqattan	1484
Alt	1484
Altai	1484
Altered	1495
Alterna	1478
Alternating	1480
Alternative	1480|1483
Altitude	1478
Altmark	1480
Alto	1480
Alton	1480
Altona	1480
Altos	1480
Altran	1478
Altuna	1484
Aluminium	1478
Alvarez	1480
Alvis	1480
Always	1480
Alzamay	1478
Amaechi	1478
Amaral	1484
Amarillo	1478
Ambarchik	1478
Amber	1478
Amendment	1479|1482
Amer	1478
Amerias	1478
American	1477|1478|1479|1480|1481|1484|1486|1488
Americans	1478
Americas	1478
Amin	1484
Among	1478
Amos	1480|1484
Amplifier	1483
Ampullarioidea	1478
Amstutz	1478
Amursk	1478
Amy	1484
Amyl	1478
An	1478
Anadyr	1478
Analysis	1482
Analytic	1478
Anand	1484
Anani	1478
Anapa	1478
Anarchist	1485
Anatoly	1485
Ancestry	1478
Anderson	1478
Andover	1478
Andreja	1484
Andrews	1482
Angeles	1477|1491
Angelou	1487
Animation	1493|1494|1495
Animator	1484|1494
Anime	1487|1495
Ann	1479|1480
Anna	1485
Anne	1484
Annual	1482
Anonymous	1485
Anthony	1480|1481|1484
Anthropotechnic	1486
Antonio	1488
Application	1479
April	1477|1478|1479|1480|1481|1482|1483
Arab	1477|1479|1481
Aragon	1485|1486
Archer	1481
Architect	1484
Architects	1494
Architecture	1487|1488|1493|1495
Arctic	1477|1479|1481|1482
Argentina-artist-stub	1484
Argentine	1477
Armenian	1479
Armor	1482
Armored	1479|1481|1482
Armoured	1481
Arms	1484
Army	1480
Ars	1488
Art	1480|1484|1486|1488|1491|1492|1493|1494|1495
ArtPrize	1488
ArtWatch	1495
Artangel	1495
Arte	1486|1495
Artes	1486|1495
Arti	1486
Articles	1477|1478|1479|1480|1481|1482|1483|1485
Articles_with_unsourced_statements_from_March_2012	1477
Articles_with_unsourced_statements_from_May_2010	1478
Articles_with_unsourced_statements_from_May_2012	1479
Articles_with_unsourced_statements_from_November_2010	1480
Articles_with_unsourced_statements_from_November_2012	1481
Articles_with_unsourced_statements_from_September_2012	1482
Articles_with_weasel_words_from_January_2013	1483
Artillery	1479
Artis	1495
Artisan	1494
Artisans	1485|1494
Artist	1484|1485|1486|1487|1488|1494|1495
Artist's	1486
Artist-in-residence	1495
Artist-run	1495
Artist-stub	1484
Artist_stubs	1484
Artistas	1495
Artistes	1495
Artistic	1486|1494|1495
Artistry	1486
Artists	1484|1485|1486|1488|1489|1494|1495
Arts	1486|1487|1488|1489|1490|1491|1492|1493|1494|1495|1496
Arts-related	1486|1487
Arts-related_lists	1487
Arts_awards	1488
Arts_by_culture	1489
Arts_by_place	1490
Arts_districts	1491
Arts_events	1492
Arts_genres_by_country_or_nationality	1493
Arts_occupations	1494
Arts_organizations	1495
Arts_portal	1496
Artsmark	1488
Arturo	1484
Arvid	1484
Ashley	1482
Asia	1477|1478
Asian	1479|1482
Asikainen	1484
Asola	1484
Aspects	1481
Association	1477|1478|1495
Associations	1495
Astarita	1484
Asturianu	1486
Atl	1477
Atlantic	1480
Atopia	1495
Attling	1484
Attribution-ShareAlike	1477|1478|1479|1480|1481|1482|1483|1484|1485|1486|1487|1488|1489|1490|1491|1492|1493|1494|1495|1496
August	1477|1478|1479|1480|1481|1482|1483|1488|1489|1491|1496
Austral	1479
Australia	1481
Australian	1477|1478|1480|1484
Austrian	1488
Ava	1486
Avenue	1477|1478|1481|1482|1491
Awakening	1480
Award	1488
Awards	1487|1488
Aymar	1486
Az	1485|1486
Azerbaijan	1483
Aziz	1484
Azulay	1485
B	1477|1478|1479|1480|1481|1482|1483|1484|1485|1486|1487|1488|1491|1492|1495
BD	1495
BEST	1485
Babelmed	1495
Babylon	1482
Bahasa	1485|1486|1487|1490|1493|1494|1495
Baker	1482|1484
Bakr	1481
Baku	1478
Bangalore	1481
Bangladesh	1477
Bank	1481|1482
Banyumasan	1486
Bar	1483
Barber	1484
Barbier	1484
Barcelona	1478|1481
Barker	1484
Baronet	1480
Basa	1486
Base	1477
Baseball	1478|1482
Basel	1477
Basketball	1477
Baso	1486
Bates	1484
Battalion	1477|1478
Battle	1477
Beach	1480
Beatles	1482
Beck	1484
Beds	1483
Bekhnazarov	1484
Bekker	1484
Belfast	1491
Belgium	1488
Belgorod	1477
Bell-Smith	1484
Bella	1480
Bellas	1484
Belle	1481
Benedict	1477
Benischek	1484
Benjamin	1484
Bennett	1484
Benshetrit	1484
Berdecio	1484
Berle	1477|1481
Berlin	1495
Bernard	1484
Berta	1482
Bertie	1480
Better	1477
Bhabha	1484
Bibliography	1486
Bicentenary	1488
Bielutin	1484
Big	1479|1481
Bikol	1478|1486
Bill	1484
Billy	1484|1487
Binkley	1484
Binns	1484
Biography	1496
Bishopsgate	1477
Bitiya	1479
Bla	1484
Blak	1484
Blake	1484
Blank	1477
Blind	1485
Blue	1478
Bluestone	1484
Bo	1479
Boarisch	1485|1486|1487|1488|1495
Bobby	1484
Bodla	1484
Boeing	1478
Boese	1484
Bonnaroo	1478
Bonnie	1479
Border	1481
Bosanski	1485|1486|1487
Boston	1477|1480
Boudin	1483
Boultbee	1484
Bowl	1482
Boxes	1482
Boy	1482
Brad	1484
Bradley	1484
Branden	1478
Brass	1480
Brazilian	1484
Breakdown	1480
Brewing	1481
Brezhoneg	1485|1486
Brian	1478
Bridge	1482
Brigade	1477|1479|1481|1482
Britain	1477
British	1481|1488
Broad	1491
Broadcast	1484
Broadway	1479|1482
Bromstad	1484
Bronson	1480
Bronx	1488
Bruno	1486
Buin	1480
Burma	1480
Bus-Tops	1492
Buses	1480
Butcher	1481
Byars	1484
Byrne	1483|1484
C	1477|1478|1479|1480|1481|1482|1483|1484|1485|1486|1487|1488|1489|1490|1491|1492|1493|1494|1495|1496
CBS	1479
CPR	1483
California	1487
Cambodia-artist-stub	1484
Campaign	1495
Campbell	1484
Canada	1481|1483
Canadian	1477|1484
Canara	1481
Cancri	1477|1479
Cannespoint	1485
Cannings	1480
Canvas	1479
Canyon	1477
Capitol	1495
Cards	1477
Caribbean	1484
Caricaturist	1495
Carina	1482
Carl	1484
Carlile	1484
Carlos	1484
Carol	1484
Carolina	1488
Carrier	1478
Cartoon	1488
Cartoonist	1484
Caruana	1484
Carving	1486
Casagemas	1484
Casson	1488
Cast	1478
Catal	1481|1485|1486|1487
Categories	1484|1485|1486|1487|1488|1489|1490|1491|1492|1493|1494|1495|1496
Category	1477|1478|1479|1480|1481|1482|1483|1484|1485|1486|1487|1488|1489|1490|1491|1492|1493|1494|1495|1496
Cathedral	1491
Cavalry	1479|1481|1482
Cebuano	1486
Cellars	1478
Celta	1482
Censorship	1486
Center	1482|1488|1491|1495
Central	1486
Centre	1495
Centro	1495
Cesar	1480
Challenge	1477|1481
Champions	1477
Championship	1478|1479|1480
Championships	1482
Chao	1484
Charles	1483|1484|1488
Chase	1479
Chateau	1495
Chavacano	1486
Check	1478
Chesa	1483
Chess	1487
Chetanya	1481
Chi	1484
Chi-Tak	1484
Chicago	1480|1491
Chief	1494
Child	1481|1495
Children's	1480
Chilean	1480
Chin	1484
China	1483
Chinese	1484
Ching	1484
Chini	1484
Chintamani	1481
Chioma	1477
Choe	1484
Chorbachi	1484
Choubrac	1484
Chris	1479|1485
Christian	1480|1485
Christianity	1479
Christina	1477|1481
Christoph	1484
Christopher	1480
Chrome	1479
Chu	1485
Chuvash	1478
Cicka	1485
Cielo	1477
Cigars	1477
Cindy	1482
Cinema	1489|1493
Cinemas	1480
Citation	1477|1478|1479|1480|1481|1482
Citations	1478
City	1478|1479|1482
Civic	1482
Civica	1487
Classic	1478
Classical	1482
Classification	1486
Claudio	1481
Clay	1478
Clean	1477|1478|1479|1480|1481|1482|1483
Cleanup	1478
Cleary	1484
Clore	1495
Club	1477|1479
Clyde	1479
Coalition	1483
Coast	1482
Cobb	1485
Cobra	1482
Coldingham	1482
Collection	1478|1495
College	1482
Colleges	1477
Colombian	1488
Colomer	1484
Colorado	1482
Colorist	1494
Colt	1479
Combat	1477|1479|1481|1482
Comedy	1493
Comic	1484|1493
Comics	1484|1493
Comics-related	1487|1495
Command	1482
Commerce	1479
Commissars	1478
Commission	1495
Committee	1478|1495
Commons	1477|1478|1479|1480|1481|1482|1483|1484|1485|1486|1487|1488|1489|1490|1491|1492|1493|1494|1495|1496
Communist	1477
Communities	1480
Community	1477|1478|1479|1480|1481|1482|1483|1484|1485|1486|1487|1488|1489|1490|1491|1492|1493|1494|1495|1496
Company	1478
Computer	1480|1482
Conference	1477|1478|1479
Congress	1477|1478|1479|1488
Connolly	1484
Conservation	1495
Conservation-restoration	1487
Conservator-restorers	1494
Constitution	1479|1482
Contact	1477|1478|1479|1480|1481|1482|1483|1484|1485|1486|1487|1488|1489|1490|1491|1492|1493|1494|1495|1496
Container	1495
Contemporary	1493|1495
Contents	1477|1478|1479|1480|1481|1482|1483|1484|1485|1486|1487|1488|1489|1490|1491|1492|1493|1494|1495|1496
Context	1486
Convention	1479|1480|1482
Cookbook	1480
Coppersmith	1494
Corbon	1478
Corps	1477|1479|1481|1482
Corrective	1481
Corrina	1484
Corsu	1486
Cosini	1484
Cougars	1481
Cough	1483
Council	1481|1495
Courtenay	1491
Crafts	1486
Craig	1485
Cranston	1484
Creadores	1495
Create	1477|1478|1479|1480|1481|1482|1483|1484|1485|1486|1487|1488|1489|1490|1491|1492|1493|1494|1495|1496
Creative	1477|1478|1479|1480|1481|1482|1483|1484|1485|1486|1487|1488|1489|1490|1491|1492|1493|1494|1495|1496
Creativity	1486
Creel	1484
Creighton	1482
Crew	1477
Crossroads	1491
Crush	1479
Crystal	1478
Cuba	1495
Culinary	1486
Cullen	1484
Cultural	1486|1487|1488|1491|1492|1495
Culture	1486|1488|1490|1491|1495
Cultures	1489
Cunningham	1481
Cup	1477|1478|1479|1480|1481|1482
Current	1477|1478|1479|1480|1481|1482|1483|1484|1485|1486|1487|1488|1489|1490|1491|1492|1493|1494|1495|1496
Cuzner	1484
Cymraeg	1486
Cypriot	1478|1479
Cyril	1484
Czechoslovak	1481
D	1477|1478|1479|1480|1481|1482|1483|1484|1485|1486|1487|1488|1491|1493|1494|1495|1496
DYK	1496
Dakota	1480
Dallas	1491
Dan	1478
Dance	1493|1495
Dance-related	1487
Daniele	1484
Danish	1488
Dansk	1484|1485|1486|1488
Daughters	1486
David	1477|1484
Davies	1484
Day	1477|1479|1492
Days	1479|1481
De	1487
Deaf	1485
Death	1481
Debbie	1478
Decadence	1477
December	1477|1478|1479|1480|1481|1482|1483|1487
Decimal	1486
Decorative	1495
Dee	1480
Defacement	1486
Defence	1481
Defense	1477|1479|1482
Deganga	1477
Delphic	1495
Democratic	1479|1480|1481
Denis	1484|1485
Dennett	1484
Dennis	1485
Desai	1485
Deserts	1481
Design	1478|1486|1488|1494|1495
Design-bio-stub	1484
Design-related	1487
Designers	1495
Detachment	1482
Deutsch	1485|1486|1487|1488|1495
Developmental	1477
Developments	1480
Devereux	1484
Devon	1478
Dhabi	1481|1482
Diasporan	1487|1495
Digital	1495
Dimension	1480
Director	1484
Disability	1486
Disclaimers	1477|1478|1479|1480|1481|1482|1483|1484|1485|1486|1487|1488|1489|1490|1491|1492|1493|1494|1495|1496
Disputes	1478
District	1482|1491
Divisi	1477|1480|1482
Division	1478|1479|1480|1481|1482
Do	1477|1478|1479|1480|1481|1482|1483
Doctor	1482
Dodd	1484
Dolnoserbski	1485|1486
Domingo	1484
Dominican	1484
Domus	1483
Donate	1477|1478|1479|1480|1481|1482|1483|1484|1485|1486|1487|1488|1489|1490|1491|1492|1493|1494|1495|1496
Doors	1495
Dorian	1481
Dorogi	1478
Dorpel	1484
Doug	1477
Dowell	1484
Download	1477|1478|1479|1480|1481|1482|1483|1484|1485|1486|1487|1488|1489|1490|1491|1492|1493|1494|1495|1496
Downtown	1491
Doyle	1484
Dr	1477
Draft	1477|1482
Dragons	1482
Drawing	1495
Dream	1482
Dreyfus	1482
Drive	1477
Drogheda	1481
Dror	1484
Drugs	1477
Due	1495
Duke	1480
Dunand	1484
Dungeons	1482
Duranti	1487
Dyer	1485
E	1477|1478|1479|1480|1481|1482|1483|1484|1486|1487|1491|1492|1495
EU	1492
East	1491
Economics	1486
Eczac	1483
Eddie	1482
Eden	1477
Edit	1477|1478|1479|1480|1481|1482|1483|1484|1485|1486|1487|1488|1489|1490|1491|1492|1493|1494|1495|1496
Edmonton	1481
Education	1477
Edward	1484|1488
Eesti	1485|1486|1487
Efva	1484
Eise	1480
El	1495
Electronica	1488
Eleyan	1484
Eliasson	1487
Eliot	1484
Elite	1482
Elizabeth	1484
Elliot	1487
Elliott	1484
Elluin	1484
Ely	1484
Emili	1486
Endre	1481
Engineer	1482|1484
England	1481|1484
English	1477|1478|1479|1480|1481|1482|1484|1485|1486|1487
Entertain	1478
Entertainment	1491
Entry	1482
Enzo	1484
Equipmentman	1481
Equity	1477
Es	1487
Escritores	1495
Espa	1485|1486|1487|1488|1494
Esperanto	1485|1486|1493
Esther	1495
Esthetics	1495
Estreme	1486
Etra	1484
Eugen	1488
European	1484|1487
Euskara	1485|1486|1494
Evaluation	1479
Executive	1477
Exhibition	1486
Expeditionary	1477|1480|1481
Exposition	1481
Express	1479|1480
Extrapool	1495
Eyebeam	1495
F	1477|1478|1479|1480|1481|1482|1483|1484|1485|1486|1487|1488|1492|1493|1494|1495|1496
FC	1477|1478|1479
FCS	1480
FIFA	1479|1480
FK	1482
FM	1482
Fact	1478
Fakhruddin	1479
Fallico	1484
Falls	1491
Family	1479
Fantasia	1479
Fantasy	1487
Faruqi	1484
Fashion	1494
Featured	1477|1478|1479|1480|1481|1482|1483|1484|1485|1486|1487|1488|1489|1490|1491|1492|1493|1494|1495|1496
February	1477|1478|1479|1480|1481|1482|1483|1486|1488
Federation	1495
Fellows	1487|1488
Fellowship	1488
Feminist	1485
Feng	1483
Fergus	1484
Ferguson	1484
Fernandez	1477
Fernando	1478
Ferr	1484
Ferrari	1484
Ferry	1484
Festival	1478
Fictional	1485
Field	1479
Fighter	1479
Fiji	1485|1486
Fijoli	1484
Film	1488|1495
Film-related	1487
Filmmaking	1494
Films	1493
Final	1477
Fine	1486|1495
Fingers	1477
First	1478|1479
Fitch	1481|1484
FlaK	1477
Flandres	1481
Flash	1480|1482
Flatter	1494
Fleet	1478
Flight	1481
Flora	1495
Floral	1494
Florida	1477|1479|1483
Flournoy	1484
Folk	1488
Fondo	1495
Fonsagrada	1479
Food	1494
Football	1477|1482
Football's	1478|1481
Force	1479
Fornasetti	1484
Fort	1477|1479
Fortis	1482
Fortunato	1487
Foundation	1477|1478|1479|1480|1481|1482|1483|1484|1485|1486|1487|1488|1489|1490|1491|1492|1493|1494|1495|1496
Fowler	1484
Fran	1481|1484|1485|1486|1487|1488|1494
France	1479|1481
Francia	1484
Franck	1484
Frank	1478
Frederik	1484
Freedom	1488
Freeman	1485
Freer	1488
Freie	1495
French	1482|1487
Friedrich	1484
Friends	1487|1495
From	1477|1478|1479|1480|1481|1482|1483|1484|1485|1486|1487|1488|1489|1490|1491|1492|1493|1494|1495|1496
Frost	1484
Fry	1487
Frysk	1486
Fuk-lung	1484
Fuks	1485
Fulque	1480
Fund	1495
Fung	1484
Furlan	1486
Furna	1480
Futsal	1477
Futsal's	1480|1481
G	1477|1478|1479|1480|1481|1482|1483|1484|1485|1486|1487|1488|1491|1494|1495
G8	1479
GRE	1484
Ga	1485
Gabriel	1484
Gaeilge	1486
Gaelg	1486|1490
Gagauz	1486
Galego	1486
Galileo	1484
Gall	1479
Gallery	1478|1491
Gallini-Durante	1486
Galust	1484
Galveston	1479
Game	1478|1480|1488|1494
Games	1478|1482|1488|1495
Gammleng	1488
Garc	1484
Garcia	1484
Gary	1482
Gast	1479
Gazzard	1484
Geelong	1477
Geminorum	1478
Gena	1478
Genius	1487
Genre-busting	1486
George	1480|1482|1484|1495
Georges	1484
Georgia	1480|1482
Georgian	1479
Georgieva	1484
Gerard	1484
German	1482
Germany	1478
Geronemus	1483
Gerry	1478
Ghazala	1479
Ghulam	1482
Ghurabaa	1480
Gianni	1485
Gifted	1486
Gilbert	1484
Gilles	1484
Giorgio	1484
Giottino	1484
Giovanni	1484
Giuseppe	1484
Glen	1484
Glossaries	1487
Glowlab	1495
God	1479|1481
Gomez	1484
Gonz	1484
Gopali	1485
Goran	1482
Gorna	1479
Gottlieb	1495
Gouw	1484
Governorate	1480
Grand	1478|1479|1480|1482|1488|1491
Graphic	1484|1486
Grau	1484
Gray	1481
Great	1477|1479
Greater	1483
Greatest	1482
Grebe	1478
Greece	1478
Greek	1482
Green	1480
Greenland	1479
Greenwich	1491
Gregorii	1484
Gregorio	1481
Gregory	1484
Grenadier	1479|1481
Grendel	1481
Grey	1478
Grigoryan	1484
Grippo	1484
Group	1477|1478|1479|1480|1481|1482
Grover	1484
Guard	1477|1480
Guatemalan	1481
Guest	1481
Guido	1486
Guidry	1484
Gulgee	1484
Gulston	1478
Guns	1480
Guttenberg	1484
Gwaii	1481
Gwillim	1484
H	1477|1478|1479|1480|1481|1482|1483|1484|1485|1486|1487|1488|1492|1493|1495
HMAS	1480
Habibullaev	1484
Haida	1481
Hakim	1478
Haleh	1485
Halil	1484
Hamburg	1495
Hamdan	1481
Hammerstein	1488
Hampshire	1480
Handicrafts	1493
Happening	1492
Haraka	1480
Harb	1479
Harm	1484
Harmon	1495
Haroldo	1484
Harri	1484
Hasanbegovi	1485
Heart	1479
Heavy	1481
Hedgebrook	1495
Hedges	1484
Heikki	1484
Helmut	1486
Help	1477|1478|1479|1480|1481|1482|1483|1484|1485|1486|1487|1488|1489|1490|1491|1492|1493|1494|1495|1496
Henry	1484|1485
Herbert	1479
Heritage	1478|1488
Heroes	1482
Heron	1484
Herrera	1484
Heydar	1480
Hhjjj	1486
Hi	1479
Hidden	1477|1478|1479|1480|1481|1482|1483|1485|1495
Hieroglyphics	1485
Higginbotham	1484
High	1478|1479|1481|1486
Hilary	1484
Hill	1488
Hindi	1485|1486
Hiroji	1484
Hirschmeier	1484
Historic	1491
History	1481
Hitler	1479
Hits	1482
Ho-Am	1488
Hockey	1478|1480
Hod	1485
Holmes	1484
Home	1495
Honda	1482
Honduran	1480
Hong	1495
Honors	1488
Horacio	1484
Hornjoserbsce	1485|1486
Hospital	1480
Hours	1478|1479
House	1478|1479
Howell	1484
Hrvatski	1485|1486|1487
Hu	1477
Hulsen	1484
Huma	1484
Human	1483|1486
Humanities	1486
Hummingbird	1478
Hungary	1483
Husarik	1485
Hussein	1484
Hyung-tae	1484
I	1477|1478|1479|1480|1481|1482|1483|1484|1485|1486|1487|1494|1495|1496
IATSE	1487
II	1480|1482
III	1480
IRT	1482
Ian	1485
Ibrahim	1484
Icon	1485
Ido	1485|1486
If	1477|1479|1480|1481|1482|1483
Ignasi	1484
Ikono	1495
Illustrator	1484
Ilokano	1486
Ilse	1481
Image	1496
Images	1485
Immonen	1484
Impacted	1483
Impresarios	1494
Inc	1477|1478|1479|1480|1481|1482|1483|1484|1485|1486|1487|1488|1489|1490|1491|1492|1493|1494|1495|1496
Incident	1480
Independiente	1477
Index	1487
India	1477|1480|1482
Indian	1480|1484|1496
Indianapolis	1479|1481|1482
Indigenous	1485
Individual	1479
Indonesia	1485|1486|1487|1494|1495
Indratma	1484
Industries	1495
Infantry	1477|1478|1479|1481|1482
Information	1482
Ingalls	1484
Initial	1482
Initiative	1495
Inner	1482
Inspiration	1488
Institute	1479|1487|1495
Institutions	1487|1495
Intellectual	1481
Intelligence	1477
Interaction	1477|1478|1479|1480|1481|1482|1483|1484|1485|1486|1487|1488|1489|1490|1491|1492|1493|1494|1495|1496
Interactive	1479|1480
Intercalated	1478
Interdisciplinary	1486
Interlingua	1485|1486
Interlingue	1486
Intermediate	1482
International	1477|1479|1481|1482|1488|1495
Internazionale	1478
Interstate	1477|1483
Intro	1496
Investigation	1478
Iran	1477|1478|1479|1480|1481|1482
Iranian	1477|1481|1484
Iraq	1480
Ireland	1477
Irene	1484
Iris	1482
Irish	1480
Iron	1478
Isao	1484
Island	1480
Israel	1478|1481
Israeli	1477|1481|1484
It	1477|1478|1479|1480|1481|1482|1483|1485|1495
Italia	1477
Italian	1481
Italiano	1485|1486|1487|1490|1494|1495
Italy	1479
Its	1488
Ivan	1484
Ives	1485
Ivi	1479
J	1477|1478|1479|1480|1481|1482|1483|1484|1485|1486|1488|1495
J-Setting	1483
J30	1477
JPMorgan	1479
Jac	1484
Jack	1480
Jackson	1484
Jacobsen	1484
Jain	1481
Jairos	1495
Jamali	1485
James	1484
Jan	1480|1484|1485
Janam	1479
January	1477|1478|1479|1480|1481|1482|1483|1496
Japan	1480|1482|1495
Japanese	1484|1495
Jascha	1483
Javed	1479
Javier	1480|1484
Jawa	1486
Jay	1481
Jayakrishnan	1484
Jayne	1487
Jays	1478
Jealousy	1486
Jean	1484
Jecon	1484
Jill	1484
Jimmy	1484
Jinchi	1485
Jiri	1495
Jiu-Jitsu	1477
Jo	1484
Joachim	1484
Joan	1484
Joe	1484|1488
Johann	1484
John	1478|1479|1481|1484|1485
Johnny	1484
Jones	1477|1484
Jordan	1482
Jordan-artist-stub	1484
Jordi	1484
Jorm	1484
Jos	1484
Joseph	1477
Joyce	1479
Jr	1482|1485
Juan	1485
July	1477|1478|1479|1480|1481|1482|1483|1494
Jump	1477|1478|1479|1480|1481|1482|1483|1484|1485|1486|1487|1488|1489|1490|1491|1492|1493|1494|1495|1496
June	1477|1478|1479|1480|1481|1482|1483|1484
Junior	1478
Juniors	1478
K	1477|1478|1479|1480|1481|1482|1483|1484|1485|1487|1488|1492|1495
KAIROS	1488
KNIE	1495
Kadmon	1481
Kadri	1484
Kaj	1484
Kala	1487|1488
Kalaallisut	1486
Kalidas	1488
Kalinina	1485
Karazhmakaran	1485
Karen	1484
Kari	1484
Karo	1479
Kashmir	1480
Kasz	1486
Kaveh	1479
Kawasaki	1484
Kazakhstan	1478
Kazuo	1484
Keiko	1484
Kenn	1485
Kennedy	1484|1488
Kenneth	1477
Kenya	1478
Kenyan	1482
Ker	1484
Kernowek	1486
Kesteven	1479
Khairkhan	1484
Khairuzzaman	1483
Khalid	1484
Khalifa	1484
Khan	1484
Khanna	1484
Khawar	1484
Khoo	1484
Khuzestan	1479
Kicking	1480
Kijo	1479
Kikuchi	1484
Kim	1478|1484
Kinert	1484
King	1484
Kingdom	1477|1478|1479|1487
Kinyarwanda	1485|1486
Kipke	1484
Kiswahili	1485|1486
Kit	1484
Kitty	1477
Kiyotake	1484
Kline	1485
Kn	1484
Kogoj	1484
Komafest	1492
Kong	1495
Konko	1477
Konrad	1481
Kootz	1486
Kopelman	1484
Koskinen	1484
Kossuth	1488
Krak	1479
Krey	1486
Krishen	1484
Kul	1495
Kulun	1484
Kung	1477
Kurd	1486
Kurdish	1477|1479|1482
KwK	1479
Kwun	1484
Kyoto	1483|1488
L	1477|1478|1479|1480|1481|1482|1483|1484|1485|1486|1487|1488|1493|1494|1495
LGBT	1477|1479|1485|1495
LaRoseNoire	1495
Labour	1479
Ladino	1486
Lahab	1477
Lahore	1478
Laing	1484
Lalit	1487|1488
Lamas	1484
Lance	1482
Lands	1478
Lang	1488
Languages	1477|1478|1479|1480|1481|1482|1483|1484|1485|1486|1487|1488|1489|1490|1491|1492|1493|1494|1495|1496
Lanka	1478
Lardent	1484
Lasting	1483
Latga	1486
Latina	1485|1486|1496
Latvie	1485|1486|1495
Lau	1484
Lauderdale	1477|1479
Law	1478|1481
Le	1478|1484
Leadership	1495
Leadman	1494
League	1477|1478|1479|1480|1481|1482|1483
Leagues	1477
Leandro	1483
Learjet	1480
Lebanon	1478|1479|1481
Lecouvreur	1479
Lee	1484
Legend	1488
Leibstandarte	1479
Lenox	1482
Leonardo	1488
Leung	1484
Li	1484
Liard	1484
Libert	1478
Libertarian	1479
Library	1486|1488
License	1477|1478|1479|1480|1481|1482|1483|1484|1485|1486|1487|1488|1489|1490|1491|1492|1493|1494|1495|1496
Lida	1484
Lietuvi	1485|1486
Life	1490
Liga	1495
Light	1478|1485|1487
Ligure	1486
Limburgs	1486
Limner	1494
Lincoln	1481
Line	1480|1482
Lingus	1481
Linh	1484
Lissoni	1484
List	1477|1478|1480|1481|1483|1484|1487|1488
Lists	1485|1487|1494
Literary	1488|1494
Literature	1486|1487|1493
Liton	1483
Live	1477
Living	1478|1488
Lizzie	1484
Lloyd	1484
Log	1477|1478|1479|1480|1481|1482|1483|1484|1485|1486|1487|1488|1489|1490|1491|1492|1493|1494|1495|1496
Lojban	1486
Lokomotiv	1479
London	1478|1480|1484
Long	1480
Los	1477|1491
Louis	1491
Louisiana	1480
Lowdown	1481
Luetke	1484
Luke	1484
Lumbaart	1486
Lurie	1488
Luxembourg	1482
Lyceum	1479
Lyga	1477
M	1477|1478|1479|1480|1481|1482|1483|1484|1485|1486|1487|1488|1492|1493|1494|1495
M1937	1480
M4	1479
M6A	1478
ML-20	1480
MV	1478
Ma	1484
MacDowell	1488
Macke	1488
Madalena	1491
Maeckelberghe	1484
Maggi	1484
Magic	1483
Magnum	1479
Magyar	1485|1486
Mahmoud	1477
Main	1477|1478|1479|1480|1481|1482|1483|1484|1485|1486|1487|1488|1489|1490|1491|1492|1493|1494|1495|1496
Majlis	1481
Major	1482
Mak	1484
Malagasy	1486
Malaysian	1483
Maltese	1478|1480
Malti	1486
Man	1477|1480
Manchester	1479
Mandrafina	1484
Manga	1484
Manhattan	1477|1491
Manny	1479|1481|1482
Manoochehr	1488
Mansfield	1487
Mansudae	1495
Manuel	1484
Mara	1484
Maraa	1495
Maraimalai	1482
March	1477|1478|1479|1480|1481|1482|1483
Marchand-mercier	1494
Marco	1484
Marea	1484
Margo	1484
Mari	1484
Marine	1495
Mariners	1480
Mario	1485
Marjan	1484
Marmarita	1483
Martel	1484
Marthae	1483
Martin	1495
Mary	1481|1484
Massachusetts	1480|1482
Massacre	1478
Master	1484
Matteo	1484
Mauricio	1484
May	1477|1478|1479|1480|1481|1482|1483
Maya	1487
Mazhar	1482
Mazlo	1484
McAloon	1484
McCann	1485
McCobb	1484
McDowell	1484
McGillivray	1484
Meason	1484
Measures	1479
Mechanicae	1486
Medal	1488
Medallion	1488
Medical	1478
Medina	1484
Meg	1484
Meglia	1484
Mekong	1480
Melayu	1485|1486|1490|1493
Melbourne	1479
Memorial	1478
Men	1477|1486
Men's	1477
Menard	1483
Mensoff	1484
Meredith	1484
Merete	1484
Metcalf	1495
Metis-M	1478
Mets	1480
Meuse-Argonne	1483
Mexican	1484
Mexico	1479|1482|1495
Mhow	1482
Mian	1484
Michael	1484
Michaels	1484
Michelangelo	1487
Michigan	1477
Midlothian	1479
Migrantas	1487
Milan	1478
Milano	1478
Military	1477
Mill	1486
Minami	1484
Minangkabau	1486
Minnesota	1486
Minutes	1477
Mirand	1485|1486
Mission	1478
Missionary	1479
Mitch	1485
Mobile	1477|1478|1479|1480|1481|1482|1483|1484|1485|1486|1487|1488|1489|1490|1491|1492|1493|1494|1495|1496
Mobility	1477
Mode	1479
Model	1494
Moeen	1479|1481|1484
Moeller	1485
Moganshan	1491
Mohamed	1479
Mohe	1479
Molde	1482
Molly	1484
Monaco	1478|1479
Monchegorsk	1478
Monetary	1481
Mongolia	1481
Monster	1477
Monthly	1477|1478|1479|1480|1481|1482|1483
Monuments	1493
Mose	1480
Mosul	1481
Mountain	1479
Movement	1480
Mozambican	1481
Mumbai	1477
Muna	1480
Mural	1486
Murder	1477
Murdoch	1480
Mure	1478
Murivat	1484
Murmur	1492
Musa	1477
Museo	1486
Museum	1494
Music	1478|1482|1488|1492|1493|1494|1495
Music-related	1487
Musical	1487
Musicians	1485
Mussarat	1481
Mutual	1481
Myfanwy	1484
N	1477|1478|1479|1480|1481|1482|1483|1484|1486|1488|1491|1495|1496
N-Acylethanolamine	1482
NBA	1478
NCAA	1479|1480
NFL	1477
NHL	1480
NOMAD	1495
NRL	1479
Naa	1479
Nacional	1495
Namespaces	1477|1478|1479|1480|1481|1482|1483|1484|1485|1486|1487|1488|1489|1490|1491|1492|1493|1494|1495|1496
Naomi	1484
Napier	1484
Nasr	1484
National	1478|1479|1480|1482|1488|1495
Nationals	1479
Navelcar	1485
Navigation	1477|1478|1479|1480|1481|1482|1483|1484|1485|1486|1487|1488|1489|1490|1491|1492|1493|1494|1495|1496
Nayar	1479
Nazor	1488
Near	1491
Nebi	1477
Nederland	1479
Nederlands	1485|1486|1487|1488
Nedersaksies	1486
Neighbourhoods	1491
Nela	1485
Nelalu	1481
Nelson	1484
Nervous	1480
Netherlands	1477|1495
Network	1481|1495
Never	1480
New	1477|1479|1480|1481|1482|1484
Newcomb's	1483
Newman	1482
News	1496
Niagara	1491
Nicaragua	1482
Niigata	1477
Nik	1481
Nir	1485
Nnapulitano	1486
NoHo	1491
Nordfriisk	1486
Norsk	1485|1486|1488|1495
North	1488|1491
North-West	1480
Northern	1479
Nouormand	1486
November	1477|1478|1479|1480|1481|1482|1483|1493
Novial	1486
Now	1478
O	1477|1478|1479|1480|1481|1482|1483|1484|1485|1486|1487|1488|1491|1494|1495
O-Acetylpsilocin	1480
Oakland	1491
Oblast	1477
Occitan	1485|1486|1488|1494
Occupations	1494
October	1477|1478|1479|1480|1481|1482|1483|1485|1490|1492
Odd	1495
Offensive	1483
Ohio	1477
Olafur	1487
Old	1477
Olenya	1478
Olga	1484
Oliver	1484
Olympic	1488
Olympics	1482
Omonia	1477|1479
Ontario	1491
Open	1481|1482|1486
Opera	1478|1494|1495
Operations	1477|1480|1481
Opt	1477
Orange	1481
Oregon	1491
Organization	1477|1478
Organizations	1495
Organized	1492
Origin	1479
Orlando	1485
Oryahovitsa	1479
Oscar	1488
Oskar	1484
Osmolovsky	1485
Otaka	1488
Outgunned	1480
Outline	1487
Outnumbered	1480
Oval	1477
Overture	1482
Own	1488
Oyster	1483
P	1477|1478|1479|1480|1481|1482|1483|1484|1485|1486|1487|1488|1489|1490|1491|1492|1493|1494|1495
PAVED	1495
PDF	1477|1478|1479|1480|1481|1482|1483|1484|1485|1486|1487|1488|1489|1490|1491|1492|1493|1494|1495|1496
PFG	1477|1479
Pablo	1491
Pacific	1478|1482
Page	1477|1478|1479|1480|1481|1482|1483|1484|1485|1486|1487|1488|1489|1490|1491|1492|1493|1494|1495|1496
Pages	1477|1478|1479|1480|1481|1482|1483|1484|1485|1486|1487|1488|1490|1491|1492|1494|1495|1496
Painter	1484
Painting	1489|1495
Pakistan-artist-stub	1484
Palace	1478
Palacios	1485
Palestine	1479
Palestine-artist-stub	1484
Pampa	1482
Pan-Blue	1483
Pang	1484
Panzer	1479
Papiamentu	1486
Parachute	1477|1481
Paralympics	1482
Paris	1480
ParisTech	1477
Park	1478
Parrot	1478
Parsons	1480
Party	1477|1479
Pasha	1480
Pashaliks	1480
Passenger	1482
Patras	1479
Patrick	1479
Patroclus	1481
Patronage	1486|1495
Patsy	1477
Paul	1483|1484
Paula	1477|1478|1480
Pav	1477
Pavan	1484
Pavel	1485
Pavol	1478
Peace	1488
Pearl	1491
Pears	1481
Pedro	1484
Penciller	1494
Penguin	1477
Pension	1495
People	1484|1486|1494
Peploe	1485
Performing	1486|1488|1493|1495|1496
Perfumery	1486
Permanent	1477|1478|1479|1480|1481|1482|1483|1484|1485|1486|1487|1488|1489|1490|1491|1492|1493|1494|1495|1496
Personal	1477|1478|1479|1480|1481|1482|1483|1484|1485|1486|1487|1488|1489|1490|1491|1492|1493|1494|1495|1496
Peruana	1480
Peter	1479|1484
Petroleum	1483
Petrus	1478
Pharmacognosy	1478
Philadelphia	1482
Philippine	1478
Philippines	1478|1479
Philosophy	1481
Phoenix	1478
Phone	1483
Photographer	1484|1485
Photography	1495
Phytosanitary	1479
Picard	1486
Pictoplasma	1495
Picture	1481
Pie	1478
Piero	1484
Pinacoteca	1487
Pipe	1478
Place	1491
Places	1495
Planet	1477
Plattd	1486
Plays	1493
Please	1478|1484
Poet	1494
Poetry	1493
Point	1478
Poker	1477
Poland	1481
Polish	1495
Political	1488
Polski	1485|1486
Poor	1495
Pope	1478
Portal	1486|1496
Portland	1491
Portsmouth	1479
Portugu	1485|1486|1487
Poulomi	1485
Pounce	1486
Pouran	1485
Pre	1488
Prefecture	1477
Premier	1478|1479|1480|1482
Press	1477
Primera	1477|1482
Prince	1488
Print	1477|1478|1479|1480|1481|1482|1483|1484|1485|1486|1487|1488|1489|1490|1491|1492|1493|1494|1495|1496
Printable	1477|1478|1479|1480|1481|1482|1483|1484|1485|1486|1487|1488|1489|1490|1491|1492|1493|1494|1495|1496
Prisoner	1483
Privacy	1477|1478|1479|1480|1481|1482|1483|1484|1485|1486|1487|1488|1489|1490|1491|1492|1493|1494|1495|1496
Private	1481
Prix	1478|1479|1480|1482|1488
Prize	1483|1488
Problems	1481
Processing	1479
Production	1494|1495
Program	1481|1486|1495
Programme	1495
Project	1478|1480
Projects	1495
Property	1481
Protection	1481
Province	1478
Proyectarte	1495
Pseudonymous	1485
Psychological	1478
Public	1478
Publishers	1481
Puerto	1479|1481
Q	1477|1478|1479|1480|1481|1482|1483|1484|1486|1491
Qabil	1480
Quadriennale	1495
Quarter	1491
Quebec	1482
Queen	1491
R	1477|1478|1479|1480|1481|1482|1483|1484|1486|1487|1488|1491|1493|1495|1496
RADA	1487
RFC	1481
RLX	1477
RN43	1479
Radio	1493
Radyo	1481
Rafeeuddin	1477
Ragan	1488
Rahim	1484
Railcard	1480
Ram	1482
Ramallah	1481
Ranan	1488
Random	1477|1478|1479|1480|1481|1482|1483|1484|1485|1486|1487|1488|1489|1490|1491|1492|1493|1494|1495|1496
Randy	1482
Rastogi	1485
Ray	1478
Raymond	1485
Read	1477|1478|1479|1480|1481|1482|1483|1484|1485|1486|1487|1488|1489|1490|1491|1492|1493|1494|1495|1496
Real	1495
Rebecca	1484
Recent	1477|1478|1479|1480|1481|1482|1483|1484|1485|1486|1487|1488|1489|1490|1491|1492|1493|1494|1495|1496
Recession	1479
Recognizes	1488
Red	1477|1479|1480
Reference	1478
Reform	1481
Regiment	1477|1479|1481|1482
Regina	1478
Regino	1484
Regional	1477|1480
Registrum	1484
Registry	1486
Related	1477|1478|1479|1480|1481|1482|1483|1484|1485|1486|1487|1488|1489|1490|1491|1492|1493|1494|1495|1496
Relation	1477
Release	1482
Religion	1495
Remington	1479
Rene	1485
Republic	1478
Republican	1482
Res	1495
Research	1495
Residency	1495
Retrieved	1477|1478|1479|1480|1481|1482|1483|1484|1485|1486|1487|1488|1489|1490|1491|1492|1493|1494|1495|1496
Review	1478
Revolucionarios	1495
Revolution	1481|1486
Rhonda	1483
Riaz	1484
Richard	1484
Rico	1479|1481
Rifle	1480|1482
Rifles	1481
Rights	1481
Riitta	1484
Ripoarisch	1486
River	1478|1480|1491
Riza	1480
Road	1480|1491
Rob	1480
Robert	1477|1484
Roberto	1484
Rock	1495
Rockets	1481
Rodney	1484
Roger	1478
Rolf	1488
Rom	1485|1486|1487|1488|1493|1494|1495
Rome	1488|1495
Ronin	1482
Ronnie	1481
Rose	1482
Roshan	1483
Route	1482
Roy	1483|1484
Royal	1482|1488
Rub	1480
Rugby	1481
Rumantsch	1486
Runa	1485|1486
Russia	1478|1479|1482
Russian	1479
Ryeland	1478
S	1477|1478|1479|1480|1481|1482|1483|1484|1485|1486|1487|1488|1491|1494|1495|1496
SIG	1480
SIGNIS	1495
SS	1479|1481
Saadi	1483
Sacrum	1486
Sada	1479
Sadeghi	1488
Saeed	1484
Safed	1481
Safety	1481
Saghir	1480
Saint	1479
Saladin	1480
Salahuddin	1484
Salon	1488
Sam	1482|1488
Samman	1488
Samuel	1484|1486
San	1483|1488|1491
Sanat	1495
Sanctae	1483
Sanitary	1479
Santoro-Woith	1485
Sarcone	1485
Sardu	1486
Sastre	1495
Savings	1478
Sawsan	1477
Scenographer	1494
Schock	1488
School	1478|1481|1482
Schwertberger	1487
Science	1487
Sciences	1487
Scotland	1479
Scots	1485|1486|1490|1494
Scott	1484
Scottish	1478
Sculptor	1484
Sculpture	1488
Sculpture-Network	1495
Sea	1477|1481
Search	1477|1478|1479|1480|1481|1482|1483|1484|1485|1486|1487|1488|1489|1490|1491|1492|1493|1494|1495|1496
Seattle	1480
Second	1490
See	1477|1478|1479|1480|1481|1482|1483|1484|1485|1486|1487|1488|1489|1490|1491|1492|1493|1494|1495|1496
Seeltersk	1486
Segunda	1480
Selected	1496
Self-Regulatory	1481
Seminoles	1479
Senior	1494
Sephora	1484
September	1477|1478|1479|1480|1481|1482|1483|1495
Serbs	1480
Serie	1481
Series	1477|1480
Serotonin	1483
Service	1477
Set	1494
Settlement	1482
Seventeenth	1479
Seventh	1482
Sha'er	1477
Shabbir	1481
Shafilea	1477
Shamoon	1481
Shane	1484
Sharpie	1479
Sheherezade	1484
Shirazi	1483
Shockwave	1477
Shon	1484
Short	1479|1491
Show	1480|1481|1482
Showpiece	1486
Shqip	1485|1486
Sicilianu	1486
Side	1491
Silversmith	1494
Silvio	1484
Simi	1485|1486
Simon	1484
Simple	1477|1478|1479|1480|1481|1482|1485|1486
Singh	1483
Singles	1482
Sino-Soviet	1481
Sir	1480
Sisir	1481
Sistema	1495
Skogli	1485
Sky	1477
Skyscraper	1483
Sloven	1485|1486
Smith	1477|1482
Snooker	1479
SoHo	1491
Social	1479|1486
Society	1478|1486|1487|1488|1495|1496
Sohail	1479
Songs	1482
Soomaaliga	1486
Sound	1477
South	1479|1480|1482
Southeast	1477
Southeastern	1478
Souza	1482
Soviet	1477|1482
Sox	1477|1480
Space	1492|1495
Spanish	1478
Sparer	1479
Special	1477|1478|1479|1480|1481|1482|1483|1484|1485|1486|1487|1488|1489|1490|1491|1492|1493|1494|1495|1496
Speed	1479
Spirit	1486
Spirituality	1486
Spivakovsky	1483
Sport	1478
Squadron	1477|1479
Square	1479
Sr	1482
Sranantongo	1486
Sri	1478
Srpskohrvatski	1486
Ssamzie	1495
St	1482|1491
Stanley	1478|1479|1482
Starving	1485
State	1479|1481|1488
States	1477|1478|1479|1480|1481|1482|1487|1495
Stefano	1486
Stendhal	1486
Stephen	1480|1484|1485|1487
Stewart	1480
Stocktown	1495
Stranger	1487
Street	1477|1482|1491
Strike	1480
Strikers	1477|1479
Stub	1484
Student	1480
Studio	1486|1495
StudioEIS	1495
Studios	1482
Subcategories	1484|1485|1486|1487|1488|1489|1490|1491|1492|1493|1494|1495
Submarine	1477
Subtotals	1477|1478|1479|1480|1481|1482|1483
Sudanese	1481
Sufyan	1479
Sugarman	1495
Sumant	1484
Summer	1482
Sunda	1486
Sunita	1477
Suomi	1484|1485|1486|1487|1488|1494
Super	1477|1483|1495
Support	1477
Supremacy	1479
Survival	1481
Sustainment	1479
Suzon	1485
Svenska	1481|1482|1483|1484|1485|1486|1487|1488|1490|1494
Swansea	1478|1479
Swedish	1480
Swiss	1481
Syrian	1481
System	1479|1482
Systems	1480
T	1477|1478|1479|1480|1481|1482|1483|1484|1485|1486|1487|1488|1489|1492|1493|1494|1495|1496
TEXT	1495
THE	1485
TV	1477|1481|1484
Tabriz	1485
Tag	1478
Tagalog	1486
Tajuddin	1479
Takeoff	1477
Talent	1492
Talk	1477|1478|1479|1480|1481|1482|1483|1484|1485|1486|1487|1488|1489|1490|1491|1492|1493|1494|1495|1496
Taqbaylit	1486
Tarand	1486
Tatyana	1481
Teaching	1494
Team	1477|1478|1481|1482
Technique	1482
Technologies	1481
Technology	1478|1495
Television	1489
Telly	1488
Template	1478|1484
Ten	1479|1481
Terms	1477|1478|1479|1480|1481|1482|1483|1484|1485|1486|1487|1488|1489|1490|1491|1492|1493|1494|1495|1496
Terra	1495
Terrain	1482
Terry	1485
Test	1479|1482
Texas	1478
Text	1477|1478|1479|1480|1481|1482|1483|1484|1485|1486|1487|1488|1489|1490|1491|1492|1493|1494|1495|1496
Thai	1478
The	1477|1478|1479|1480|1481|1482|1483|1484|1485|1486|1487|1488|1491|1492|1494|1495|1496
Theatre	1489|1493|1495
Theatre-related	1487
Theatrical	1494|1495
Theme	1486
Theodor	1482
Things	1496
Third-wave	1479|1482
This	1477|1478|1479|1480|1481|1482|1483|1484|1485|1486|1487|1488|1489|1490|1491|1492|1493|1494|1495|1496
Thomas	1477|1484
Through	1488
Thunder	1477
Thurman	1482
Ti	1485|1486
Tim	1478|1484
Time	1495
To	1477|1479|1480|1481|1482|1483|1484
Tom	1484
Tomenaide	1477
Tonight	1480|1481|1482
Tony	1477|1478|1479
Toolbox	1477|1478|1479|1480|1481|1482|1483|1484|1485|1486|1487|1488|1489|1490|1491|1492|1493|1494|1495|1496
Top	1477|1478|1479|1480|1481|1482|1483|1484
Toronto	1478
Toshiko	1480
Tote	1484
Tour	1481|1482
Tournament	1477|1478
Town	1479
Tracks	1480
Tractor	1480
Trade	1482
Trade-Related	1481
Training	1477|1479|1481|1482
Trans	1495
Transhumance	1483
Trump	1478
Trust	1495
Tu-134	1481
Tulsi	1488
Tupolev	1481
Turkish	1481
Twenty-fourth	1479
Twenty-second	1482
U	1477|1478|1479|1480|1481|1482|1483|1484|1486|1487|1491|1495
U-Ram	1484
UEFA	1477
UK	1481
UP	1480
US	1477|1481
USCGC	1480
UV	1483
Udeid	1477
Ukrainian	1481
Undated	1477|1478|1479|1480|1481|1482|1483
Under	1477
Under-21	1479
Understanding	1488
Union	1477|1482|1495
Unit	1478
United	1477|1478|1479|1480|1481|1482|1487|1495
Universal	1486
University	1477|1478|1481|1482
Unreferenced	1478
Untitled	1486
Update	1477|1478|1479|1480|1481|1482|1483
Upload	1477|1478|1479|1480|1481|1482|1483|1484|1485|1486|1487|1488|1489|1490|1491|1492|1493|1494|1495|1496
Uprising	1481|1482
Uptown	1491
Uruguay-artist-stub	1484
Us	1477
Usamah	1481
Use	1477|1478|1479|1480|1481|1482|1483|1484|1485|1486|1487|1488|1489|1490|1491|1492|1493|1494|1495|1496
Useful	1486
User	1485|1486
V	1477|1478|1479|1480|1481|1482|1483|1484|1485|1486|1487|1488|1491|1494|1495
VADS	1495
Valdivia	1479
Value	1482
Vamona	1485
Vancouver	1479
Variants	1477|1478|1479|1480|1481|1482|1483|1484|1485|1486|1487|1488|1489|1490|1491|1492|1493|1494|1495|1496
Vaslui	1479
Vedanta	1482
Vedette	1494
Veikkausliiga	1479
Veps	1486
Vermont	1478
Vernacular	1481
Vi	1485|1486
Victor	1484
Vidaa	1479
Vidal	1484
Video	1487|1495
Vietnamese	1482
View	1477|1478|1479|1480|1481|1482|1483|1484|1485|1486|1487|1488|1489|1490|1491|1492|1493|1494|1495|1496
Views	1477|1478|1479|1480|1481|1482|1483|1484|1485|1486|1487|1488|1489|1490|1491|1492|1493|1494|1495|1496
Vigo	1482
Viktor	1480
Vila	1491
Viliana	1484
Villa	1495
Village	1491
Vincent	1484
Vinci	1488
Visual	1485|1486|1494|1495|1496
Visualizer	1494
VitrA	1483
Vladimir	1488
Vojvodina	1480
Volap	1486
Volleyball	1483
Volunteer	1479
Voyage	1477
Vril	1483
W	1477|1478|1479|1480|1481|1482|1483|1484|1485|1486|1487|1494|1495|1496
WHL	1480
WMEC-167	1480
WORK	1495
Waage	1484
Waffen	1481
Waku	1478
Walon	1485|1486
Walsh	1481
Walther	1495
Walton	1484
Wan	1484
War	1477|1478|1479|1480|1481
Warfare	1477|1479|1481|1482
Waris	1484
Warren	1479
Warrior	1477|1479
Washington	1479|1481
Wasma'a	1484
Wasna	1481
Wayne	1484
Ways	1495
Weapon	1479
Weasel	1483
Weather	1479
Weatherby	1479
Webb	1483
Wehrmacht	1478|1480|1481
Weiss	1485
Wellington	1491
Wenyan	1487
West	1477|1479
West-Vlams	1485|1486
What	1477|1478|1479|1480|1481|1482|1483|1484|1485|1486|1487|1488|1489|1490|1491|1492|1493|1494|1495|1496
White	1477|1480
Who	1482
WikiProject	1478|1484
WikiProjects	1496
Wikimedia	1477|1478|1479|1480|1481|1482|1483|1484|1485|1486|1487|1488|1489|1490|1491|1492|1493|1494|1495|1496
Wikipedia	1477|1478|1479|1480|1481|1482|1483|1484|1485|1486|1487|1488|1489|1490|1491|1492|1493|1494|1495|1496
Will	1477
William	1484|1495
Wimbledon	1482
Winaray	1486
Winchester	1480
Wing	1477|1479|1481
Wing-shing	1484
Winter	1482
Wintz	1485
Wisconsin	1480
Wolof	1486
Women	1485|1486
Women's	1482|1483
Words	1478
Work	1486
Works	1485|1486|1494
World	1477|1478|1479|1480|1481|1482|1495
Writers	1494|1495
X	1477|1478|1479|1480|1481|1482|1483|1484
XII	1482
XIII	1478
XR190	1482
Y	1477|1478|1479|1480|1481|1482|1483|1484|1485|1486|1487|1492|1495
Yat	1484
Yemeni	1479
Yeol	1485
Yik	1484
Yogendra	1485
Yor	1485|1486
York	1479|1480|1481|1482
Yota	1492
You	1478|1484
Young	1487|1495
Yulem	1486
Yung	1484
Yunmen	1487
Z	1477|1478|1479|1480|1481|1482|1483|1484|1486
Zachariah	1478
Zadik	1477
Zahra	1480
Zamboanga	1486
Zazaki	1485|1486
Ze	1486
Zealand	1477|1481|1484
Zheleznoy	1478
Zierler	1486
Zobl	1486
Zoltan	1484
Zone	1491
Zone-H	1486
Zuhur	1484
a	1477|1478|1479|1480|1481|1482|1483|1484|1485|1486|1487|1488|1489|1490|1491|1492|1493|1494|1495|1496
about	1485|1486|1494
accidents	1477
account	1477|1478|1479|1480|1481|1482|1483|1484|1485|1486|1487|1488|1489|1490|1491|1492|1493|1494|1495|1496
acid	1479
actor	1479|1480|1481
actors	1487
add	1477|1478|1479|1480|1481|1482|1483|1484
additional	1477|1478|1479|1480|1481|1482|1483|1484|1485|1486|1487|1488|1489|1490|1491|1492|1493|1494|1495|1496
administration	1477|1478|1479|1480|1481|1482|1483|1494
administrators	1494
advertisement	1481
advertising	1494
aesthetics	1486
after	1478|1485
agents	1494
agreement	1482
ahbez	1477
aircraft	1477|1478|1481
airmail	1487
ais	1485|1486|1487|1488|1494
al-Bakkai	1477
al-Bayt	1478
al-Halim	1479
al-Khati	1478
al-Kunti	1477
al-Qasim	1482
al-Zahrawi	1482
alarm	1482
album	1481|1482
albums	1480
all	1477|1478|1479|1480|1481|1482|1483
alloy	1482
also	1478|1485|1493
alternate	1478
aluminium	1482
alumni	1487
an	1477|1478|1479|1480|1481|1482|1483|1484
ancient	1478
and	1477|1478|1479|1480|1481|1482|1483|1484|1485|1486|1487|1488|1491|1493|1494|1495
animal	1481
anniversaries	1496
any	1478|1485|1495
applicable	1485|1495
apply	1477|1478|1479|1480|1481|1482|1483|1484|1485|1486|1487|1488|1489|1490|1491|1492|1493|1494|1495|1496
architect	1484
architecture	1477|1478
are	1477|1478|1479|1480|1481|1482|1483|1484|1485|1486|1487|1488|1491|1492|1494|1495|1496
areata	1478
arrondissement	1480
art	1486|1487|1488|1493|1494|1495
article	1477|1478|1479|1480|1481|1482|1483|1484|1485|1486|1487|1488|1489|1490|1491|1492|1493|1494|1495|1496
articles	1477|1478|1479|1480|1481|1482|1483|1484|1485|1487|1494|1495
artist	1484|1485|1494
artist-stub	1484
artistic	1487
artists	1484|1485|1486|1487|1494
arts	1485|1486|1487|1488|1493|1494|1495|1496
artworks	1487
aru	1486
as	1477|1478|1479|1480|1481|1482|1483|1484|1485|1486|1487|1488|1489|1490|1491|1492|1493|1494|1495|1496
aspera	1482
ass	1480
associated	1486
association	1495
associations	1495
at	1477|1478|1479|1480|1481|1482|1483|1484|1485|1486|1487|1488|1489|1490|1491|1492|1493|1494|1495|1496
attacks	1477|1478
attempt	1482
attention	1482
attorney	1483
audio	1496
author	1483
authors	1485
autoroute	1479
available	1477|1478|1479|1480|1481|1482|1483|1484|1485|1486|1487|1488|1489|1490|1491|1492|1493|1494|1495|1496
avoid	1485|1495
award	1488
awards	1486|1488|1492
ayisyen	1486
b	1485|1486|1495
ba	1483
backlog	1477|1478|1479|1480|1481|1482|1483
band	1477|1478
based	1487
battleship	1478
bbe	1482
be	1485|1495
becoming	1485|1495
before	1478|1484
bibliography	1487
bienheureux	1478
biography	1496
bird	1484
blackface	1487
bokm	1485|1486|1488
book	1477|1478|1479|1480|1481|1482|1483|1484|1485|1486|1487|1488|1489|1490|1491|1492|1493|1494|1495|1496
books	1485|1486|1487
bookstores	1480
boom	1480
border	1480|1481
bot	1477|1479|1480|1481|1482|1483
boxes	1482
brain	1482
broadly	1488
bromide	1478
bsczi	1486
bullfrog	1479
bus	1480
but	1478
by	1477|1478|1479|1480|1481|1482|1483|1484|1485|1486|1487|1488|1489|1490|1491|1493|1494|1495
cable	1482
calendar	1480
camouflage	1481
can	1478|1484|1496
card	1479
carrier	1478
cartoonist	1484
casts	1487
cataloging	1486
catapult	1479
categories	1477|1478|1479|1480|1481|1482|1483|1484|1485|1495
categories'	1477|1478|1479|1480|1481|1482|1483
categorises	1494
category	1477|1478|1479|1480|1481|1482|1483|1484|1485|1486|1487|1488|1489|1490|1491|1492|1493|1494|1495|1496
cause	1485
cell	1480
censored	1480
centres	1495
century	1478|1482|1485
changes	1477|1478|1479|1480|1481|1482|1483|1484|1485|1486|1487|1488|1489|1490|1491|1492|1493|1494|1495|1496
chel	1484
child	1481
childhood	1480
citations	1478
cite	1478
city	1485|1490
civil	1479
clash	1481
clashes	1480
classical	1487|1496
classification	1486
classifications	1486
clean	1477|1478|1479|1480|1481|1482|1483
cliques	1482
clubs	1495
cm	1477|1479|1482
coaster	1480
coins	1482
collective	1487
collectives	1485|1495
colletage	1483
color-related	1487
com	1478|1479|1482
combines	1477|1478|1479|1480|1481|1482|1483
commemorative	1482
commitment	1481
commodities	1480
companies	1495
company	1482
competitions	1486|1488|1492
compiler	1482
concept	1483
concinna	1482
conditioner	1480
conflict	1480|1481|1482
consent	1477
cont	1477|1478|1479|1480|1481|1482|1484|1485|1486|1487|1488|1491|1493|1494|1495|1496
contain	1485|1495
container	1495
contains	1477|1478|1479|1480|1481|1482|1483|1490
contemporary	1487
content	1477|1478|1479|1480|1481|1482|1483|1484|1485|1486|1487|1488|1489|1490|1491|1492|1493|1494|1495|1496
contests	1488
continent	1490
control	1477|1478
controversies	1478
conversion	1481
cooperative	1495
copyists	1494
corresponding	1477|1478|1479|1480|1481|1482|1483
councils	1495
counter	1477|1478|1479|1480|1481|1482|1483
country	1486|1488|1490|1493|1495
coup	1480|1481|1482
covers	1493
crash	1480|1481
creation	1484|1485
creative	1486|1494
creator	1484
crisis	1477|1480|1481
criticism	1486
crivains	1495
crown	1480
ctor	1484
cultural	1481
culture	1485|1486|1487|1489
d'	1480|1481
d'Aguilon	1481
da	1484|1488
damnum	1482
databases	1486
date	1477|1479|1480|1481|1482|1483
day	1487
de	1481|1482|1484|1486|1488|1495
dealers	1495
death	1481|1485
decorator	1494
defense	1480
deficit	1482
democratization	1495
den	1484
depictions	1481
der	1495
des	1495
design	1488|1494
design-related	1495
designer	1484|1485|1494
designers	1484
destinations	1481
destruction	1481
details	1477|1478|1479|1480|1481|1482|1483|1484|1485|1486|1487|1488|1489|1490|1491|1492|1493|1494|1495|1496
diaspora	1480
different	1487
diffusion	1485|1495
dinghy	1479
directly	1485|1495
director	1494
directors	1494
disaster	1478
discography	1477|1478|1481
dishonesty	1480
disk	1481
disorder	1482
district	1491
districts	1486|1491
do	1478|1496
dopamine	1483
drainage	1479|1481
drama	1493
dress	1482
dresser	1494
dystrophy	1482
e	1484|1485|1486|1487|1492|1493|1494|1495
e'	1486
earthquake	1478|1479|1480|1481
earthquakes	1479
eco	1482
edit	1478
education	1483
el	1495
elections	1477
electrification	1481
eljko	1484
emait	1485|1486
emirate	1481|1482
emissions	1480
en	1477|1478|1479|1480|1481|1482|1483|1484|1485|1486|1487|1488|1489|1490|1491|1492|1493|1494|1495|1496
enable	1477|1478|1479|1480|1481|1482|1483
encyclopedia	1477|1478|1479|1480|1481|1482|1483|1484|1485|1486|1487|1488|1489|1490|1491|1492|1493|1494|1495|1496
encyclopedias	1486
energy	1481
engraver	1484
entertainer	1494
enumerative	1478
era	1495
eren	1488
esky	1485|1486|1487|1488
establishment	1479
et	1484|1495
ethnicity	1485
event	1479
events	1477|1478|1479|1480|1481|1482|1483|1484|1485|1486|1487|1488|1489|1490|1491|1492|1493|1494|1495|1496
executions	1481
exhibitions	1487|1492
expanding	1484
export	1477|1478|1479|1480|1481|1482|1483|1484|1485|1486|1487|1488|1489|1490|1491|1492|1493|1494|1495|1496
eyeglasses	1478
f	1479
fair	1492
fallacy	1477
false	1482
families	1485
family	1477
fashion	1481
feminism	1479|1482
festivals	1492
few	1485|1495
fiction	1478|1487
figure	1486
file	1477|1478|1479|1480|1481|1482|1483|1484|1485|1486|1487|1488|1489|1490|1491|1492|1493|1494|1495|1496
film	1477|1479|1480|1481|1482|1483
filmography	1487
films	1487
financial	1480
firefighting	1479
first	1479
fleet	1480
flight	1477|1478
flu	1480
fner	1484
following	1477|1478|1479|1480|1481|1482|1483|1484|1485|1486|1487|1488|1489|1490|1491|1492|1493|1494|1495|1496
football	1478|1479|1480|1481|1482
for	1477|1478|1479|1480|1481|1482|1483|1484|1485|1486|1487|1488|1489|1490|1491|1492|1493|1494|1495|1496
foreign	1487
foundations	1495
fragrance	1478
fraud	1483
free	1477|1478|1479|1480|1481|1482|1483|1484|1485|1486|1487|1488|1489|1490|1491|1492|1493|1494|1495|1496
frequent	1485|1495
from	1477|1478|1479|1480|1481|1482|1483|1484|1485|1486|1487|1488|1489|1490|1491|1492|1493|1494|1495|1496
fuel	1477
fulminans	1477
galleries	1493
gallery	1491
game	1482|1485|1487|1495
games	1479
gap	1482
genre	1485|1488
genres	1486|1493
given	1478
gold	1482
good	1479
gorgoneum	1482
government	1481
grading	1478
group	1482
groups	1477|1478|1479|1480|1481|1482|1483|1485|1495
gun	1478
hair	1481
hairstyles	1487
has	1484|1485|1486|1487|1488|1489|1490|1491|1492|1493|1494|1495
haunted	1483
have	1478
heat	1480
helmet	1480
help	1484
hemiplegia	1480
here	1477|1478|1479|1480|1481|1482|1483|1484|1485|1486|1487|1488|1489|1490|1491|1492|1493|1494|1495|1496
hidden	1477|1478|1479|1480|1481|1482|1483
hip	1481
hippocastanum	1481
history	1477|1478|1479|1480|1481|1482|1483|1484|1485|1486|1487|1488|1489|1490|1491|1492|1493|1494|1495|1496
hop	1481
hormone	1482
horn	1477|1480
howitzer-gun	1480
http	1477|1478|1479|1480|1481|1482|1483|1484|1485|1486|1487|1488|1489|1490|1491|1492|1493|1494|1495|1496
huatl	1486
humor	1493
hurricane	1479|1480|1482
hyperactivity	1482
i	1484
ibn	1479
ibn-abil-Arqam	1477
identified	1478
idhlig	1486
if	1485|1495
immigration	1478|1479|1481
in	1477|1478|1479|1480|1481|1482|1483|1484|1485|1486|1487|1488|1489|1490|1491|1492|1493|1494|1495|1496
ina	1485|1486
incident	1482
incidents	1477
include	1477|1478|1479|1480|1481|1482|1483
including	1488
incognita	1495
index	1477|1478|1479|1480|1481|1482|1483|1484|1485|1486|1487|1488|1489|1490|1491|1492|1493|1494|1495|1496
indica	1477
indicum	1482
industries	1494
infanticide	1484
information	1477|1478|1479|1480|1481|1482|1483|1484|1485|1486|1487|1488|1489|1490|1491|1492|1493|1494|1495|1496
inhalation	1481
inhibin	1477
inhibitor	1483
initiative	1486|1495
injury	1481|1482
instead	1484
institutions	1495
instruction	1477
insufficiently	1478
intermittent	1479
international	1478
invasion	1480
inverter	1480
involving	1477
is	1477|1478|1479|1480|1481|1482|1483|1484|1485|1486|1487|1488|1489|1490|1491|1492|1493|1494|1495|1496
it	1477|1478|1479|1480|1481|1482|1483|1495
its	1477|1478|1479|1480|1481|1482|1483|1495
iv	1484
jazz	1480
k	1477|1481|1486
kV	1481
ka	1485|1486
kel	1486
kidney	1481
km	1478
known	1487
koans	1487
l	1484|1485|1486|1488
lacking	1478
landscape	1484
language	1477|1478|1493
large	1485|1495
las	1495
last	1477|1478|1479|1480|1481|1482|1483|1484|1485|1486|1487|1488|1489|1490|1491|1492|1493|1494|1495|1496
laureates	1488
law	1479|1486
le	1478
learn	1477|1478|1479|1480|1481|1482|1483|1484|1485|1486|1487|1488|1490|1491|1492|1494|1495|1496
letters	1486
leukemia	1482
lez	1484
library	1479
license	1486
link	1477|1478|1479|1480|1481|1482|1483|1484|1485|1486|1487|1488|1489|1490|1491|1492|1493|1494|1495|1496
links	1477|1478|1479|1480|1481|1482|1483|1484|1485|1486|1487|1488|1489|1490|1491|1492|1493|1494|1495|1496
list	1477|1478|1479|1480|1481|1482|1483|1484|1485|1486|1487|1488|1490|1491|1492|1494|1495|1496
listening	1479
lists	1486|1487
literary	1488
literature	1486|1487|1494
lk	1484
locality	1478
locals	1487
location	1490
locations	1483
loss	1479
lymphoblastic	1482
lynching	1481
m-g	1485|1486
mail	1482
main	1485|1486
mainly	1485|1495
maintained	1484
maintenance	1485|1495
major	1479
majors	1483
management	1486|1494
managers	1494
manga	1487
marketing	1482
marriage	1479
mass	1481
material	1478
may	1477|1478|1479|1480|1481|1482|1483|1484|1485|1486|1487|1488|1489|1490|1491|1492|1493|1494|1495|1496
measures	1481
medalists	1488
media	1485|1486|1487|1494|1495
medium	1485
megiella	1486
member	1477|1478|1479|1480|1481|1482|1483
members	1485|1487
memorials	1493
menu	1477|1478|1479|1480|1481|1482|1483|1484|1485|1486|1487|1488|1489|1491|1492|1493|1494|1495|1496
merchant	1478
merit	1486
messages	1478
meter	1479
meters	1487
midwinter	1481
military	1477
milk	1480
mine	1479|1481
miniseries	1483
minor	1479
minstrel	1487
missing	1478
mm	1477|1480
model	1477
modern	1495
modified	1477|1478|1479|1480|1481|1482|1483|1484|1485|1486|1487|1488|1489|1490|1491|1492|1493|1494|1495|1496
month	1478
more	1477|1478|1479|1480|1481|1482|1483|1484|1485|1486|1487|1488|1490|1491|1492|1494|1495|1496
mosques	1478
motorway	1479
moved	1485|1495
movements	1487
mtatarca	1486
museums	1487|1493
music	1480|1481|1494|1496
n	1477|1478|1479|1480|1482|1484|1485|1486|1487|1488|1493|1494|1495
n-l	1485|1486
named	1485
nasal	1477
nation	1493
nationalism	1481
nationality	1485|1486|1493|1494
navigation	1477|1478|1479|1480|1481|1482|1483|1484|1485|1486|1487|1488|1489|1490|1491|1492|1493|1494|1495|1496
ndere	1484
ndido	1482
ne	1486
necrosis	1481|1482
needed	1477|1478|1479|1480|1481|1482
neto	1486
network	1482
new	1484
next	1477|1478|1479|1480|1481|1482|1484
ng	1485|1486
ng-d	1486
ng-ng	1486
nitrate	1478
no	1478
non-profit	1477|1478|1479|1480|1481|1482|1483|1484|1485|1486|1487|1488|1489|1490|1491|1492|1493|1494|1495|1496
norepinephrine	1483
not	1477|1478|1479|1480|1481|1482|1483|1484|1485|1486|1487|1488|1490|1491|1492|1494|1495|1496
novel	1482
novels-related	1487
nski	1486
nste	1495
nuclear	1482
number	1478|1480|1481|1482
nynorsk	1485|1486|1488|1495
o	1477|1480|1484
occupation	1484|1494
occupations	1485|1486|1493|1494
of	1477|1478|1479|1480|1481|1482|1483|1484|1485|1486|1487|1488|1489|1490|1491|1492|1493|1494|1495|1496
officer	1494
ois	1481
ois-Rolland	1484
oja	1484
ol	1485|1486|1487|1488|1494
oldid	1477|1478|1479|1480|1481|1482|1483|1484|1485|1486|1487|1488|1489|1490|1491|1492|1493|1494|1495|1496
omit	1477|1479|1480|1481|1482|1483
on	1477|1478|1479|1480|1481|1482|1483|1484|1485|1486|1487|1488|1489|1490|1491|1492|1493|1494|1495|1496
one	1487
only	1490|1495
or	1477|1478|1479|1480|1481|1482|1483|1485|1486|1493
org	1477|1478|1479|1480|1481|1482|1483|1484|1485|1486|1487|1488|1489|1490|1491|1492|1493|1494|1495|1496
organisation	1495
organization	1477|1478|1479|1480|1481|1482|1483|1484|1485|1486|1487|1488|1489|1490|1491|1492|1493|1494|1495|1496
organizations	1486|1487|1495
ori	1486
out	1477|1478|1479|1480|1481|1482|1483|1484|1485|1486|1487|1488|1489|1490|1491|1492|1493|1494|1495|1496
outbreak	1477
page	1477|1478|1479|1480|1481|1482|1483|1484|1485|1486|1487|1488|1489|1490|1491|1492|1493|1494|1495|1496
pages	1477|1478|1479|1480|1481|1482|1483|1484|1485|1486|1487|1488|1489|1490|1491|1492|1493|1494|1495|1496
painter	1484|1485
painters	1484
painting	1487
paintings	1487
palmatum	1480
pancreatitis	1478
pandemic	1480
paradox	1483
part	1477|1478|1479|1480|1481|1482|1483
participate	1478
pellets	1480
people	1479|1481|1482|1487|1494
performing	1487|1488
period	1485
peroxide	1480
pfer	1484
philosophy	1479
photographs	1478
photography	1487
php	1477|1478|1479|1480|1481|1482|1483|1484|1485|1486|1487|1488|1489|1490|1491|1492|1493|1494|1495|1496
picture	1496
place	1486|1490
platform	1480
playoffs	1478
plot	1477|1479
plugs	1477|1482
podagraria	1481
point	1477|1479|1480|1481|1482|1483
policy	1477|1478|1479|1480|1481|1482|1483|1484|1485|1486|1487|1488|1489|1490|1491|1492|1493|1494|1495|1496
political	1478|1483
politician	1481
politics	1486
popular	1487
pornography	1481
porphyria	1479
portal	1477|1478|1479|1480|1481|1482|1483|1484|1485|1486|1487|1488|1489|1490|1491|1492|1493|1494|1495|1496
portals	1486|1496
portfolio	1486
post	1478|1482
power	1477|1482|1483
prayer	1480
precatorius	1477
preference	1477|1478|1479|1480|1481|1482|1483
premieres	1478
present	1488
presenter	1484
previous	1477|1478|1479|1480|1481|1482|1484
printing	1481
prize	1488
probate	1479
process	1481
professional	1494|1495
program	1480
programme	1478
project	1477|1478|1479|1480|1481|1482|1483
propose	1484
protests	1477|1478|1479|1482
ptarmica	1482
publishers	1495
pumps	1480
quod	1482
quote	1496
r	1486
raids	1481
rail	1478
railway	1481
ramming	1482
rankings	1479
rather	1477|1478|1479|1480|1481|1482|1483
rbaycanca	1485|1486
rebellion	1477|1479|1482
recent	1477|1478|1479|1480|1481|1482|1483|1484|1485|1486|1487|1488|1490|1491|1492|1494|1495|1496
recovery	1482
reflect	1477|1478|1479|1480|1481|1482|1483|1484|1485|1486|1487|1488|1490|1491|1492|1494|1495|1496
reform	1478|1479
refresh	1477|1478|1479|1480|1481|1482|1483
regalia	1479
region	1486|1493
registered	1477|1478|1479|1480|1481|1482|1483|1484|1485|1486|1487|1488|1489|1490|1491|1492|1493|1494|1495|1496
related	1485|1486|1487|1494|1495
relating	1484
relativism	1486
relevant	1494
religion	1483
religions	1480
reportedly	1483
require	1485|1495
requiring	1485|1495
resources	1486
restoration	1495
results	1479
reuptake	1483
revolt	1479
revolution	1479
rights	1477|1479|1483
riot	1479
riots	1477|1479
rk	1484|1485|1486|1487|1492|1493|1494|1495
rkmen	1486
ro	1486
road	1482
rocket	1480
roller	1480
route	1480
royskt	1486|1488
rugby	1480
rumagn	1486
rural	1478
s	1485|1486|1487
sFH	1482
safety	1479
satellite	1486
scale	1486
scare	1480
school	1486
science	1477|1479|1480
scope	1495
sculpture	1487
search	1477|1478|1479|1480|1481|1482|1483|1484|1485|1486|1487|1488|1489|1490|1491|1492|1493|1494|1495|1496
season	1477|1478|1479|1480|1481|1482
series	1477|1479|1480
set	1477|1478|1479|1480|1481|1482|1483|1487
shaker	1478
should	1485|1495
shown	1477|1478|1479|1480|1481|1482|1483
shui	1483
sickness	1478
since	1478
skateboarding	1479
slenska	1486
societies	1495
sociolinguistics	1477|1481
sockets	1477|1482
some	1477|1478|1479|1480|1481|1482|1483
song	1478|1480
sorting	1484
sound	1484|1487
source	1478|1480|1486
sources	1478
spaceflight	1478|1480
spades	1481
specialty	1478
specific	1478
sports	1480|1482
spray	1477
srpski	1484|1485|1486
stamps	1487
statement	1478
statements	1477|1478|1479|1480|1481|1482
statistical	1478
status	1477|1478|1479|1480|1481|1482|1483
strike	1480|1482
strip	1484
strips	1493
stub	1484
stubs	1484|1485|1486|1495
student	1482
studies	1478
studios	1485
stylist	1494
subcategories	1484|1485|1486|1487|1488|1489|1490|1491|1492|1493|1494|1495
subject	1488|1495
subsidy	1495
successions	1480
summary	1477
summit	1479
syndrome	1486
system	1477|1478
systematically	1477|1478|1479|1480|1481|1482|1483
t	1485|1486
tagged	1478
talk	1485
tat	1480|1481
tatar	1485|1486|1488
tattoo	1483
tax	1477
team	1479|1481
technology	1479
telethon	1480
television	1477|1478|1479
templates	1484|1488
tennis	1482
term	1477|1482
terminology	1486
terms	1477|1478|1479|1480|1481|1482|1483|1484|1485|1486|1487|1488|1489|1490|1491|1492|1493|1494|1495|1496
than	1477|1478|1479|1480|1481|1482|1483
that	1477|1478|1479|1480|1481|1482|1483
the	1477|1478|1479|1480|1481|1482|1483|1484|1485|1486|1487|1488|1489|1490|1491|1492|1493|1494|1495|1496
them	1484
theories	1482
theory	1477
therapy	1481
this	1477|1478|1479|1480|1481|1482|1483|1484|1485|1486|1487|1488|1491|1492|1494|1495|1496
those	1494
through	1477|1478|1479|1480|1481|1482|1483
tico	1477
tis	1479
title	1477|1478|1479|1480|1481|1482|1483|1484|1485|1486|1487|1488|1489|1490|1491|1492|1493|1494|1495|1496
titles	1487
to	1477|1478|1479|1480|1481|1482|1483|1484|1485|1486|1487|1488|1489|1490|1491|1492|1493|1494|1495|1496
too	1485|1495
tools	1477|1478|1479|1480|1481|1482|1483|1484|1485|1486|1487|1488|1489|1490|1491|1492|1493|1494|1495|1496
topic	1486
topics	1487
tornado	1477
total	1477|1478|1479|1480|1481|1482|1483|1484|1485|1486|1487|1488|1489|1490|1491|1492|1493|1494|1495|1496
town	1478|1485
toy	1484
trade	1495
trademark	1477|1478|1479|1480|1481|1482|1483|1484|1485|1486|1487|1488|1489|1490|1491|1492|1493|1494|1495|1496
trading	1479
traffic	1477
transfer	1480
transit	1482
transition	1481
transport	1478
tribe	1481
troupes	1487
trypanosomiasis	1478
tsch	1486
tsunami-rail	1478
tuberculosis	1480
tubular	1481
type	1491|1494
typhoon	1478|1482
tzebuergesch	1485|1486
u	1485|1486|1495
ultrasound	1479
under	1477|1478|1479|1480|1481|1482|1483|1484|1485|1486|1487|1488|1489|1490|1491|1492|1493|1494|1495|1496
union	1480
unless	1477|1478|1479|1480|1481|1482|1483
unrest	1479
unsourced	1477|1478|1479|1480|1481|1482
up	1477|1478|1479|1480|1481|1482|1483
uprising	1479
us	1477|1478|1479|1480|1481|1482|1483|1484|1485|1486|1487|1488|1489|1490|1491|1492|1493|1494|1495|1496
use	1478|1484
used	1477|1478|1479|1480|1481|1482|1483
user	1477|1478|1479|1480|1481|1482|1483
uws	1486
valorem	1477
van	1484
vandalism	1486
vectoring	1481
venues	1486
version	1477|1478|1479|1480|1481|1482|1483|1484|1485|1486|1487|1488|1489|1490|1491|1492|1493|1494|1495|1496
very	1485|1495
video	1479
videographer	1484
view	1477|1478|1479|1480|1481|1482|1483|1484|1485|1486|1487|1488|1489|1490|1491|1492|1493|1494|1495|1496
visual	1487|1488
volutionnaires	1495
w	1477|1478|1479|1480|1481|1482|1483|1484|1485|1486|1487|1488|1489|1490|1491|1492|1493|1494|1495|1496
war	1479|1482
was	1477|1478|1479|1480|1481|1482|1483|1484|1485|1486|1487|1488|1489|1490|1491|1492|1493|1494|1495|1496
washi	1487
weasel	1483
where	1485|1495
whiteheadi	1479
who	1485
wikipedia	1477|1478|1479|1480|1481|1482|1483|1484|1485|1486|1487|1488|1489|1490|1491|1492|1493|1494|1495|1496
wild	1480
will	1477|1478|1479|1480|1481|1482|1483
winners	1487
with	1477|1478|1479|1480|1481|1482|1483|1486|1487
within	1487|1494
wo	1477
words	1483
work	1477|1478|1479|1480|1481|1482|1483
worked	1485
works	1486|1487
world	1486
worm	1481
wreath	1481
writer	1482
y	1495
you	1477|1479|1480|1481|1482|1483|1496
zbekcha	1486
