'1991-2001'	2064
'Friends'	2059
'Nanna'	2060
'Show	2064|2065|2066|2067|2068|2069|2070|2071|2072|2073
'n	2066
-	2057|2058|2059|2060|2061|2062|2063|2064|2065|2066|2067|2068|2069|2070|2071|2072|2073|2074|2075
--	2060
0	2059|2060|2064|2065|2066|2067|2068|2069|2070|2071|2072|2073
0-60	2072
00	2061|2064|2072
000	2073
01	2067|2068|2070|2073
02	2065|2068
03	2067|2069|2071|2073
04	2057|2059|2073
054	2065
058	2065|2066|2067|2068|2069|2070|2071|2072|2073
06	2062|2070
064	2066|2067|2068|2069|2070|2071|2072|2073
07	2070|2072
075	2066|2067|2068|2069|2070|2071|2072|2073
08	2070|2073
089	2065
09	2066|2070|2073
092	2065
1	2057|2058|2059|2060|2064|2065|2066|2067|2068|2069|2070|2071|2072|2073|2074|2075
1's	2064
10	2060|2065|2070|2073|2074
10-second	2065
100	2060|2065|2066|2067|2073
1000	2067|2069|2073
100th	2065|2072
101	2064|2065|2072
102	2073
102d	2065
103	2070
105P	2072
105th	2064
106th	2065
108	2064
10th	2065
11	2060|2067|2070|2072|2073|2074
11'09	2073
11001001	2070
11th	2067
12	2066|2067|2068|2069|2070|2074
121	2064
1221	2067
123	2057
124	2073
12th	2065|2073
13	2064|2065|2070|2074|2075
130	2064
135	2067
138	2057
139	2070
13th	2067
14	2071
140	2057|2065|2074
1400	2071
1401	2071
1402	2071
1403	2071
1404	2071
1405	2071
1406	2071
1407	2071
1408	2071
1409	2071
141	2065
1410	2071
1411	2071
1412	2071
1413	2071
1414	2071
1415	2071
1416	2071
1417	2071
1418	2071
1419	2071
1420	2071
1421	2071
1422	2071
1423	2071
1424	2071
1425	2071
1426	2071
1427	2071
1428	2071
1429	2071
142nd	2065
1430	2071
1431	2071
1432	2071
1433	2071
1434	2071
1435	2071
1436	2071
1437	2071
1438	2071
1439	2071
1440	2071
1441	2071
1442	2071
1443	2071
1444	2071
1445	2071
1446	2071
1447	2071
1448	2071
1449	2071
1450	2071
1451	2071
1452	2071
1453	2071
1454	2071
1455	2071
1456	2071
1457	2071
1458	2071
1459	2071
1460	2071
1461	2071
1462	2071
1463	2071
1464	2071
1465	2071
1466	2071
1467	2071
1468	2071
1469	2071
147	2066|2067|2068|2069|2070|2071|2072|2073
1470	2071
1471	2071
1472	2071
1473	2071
1474	2071
1475	2071
1476	2071
1477	2071
1478	2071
1479	2071
1480	2071
1481	2071
1482	2071
1483	2071
1484	2071
1485	2071
1486	2071
1487	2071
1488	2071
1489	2071
1490	2071
1491	2071
1492	2071
1493	2071
1494	2071
1495	2071
1496	2071
1497	2071
1498	2071
1499	2071
14th	2065
15	2060|2065
1500	2071
1501	2071
1502	2071
1503	2071
1504	2071
1505	2071
1506	2071
1507	2071
1508	2071
1509	2071
151	2059
1510	2071
1511	2071
1512	2071
1513	2071
1514	2071
1515	2071
1516	2071
1517	2071
1518	2071
1519	2071
1520	2071
1521	2071
1522	2071
1523	2071
1524	2071
1525	2071
1526	2071
1527	2071
1528	2071
1529	2071
153	2073
1530	2071
1531	2071
1532	2071
1533	2071
1534	2071
1535	2071
1536	2071
1537	2071
1538	2071
1539	2071
1540	2071
1541	2071
1542	2071
1543	2071
1544	2071
1545	2071
1546	2071
1547	2071
1548	2071
1549	2071
155	2066|2067|2068|2069|2070|2071|2072|2073
1550	2071
1551	2071
1552	2071
1553	2071
1554	2071
1555	2071
1556	2064|2071
1557	2071
1558	2071
1559	2071
1560	2071
1561	2071
1562	2071
1563	2071
1564	2071
1565	2071
1566	2071
1567	2071
1568	2071
1569	2071
1570	2066|2071
1571	2071
1572	2071
1573	2071
1574	2071
1575	2071
1576	2071
1577	2071
1578	2071
1579	2071
1580	2071
1581	2071
1582	2071
1583	2071
1584	2071
1585	2071
1586	2071
1587	2071
1588	2071
1589	2071
1590	2071
1591	2071
1592	2071
1593	2071
1594	2071
1595	2071
1596	2071
1597	2071
1598	2071
15th	2064|2065
16	2062|2065|2069|2070|2073|2074
160	2060
1634	2069
167	2070
1672	2065
1686	2065
1691	2065
17	2058|2065|2074|2075
172nd	2065
173	2070|2072|2073
1733	2073
174	2066|2067|2068|2069|2071
174th	2065
1775	2065
178	2073
1792	2062
1794	2064
17th	2065
18	2060|2062|2064|2065|2066|2074|2075
1814	2065
184	2064
186	2057
1866	2073
1876	2067
1885	2064
1889	2064
189	2063
1892	2064
1893	2064|2067
1894	2064
19	2059|2061|2065|2067|2070|2074|2075
1900	2073
1906	2065
1910	2064
1912	2065|2069
1916	2065
1919	2065
1921	2065
1922	2065
1923	2064|2065
1924	2064|2065
1925	2065|2066
1926	2065
1927	2064|2065|2069
1928	2065
1929	2065
1930	2064|2065
1930s	2073
1931	2065|2073
1932	2065
1933	2065
1934	2065
1935	2065
1936	2065|2066
1938	2065
1939	2073
1942	2073
1944	2065
1945	2065
1946	2065
1947	2065
1948	2065|2073
1949	2065
1950	2064|2065|2067|2073
1951	2065|2066|2067
1952	2065
1953	2059|2065
1954	2065
1955	2065
1956	2064|2065
1957	2059|2065
1958	2065
1959	2065
1960	2065|2067
1961	2065|2069
1962	2065
1963	2065
1964	2065
1965	2067
1966	2065|2067
1967	2067
1968	2065|2067
1969	2065
196th	2065
1970	2067
1971	2065|2067|2073
1972	2065|2067|2073
1973	2064|2065|2067
1974	2064|2065|2067
1975	2065
1976	2065|2066|2067
1977	2065|2067
1978	2065|2067
1979	2065|2067
1980	2065
1981	2065|2073
1982	2065|2067
1983	2065|2067
1984	2065|2067
1985	2065|2067
1986	2065
1987	2065|2072
1988	2065
1989	2065|2066
199	2064|2065
1990	2065
1991	2065
1992	2065|2066|2070|2072
1993	2065|2067
1994	2065|2067
1995	2065|2066
1996	2065
1997	2059|2065|2067|2073
1998	2060|2073
1999	2067|2073
19th-century	2073
2	2057|2058|2059|2060|2061|2062|2063|2064|2065|2066|2067|2068|2069|2070|2071|2072|2073|2074
20	2069
200	2059|2060|2064|2065|2066|2067|2068|2069|2070|2071|2072|2073
2000	2066|2067|2070|2073
2001	2069|2073
2002	2068
2003	2073
2004	2067|2073
2005	2067|2068|2070|2073
2006	2070|2072|2073
2007	2065|2068|2069|2070|2072|2073
2008	2058|2064|2066|2067|2068|2070|2072|2073
2009	2058|2061|2064|2066|2067|2068|2069|2070|2071|2072|2073|2075
201	2057
2010	2058|2064|2065|2066|2067|2068|2069|2070|2071|2072|2073
2010-08	2067
2010-09	2073
2011	2057|2058|2064|2065|2066|2067|2068|2069|2070|2071|2072|2073
2011-03	2071
2011-12	2069
2012	2058|2059|2062|2063|2064|2065|2066|2067|2068|2069|2070|2071|2072|2073
2012-04	2066
2012-08	2068
2012-09	2064
2012-11	2072
2013	2060|2064|2065|2066|2067|2068|2069|2070|2071|2072|2073|2074
2013-01	2070
2014	2066
204	2065
20Q	2073
20th	2067|2073
20th-century	2073
21	2059|2061|2063
213	2074
214	2072|2073
215	2066|2067|2068|2069|2070|2071|2072|2073
21st	2073
22	2059|2065
227	2067
23	2058|2065
231	2064
232	2065
236	2066
24	2057|2065|2073|2074
24-hour	2073
240	2057
241	2065
248	2064
24th	2073
25	2062|2064|2071
251	2065
259	2066|2067|2068|2069|2070|2071|2072|2073
26	2063|2065
260	2065
2600	2067
262	2070
265	2064
26B_Singles_Chart_number-one_singles	2058
27	2065|2070
278230876	2061
28	2065|2067
280	2066|2067|2068|2069|2070|2071|2072|2073
286	2065
29	2065|2072
29075	2073
291	2064
297	2064
2C-T-21	2067
2C-T-7	2067
2nd	2073
3	2059|2060|2063|2064|2065|2066|2067|2069|2070|2073|2074
30	2061|2065|2066|2067
300	2067
3000	2067
302	2064
30th	2070
31	2062|2064|2065|2068|2070|2072
310	2066|2067|2068|2069|2070|2071|2072|2073
312	2064
31st	2073
32	2065|2074
326760197	2075
328	2065
32nd	2067
33	2065|2067|2074
330	2067
33rd	2073
34	2058|2063|2065|2067|2069
340	2057
343	2066|2067|2068|2070
344	2071
345	2069
349	2065
35	2061|2065|2067
350	2069
357	2072
358	2073
35th	2067
36	2062|2065
37	2065|2066|2067|2068|2069|2070|2071|2072|2073
388	2073
389	2066|2067|2068|2069|2070|2071|2072
39	2065|2066|2070
393	2064
39th	2073
3AM	2059
4	2057|2059|2060|2064|2065|2067|2068|2069|2070|2071|2073|2074
4-Way	2067
40	2057|2073
400	2065|2067
407	2068
40th	2064
411	2065
415	2060
422	2066|2067|2068|2069|2070|2071|2072|2073
425	2057
42d	2065
430	2064
431948151	2057
437	2066|2067|2068|2069|2070|2071|2072|2073
44	2070
442	2060
447	2065
45	2063
458	2065
47	2065|2074|2075
471	2064
48	2065
484690402	2066
49	2065|2073
490571744	2073
490571839	2071
490572676	2069
490572728	2067
491	2064
4Him	2068
4Kids	2073
4Minute	2070
5	2059|2060|2065|2067|2068|2069|2073|2074
500	2060|2064
504331835	2063
505028203	2068
506	2065
50th	2073
510035582	2064
516423529	2059
517	2065
52	2065
520567942	2065
520673475	2072
521	2070|2072|2073
522	2066|2067|2068|2069|2071
528551681	2058
530537244	2070
530569872	2062
532399799	2060
533574490	2074
536	2066|2067|2068|2069|2070|2071|2072|2073
538	2064
54	2065
541	2065
544	2064
545	2066|2067|2068
546	2069|2070|2071|2072|2073
55	2057|2065|2067
554	2065
56	2065|2066
566	2070|2072|2073
567	2066|2067|2068|2069|2071
576	2066|2067|2068|2069|2070|2071|2072|2073
58	2065|2066
59	2057|2064|2065
593	2065
595	2066|2067|2068|2069|2070|2071|2072|2073
59th	2068
5th	2069
6	2057|2060|2065|2070|2073|2074
6's	2069
60	2064|2065|2074
61	2065
617	2072|2073
618	2066|2067|2068|2069|2070|2071
619	2066|2067|2068|2069|2070|2071|2072|2073
62	2065
620	2064
63	2057|2059|2073
64	2057|2065|2073
643	2066|2067|2068|2069|2070|2071|2072|2073
647	2057
652	2065
653	2066|2067|2068|2069|2070|2071|2072|2073
665	2065
67th	2065
68	2057|2074
681	2065
7	2057|2059|2060|2064|2065|2067|2073|2074
7's	2069
70	2057|2059
71	2070
716	2064
71st	2073
72	2073
720	2064
721	2065
73	2066|2067|2068|2069|2070|2071|2072|2073
730	2067
746	2065
74th	2073
757	2066|2067|2068|2071
758	2069
759	2070
76	2063|2065
765	2072|2073
77	2065|2066|2073
771	2066|2067|2068|2069|2070|2071
773	2070
776	2064
778	2064
78	2065
780	2064
781	2072
782	2073
785	2073
786	2064
787	2070
79	2065
7th	2073
8	2057|2060|2063|2064|2065|2066|2067|2073|2074
80	2057|2065|2066
80th	2064|2067|2073
81	2065
812	2064
81st	2067
82	2065
82nd	2067
83	2065
833	2064
84	2065
85	2065
853	2066|2067|2068|2069|2070|2071|2072|2073
85th	2070
86	2064|2065
87	2065
877	2065
88	2065
89	2065
890	2066|2067|2068|2069|2070|2071|2072|2073
897	2065
8th	2073
9	2059|2060|2064|2065|2066|2067|2068|2069|2070|2071|2072|2073|2074
9-12	2067
90	2058|2059|2064|2066
907	2064
908	2065
90th	2073
91	2065|2069
911	2073
913	2065
92	2065
921	2067
922	2066|2067|2068|2069|2070|2071|2072
923	2073
93	2064|2065
94	2060|2064|2065
947	2065
948	2064
95	2064|2065
96	2064|2065|2066
97	2057|2065
98	2065|2066
986	2065
99	2059
998	2066|2067|2068|2069|2070|2071|2072|2073
99ers	2067
9pm	2059
9th	2064|2065
A	2057|2058|2059|2060|2062|2063|2064|2065|2066|2067|2068|2069|2070|2071|2072|2073
A-Long	2059
A-Love	2059
A-Team	2066
A-list	2066
A-train	2070
A123	2066
AARP	2070
AAdvantage	2066
AB	2069
ABC	2066
AC	2064
ACC	2066
ACT	2069
AD	2066
ADK	2073
AFI's	2066
AFL	2065
AHL	2066
AIDS	2066
ALCO	2066
ALF	2067
AMTV	2067
APW	2070
AROS	2073
ARTICLES	2060
ARTnews	2069
ASSESSING	2060
AT	2072|2073
AVN	2070
AWA	2073
AWB	2060
AXA	2068
Aa	2060
Aalborg	2073
Aalefj	2060
Aaliyah	2067
Aardvark	2066
Aarflot	2060
Aaron	2060|2067
Aarons	2060
Aarts	2060
Ab	2060
Abad	2060
Abashvili	2060
Abassi	2060
Abate	2060
Abaya	2060
Abba	2067
Abba-esque	2059
Abbai	2060
Abbas	2060
Abbasi	2060
Abbate	2060
Abbate-Bulatova	2060
Abbatucci	2060
Abbe	2060
Abbiati	2060
Abbiss	2060
Abbot	2060
Abbott	2060|2066|2073
Abby's	2070
Abc	2063
Abd	2060
Abdaliev	2060
Abdizhamil	2060
Abdolkarimi	2060
Abducted	2070
Abdul	2060|2066
Abdulino	2072
Abdullah	2060
Abdulmohsen	2073
Abe	2060
Abeille	2060
Abel	2060
Abell	2070
Abenia	2060
Abercrombie	2060
Aberdeen	2067
Abernathy	2060
Abeshaus	2060
Abigail	2066
Abington	2067
Abiola	2060
Ableman	2073
Ableson	2060
Ablinger	2060
Ablyazin	2060
Abner	2060
Abney	2060
Aboard	2069
Abomeli	2060
Abono	2060
Aboona	2060
Abou-Nehra	2060
Aboudou	2060
About	2057|2058|2059|2060|2061|2062|2063|2064|2065|2066|2067|2068|2069|2070|2071|2072|2073|2074|2075
Above	2068
Aboyantz	2060
Abraham	2060|2066
Abrahams	2060
Abramovich	2060
Abramowitz	2060
Abrams	2060|2073
Abramson	2060
Abrantes	2060
Abreu	2067
Abrines	2060
Abromeit	2060
Abshagen	2060
Absil	2060
Absinthe	2073
Absolute	2064
Abu	2060|2066
Abubakar	2060
Abuelhawa	2073
Abul-Qasim	2060
Abuladze	2060
Abyngdon	2064
Abyssinia	2073
Ac	2060
Acad	2066
Academy	2064|2066|2067|2068|2070|2072|2073
Acafellas	2066
Acanthocephala	2066
Acas	2070
Acaster	2060
Acatl	2066
Accatino	2060
Accelerate	2066
Access	2066
Accidentally	2067
Accommodation	2072
According	2066
Ace	2060|2069
Acela	2066
Aces	2066
Acevedo	2060
Acharya	2060
Achates	2060
Achaya	2060
Achievement	2066
Achim	2060
Achinstein	2072
Achitsky	2070
Achong	2060
Achozen	2067
Achten	2060
Achterberg	2060
Acker	2060
Ackerman-Smith	2066
Ackermann	2060
Ackley	2073
Acord	2060
Acorda	2073
Acosta	2060
Acquainted	2066
Acquanetta	2066
Acrassicauda	2066
Across	2066
Act	2062|2066|2073
Actions	2057|2058|2059|2060|2061|2062|2063|2064|2065|2066|2067|2068|2069|2070|2071|2072|2073|2074|2075
Acton	2060
Actuary	2070
Acworth	2060
Ad	2060
Adablah	2060
Adair	2060|2070
Adalene	2066
Adam	2060|2064|2069|2070
Adam-12	2067
Adame	2060
Adamjee	2060
Adams	2057|2060|2066|2067|2069|2072|2073
Adamso	2060
Adamson	2060
Adamy	2060
Adaptation	2066
Adayanthrath	2060
Addams	2066|2073
Addicted	2066|2073
Addison	2066
Addleton	2060
Addy	2060
Adedibu	2060
Adele	2060|2065
Adelizzi	2060
Adelman	2060
Adelson	2068
Adema	2073
Ademollo	2060
Adeney	2060
Adenowo	2060
Adeogun-Phillips	2060
Ader	2060
Aderente	2060
Adiele	2060
Adkins	2060
Adler	2060|2073
Adlersky	2069
Administrative	2068|2070|2072
Admirable	2073
Admiral	2073
Admission	2066
Adobati	2060
Adobe	2066
Adougan	2064
Adrian	2060
Adriana	2060
Adrien	2060
Adrienne	2067
Adshead	2060
Adult	2066
Advance	2067
Advanced	2066|2067|2069
Adventure	2066
Adventures	2066
Advertising	2067
Advisors	2072
Advocate	2066
Adz	2066
Ae	2060
Aerents	2060
Aerial	2068
Aerol	2064
Aeropro	2066
Aerosucre	2066
Aerts	2060
Af	2060
Affleck	2072
Afragola	2073
Africa	2060|2067
African	2064|2065|2066|2070
Afrikaner	2060
Afroudakis	2060
After	2066|2069|2070|2073
Ag	2060
Again	2058|2059|2064|2069
Against	2059|2066|2067|2070
Agalliu	2060
Agalloch	2070
Agate	2066
Agbakoba	2060
Agbamuche	2060
Agbayani	2060|2073
Agbobli	2060
Age	2066
Agee	2060
Agency	2066
Agenda	2064
Aggerholm	2060
Aggies	2068
Aggressive	2068
Agile	2066
Agius	2060
Agnese	2060
Agnesi	2060
Agnew	2060
Agolli	2060
Agon	2069
Agostini	2060
Agostinucci	2060
Agosto	2060
Agoura	2066
Agrawal	2060
Agricola	2060
Agry	2060
Agryz	2072
Agryzsky	2072
AguaClara	2066
Aguayo	2060
Agucchi	2060
Aguiar	2060
Aguilar	2060
Aguilera	2059|2072
Aguirre	2060|2066
Agus	2060
Agut	2060
Ah	2060
Ahalt	2060
Ahlmann	2068
Ahmed	2064|2068
Ai	2060
Aibonito	2066
Aid	2068
Aiken	2066
Ain't	2059|2066
Air	2064|2065|2066|2068|2072
AirPlay	2066
AirPort	2066
Airdrie	2070
Airlines	2066|2067
Airplane	2066
Airplanes	2058|2059|2073
Airport	2066|2072
Airwaves	2067
Airways	2064
Airwolf	2067
Aj	2060
Aja	2066
Ak	2060
Ak-Dovurak	2070
Akaka	2066|2068
Akers	2070
Akiba	2066
Akino	2067
Akita	2066
Akiu	2073
Akon	2066
Akoya	2072
Akron	2066|2068
Aksha	2070
Aksubayevo	2072
Aksubayevsky	2072
Aktanyshsky	2072
AkustiChrisye	2064
Al	2060
Al-Bassam	2073
Al-Shabaab	2066
Alabama	2066|2068|2070
Aladdin	2066
Alali	2060
Alameda	2067
Alamogordo	2066
Alamosa	2066
Alan	2064|2067
Alane	2066
Alapayevsk	2072
Alapayevsky	2070
Alaska	2066|2069
Alaskan	2066
Alatyr	2072
Alatyrsky	2072
Alba	2066
Albanese	2066
Albano	2067
Albany	2066|2067
Albatross	2059|2066|2070
Alben	2072
Albert	2066|2069|2073
Alberta	2066|2069|2070|2073
Albion	2064
Album	2066|2070
Albuquerque	2066
Alcala	2069
Alcatraz	2066
Alcohol	2066
Alcorn	2068
Aldershot	2064
Aldrin	2070
Alejandro	2066
Alemannisch	2074
Alessandra	2072
Alex	2064|2066|2072
Alexander	2060|2069|2073
Alexandra	2059
Alexandria	2067
Alexandro-Nevsky	2072
Alexandrovo-Gaysky	2070
Alexandrovo-Zavodsky	2070
Alexandrovsk	2068|2072
Alexandrovsk-Sakhalinsky	2072
Alexeyevsky	2072
Aleysk	2070
Aleysky	2070
Alfie	2069
Alfred	2066|2067
Alfredo	2060
Algiers	2066
Algo	2069
Algonquin	2066
Algorithm	2067
Ali	2066|2069|2073
Alias	2067
Alibi	2069
Alice	2066|2067|2069|2072
Alien	2066|2069
Alienoid	2069
Aliens	2069
Alight	2069
Alikovo	2072
Alikovsky	2072
Aliprandi	2066
Aliquippa	2073
Alister	2064
Alive	2058|2059|2066|2069
Alizadeh	2069
Alkeyevsky	2072
All	2058|2059|2064|2065|2066|2067|2068|2069|2070|2071|2072|2073
All-America	2066
All-Star	2066|2067|2073
Allah	2060
Allan	2066|2067
Allegheny	2066
Allen	2066|2067|2070|2072
Alley	2066|2068
Alliant	2066|2067
Alligator	2066
Ally	2067
Alma	2069
Almetyevsky	2072
Almost	2066|2072
Alnashsky	2072
Aloe	2066
Aloha	2066
Aloma	2073
Alomar	2067
Alopaeus	2066
Alpha	2066|2073
Alphabet	2059
Alphas	2066
Alpine	2066|2073
Alpocalypse	2066
Alridge	2073
Alston	2066
AltaVista	2066
Altai	2066|2070
Altaysky	2070
Alter	2066|2067
Alternate	2067
Alternative	2064|2070
Alto	2066
Alton	2066
Always	2059
Am	2060|2069|2072
AmTrust	2073
Amalgamation	2067
Amanda	2060|2070|2073
Amanpour	2073
Amash	2070
Amato's	2066
Amazing	2059|2066|2069
Amazon	2066|2072
Amberfield	2064
Ambergris	2070
Ambrosio	2072
Amdahl	2073
Amelita	2061
Amen	2073
Amendment	2072
America	2059|2062|2066|2067|2073
America's	2069|2070|2073
American	2058|2059|2066|2067|2068|2069|2070|2072|2073
Americana	2067|2072
Americans	2072
Americas	2067
Amerijuanican	2072
AmiZilla	2073
Amiga	2073
AmigaBASIC	2067
Amish	2070
Ammar	2072
Amnesia	2064
Amok	2070
Amondson	2069
Amplified	2069
Amram	2067
Amsterdam	2064
Amtrak	2066
Amundson	2067
An	2060|2073
Ana	2067
AnaROBIK	2070
Anaheim	2068
Anal	2070
Analogs	2069
Anand	2064
Anastacia	2067
Anastasis	2070
Anberlin	2068
Anchor	2072
And	2060|2070|2073
Anderson	2064|2067|2068|2073
Andersonville	2067
Andr	2067
Andretti	2072
Andrew	2060|2064|2073
Andrews	2073
Andy	2067|2073
Angel	2059|2067|2070|2072
Angelia	2073
Angelina	2072
Angelo	2059
Angels	2067
Anger	2072
Angkasuwan	2073
Angry	2064
Anhalt	2068
Anicca	2073
Anichebe	2064
Animal	2068
Animaniacs	2067
Animated	2070
Aniva	2072
Anivsky	2072
Anjaw	2064
Anker	2069
Annapolis	2067
Annie	2067
Annie's	2059
Anniversary	2064|2073
Another	2059|2068
Anschutz	2068
Anson	2067
Answer	2059
Anthem	2072
Anthony	2064|2068|2069|2073
Anti-whaling	2067
Antigod	2068
Antonelli	2067
Antonio	2066|2070|2073
Antropovsky	2070
Anvin	2073
Anwar	2067
Anwil	2067
Any	2059|2064
Anyone	2059
Anything	2059|2073
Ao	2060
Ap	2060
Apache	2059
Apartment	2073
Apastovo	2072
Apastovsky	2072
Apatity	2068
Apogee	2072
Apollo	2067|2073
Aponitishchi	2072
Appalachia	2069
Appalachian	2067|2072
Appaloosa	2073
Apple	2059|2067|2068|2070|2073
Apple's	2067
Apples	2064|2073
Applicant	2070
Appointment	2064
Appomattox	2072
Apprentice	2069
April	2064|2065|2066|2067|2068|2069|2070|2071|2072|2073
Aq	2060
Aqua	2070
Aquaman	2073
Aquarama	2073
Aquarium	2073
Aquino	2067|2069
Ar	2060
Arachnos	2067
Arai	2067
Arapaho	2068
Arbeitman	2067
Arbutus	2068
Arce	2069
Arch	2057
ArchAndroid	2070
Archerwill	2070
Archetype	2067
Archibald	2064|2069|2073
Archibong	2068
Arctic	2070
Ardor3D	2073
Are	2059|2069|2072|2073
Area	2057|2068|2070
Arena	2064|2070
Argentinas	2064
Arias	2068
Arieta	2069
Arika	2067
Arithmetic	2063
Arizona	2066|2068|2070|2073
Arkansas	2067|2068|2073
Arkhangelsk	2068
Arlington	2057|2073
Armenia	2073
Armour	2073
Armstrong	2067|2072
Army	2073
Army-Navy	2072
Arnaud	2068
Arndt	2067
Arnold	2060|2069|2073
Around	2059|2064|2069
Arrants	2072
Arrow	2070
Arroyo	2067
Arsenal	2064|2070
Arsk	2072
Arsky	2072
Art	2059|2064|2067|2068
Arteta	2067
Arthur	2060|2064
Articles	2060
Artillery	2065
Artistic	2062
Artru	2073
Arts	2060|2070|2072
Artur	2070
Arundel	2064
As	2060|2064|2070
Asbest	2072
Ascent	2073
Ash	2069
Asha	2059
Ashburn	2070
Ashcroft	2067
Asher	2064
Ashes	2059|2070
Ashikodi	2060
Ashley	2064
Asian	2066|2069|2073
Asimov	2070
Ask	2064
Askizsky	2070
Asleep	2064
Asphodeline	2073
Asprey	2073
Assaf	2060
Assault	2073
Assay	2062
Assignment	2070|2073
Associa	2072
Association	2068|2069|2072
Asteroids	2068
Aston	2064
Astor	2070
Astrakhan	2067
Astronomy	2073
At	2060|2064|2067|2073
Atanasoff	2067
Atkarsky	2070
Atl	2069
Atlanta	2066|2070
Atlantic	2057|2067|2068|2070
Atlas	2067
Atmospheric	2067
Atninsky	2072
Atomic	2059
Atra	2070
Atran	2069
Atreyu	2067
Atsuts	2060
Attias	2067
Attic	2072
Attitude	2064
Attribution-ShareAlike	2057|2058|2059|2060|2061|2062|2063|2064|2065|2066|2067|2068|2069|2070|2071|2072|2073|2074|2075
Au	2060
Aubrey	2064
Aubry	2068
Auburn	2057|2068|2072
Audition	2070
Audrey	2073
Auger	2064
August	2064|2065|2066|2067|2068|2069|2070|2071|2072|2073
Auld	2064
Ault	2073
Australia	2065
Australian	2064|2065
Austrian	2073
Authority	2070
AutoWikiBrowser	2060
Automatic	2068
Autonomous	2069|2070
Autopsy	2073
Av	2060
Avenue	2057|2064|2067|2069
Avex	2067
Aw	2060
Awake	2072
Award	2072
Awards	2067|2068|2070|2072|2073
Awesome	2073
Ax	2060
Axel	2059
Ay	2060
Ayala	2069|2072
Ayke	2060
Ayumi	2073
Az	2060
Azar	2070
Aznakayevsky	2072
Aztecs	2068
Azurik	2068
B	2057|2058|2059|2060|2061|2062|2063|2064|2065|2066|2067|2068|2069|2070|2071|2072|2073|2074|2075
BACKLOG	2060
BBC	2064
BELOW	2060
BSAC	2064
Ba	2059|2060
Babangida	2073
Babe	2059
Babies'	2070
Babur	2060
Baby	2059|2066|2070
Baby's	2059
Babyland	2073
Babysitting	2066
Baccarat	2069
Bach	2064
Bachelor	2059
Bachelorette	2073
Back	2059|2064|2066|2067|2069
Backmasking	2068
Bad	2059|2072|2073
Baddeley	2064
Badger	2064
Badgers	2068
Badley	2064
Badwan	2064
Bag	2059
Bagansky	2068
Baghdad	2069
Bagrationovsk	2068
Bagrationovsky	2068
Bagumbayan	2067
Bahasa	2057|2063|2074
Bahrain	2073
Bailey	2064|2069|2070
Bailon	2067
Bajo	2067
Baker	2064|2070
Bakjian	2073
Bal	2070
Balakovsky	2070
Balance	2070
Balanced	2063
Balanchine	2069
Balashovsky	2070
Baley	2070
Baleysky	2070
Balezino	2072
Balezinsky	2072
Ball	2068|2069
Ballad	2059
Ballpark	2066
Balls	2059
Baloche	2070
Baloola	2068
Baltasinsky	2072
Baltaysky	2070
Baltiysky	2068
Banana	2067
Banay	2073
Band	2059|2069|2070
Banda	2067
Banditti	2073
Bandslam	2073
Bane	2057|2068
Bang	2068
Bangko	2070
Bangu	2069
Bank	2067|2073
Banknotes	2064
Banshee	2070
Bao	2073
Baptism	2067
Bar	2068
Barabinsky	2068
Barack	2066|2067|2070
Barbados	2059
Barbara	2066
Barbie	2059
Barbosa	2072
Barcelona	2064
Bardymsky	2072
Bare	2067
Barguzinsky	2070
Barker	2064
Barkley	2059|2072
Barnes	2064
Barney	2067|2069
Barnsley	2064
Baron	2067
Barr	2073
Barrasso	2072
Barratt	2064
Barrett	2064
Barrington	2067
Barry	2064|2068
Barsovo	2069
Bartholomew	2064|2068
Bartiromo	2072
Bartlet	2073
Bartley	2064
Barun-Khemchiksky	2070
Base	2069
Baseball	2066|2072
Bash-n-the-Code	2072
Bashir	2067
Basilio	2072
Basket	2073
Basque	2073
Basshunter	2069
Batetsky	2068
Bath	2064
Batman	2067|2070
Bats	2072
Batsford	2064
Battersby-Brown	2064
Battista	2060
Battle	2064|2067|2069|2070|2072|2073
Battleship	2064
Batum	2068
Batyrevsky	2072
Bauntovsky	2070
Bautista	2060
Bavlinsky	2072
Bax	2064
Bay	2057|2065|2069|2072
Bay-Tayginsky	2070
Bayevsky	2070
Baylor	2068|2070
Bayramov	2073
Bb	2060
Bc	2060
Bd	2060
Be	2059|2060|2064|2072|2073
Bearcats	2068
Beard	2064
Bears	2068|2070
Beasley	2069
Beat	2058|2059|2070
Beatles	2064
Beatrice	2060
Beats	2059
Beattie	2064
Beautiful	2058|2059|2062|2066
Beauty	2066|2073
Beaver	2072
Beavers	2068
Because	2059|2072
Beck	2070
Beckford	2073
Beckman	2073
Become	2059
Becta	2064
Bedford	2073
Beedi	2064
Beelzebubs	2073
Beer	2064
Beethoven	2064
Beetlebum	2059
Before	2073
Beggin'	2058
Begin	2059
Beginners	2064
Beguine	2059
Behind	2064
Being	2059
Beira	2069
Belafonte	2072
Beledweyne	2073
Belfast	2059
Believe	2059
Bell	2064|2068
Belladonna	2069
Belle	2072
Bello	2069
Bellowhead	2064
Belmer	2060
Belmont	2064
Belokurikha	2070
Belonging	2072
Beltline	2073
Bem	2070
Ben	2069|2072
Bene	2069
Beneath	2059|2064|2073
Benevento	2073
Bengali	2064
Benigno	2067|2069
Bennet	2073
Bennie	2061
Benny	2073
Benson	2072
Berdjoang	2064
Berenbaum	2073
Bergman	2069
Bernard	2060
Berrics	2073
Bert	2060|2064
Berte	2060
Bertha	2064
Berthoud	2057
Bertilda	2060
Beryozovsky	2072
Bessborough	2064
Bessho	2073
Best	2064|2072|2073
Bethenny	2070
Beting	2070
Better	2058
Beyonc	2059|2061|2070
Beyond	2070
Beysky	2070
Bezerra	2072
Bf	2060
Bg	2060
Bh	2060
Bhikari	2070
Bi	2060
Biancalani	2070
Bichursky	2070
Biden	2072
Bidlake	2064
Big	2066|2070|2073
Bigmouth	2064
Bigode	2069
Bijan	2060
Bill	2060|2061|2064
Billie	2059
Billington	2064|2072
Billionaire	2058
Billy	2059|2064
Binnie	2064
Biography	2060|2070
Bird's	2064
Birthday	2070|2073
Bishop	2064
Biysky	2070
Bizarre	2073
Bj	2060
Bjorkstrand	2069
Bk	2060
Bl	2060
Black	2057|2059|2064|2070|2072
Black-Elliott	2057
Blackberry	2059
Blackburn	2064
Blackhawks	2066
Blackout	2070
Blagoveshchensky	2070
Blair	2072
Blais	2069
Blake	2066
Blame	2059
Blanc	2069
Blanchard	2069
Blanco	2070
Blank	2070
Blasphemous	2064
Blazers	2066|2068
Bleby	2064
Bleeding	2059
Blessthefall	2070
Blithe	2064
Blitzkrieg	2072
Blob	2072
Bloch's	2063
Block	2057|2059
Blogger	2070
Blondie	2059
Blood	2059|2064
Bloodmobile	2074
Bloody	2070
Bloom	2072
Bloomfield	2064
Blossom	2059
Blu	2059
Blu-ray	2072
Blue	2059|2068|2072
Blundell-Hollinshead-Blundell	2064
Blur	2064
Blurry	2072
Bm	2060
Bn	2060
Bo	2060
Boarisch	2074
Bob	2064|2070|2073
Bobby	2067|2070
Bobcats	2068|2070
Boden	2069
Bodo	2060
Body	2058
Bodyguard	2070
Boeing	2070
Bogradsky	2070
Bohemian	2059
Boilermakers	2068
Boise	2068
Bokro	2069
Bolan's	2064
Bolender	2069
Bolgar	2072
Bolshesosnovsky	2072
Bolton	2064
Bom	2059
Bombardier	2074
Bombay	2070
Bombi	2074
Bond	2064
Bondarchuk	2072
Bones	2067
Bonkers	2059
Bonner	2072
Bonnie	2059
Book	2060
Bookforum	2070
Books	2069
Boom	2058|2059
Boombastic	2059
Boone	2057
Boonslick	2057
Booth	2070|2073
Bootie	2059
Bop	2072
Border	2064
Borderlands	2069
Boreanaz	2072
Boren	2072
Boris	2061
Born	2059
Borough	2064|2072
Borzinsky	2070
Borzya	2070
Bosanski	2074
Boss	2072
Boston	2068|2070
Bottle	2058
Boulevard	2057
Bound	2059
Bournival	2069
Bow	2058
Bowden	2064
Bowie	2059
Bowles	2064
Bowling	2068
Bowman	2069
Box	2064
Boy	2058|2059|2064|2068|2069
Boys	2059
Bp	2060
Bq	2060
Br	2060
Brad	2066
Bradford	2064
Bradley	2060
Bradshaw	2060
Brady	2064
Bragin	2069
Brains	2072
Brainwashed	2064
Brame	2064
Branch	2064
Brand	2059
Brandweek	2072
Brannigan	2064
Brasileiro	2069
Brass	2059
Brazilian	2069
Brazos	2073
Break	2058|2059
Breakfast	2059
Breaking	2064
Breast-shaped	2075
Breathe	2059
Breathing	2069
Breathless	2059
Breedlove	2069
Breeze	2064
Brej	2069
Bremer	2072
Brenen	2064
Brent	2069
Brett	2060
Brewers	2067
Brewster	2072
Brian	2064|2069
Brick	2059
Brides	2064
Bridge	2057|2059|2067
Bridges	2057
Brigade	2064|2065
Bright	2059|2066
Brighton	2064
Brimful	2059
Bring	2059
Bristol	2064
Britain	2065
British	2059|2064|2065|2066
Britney	2070
Britons	2065
Brixton	2064
Broadcast	2069
Broadside	2064
Broadwell	2072
Brock	2072
Broken	2059|2064
Bromwich	2064
Broncos	2067|2068|2070
Bronson	2067
Bronx	2072
Brooklyn	2072|2073
Brophy	2064
Broughton	2064
Brown	2064|2072
Bruce	2060|2064
Bruins	2068|2070
Bryan	2067|2069
Bryant	2061
Brynmawr	2064
Bs	2060
Bt	2060
Bu	2060
Buccaneers	2065
Buchanan-Smith	2064
Buckeyes	2068
Buckner	2064
Bud	2066
Buddy	2060
Buffalo	2068|2070
Buffaloes	2068
Buffy	2069
Bugulminsky	2072
Buguruslan	2072
Building	2073
Buinsky	2072
Bulge	2073
Bull	2064
Bulldogs	2068|2069|2070|2072|2073
Bulletproof	2059
Bullion	2062
Bulloch	2064
Bulls	2068|2070
Bunton	2069
Burke	2059
Burn	2059|2070
Burning	2064
Burnside's	2063
Burton	2064|2072
Burwell	2064
Bury	2064
Bush	2061|2072
Business	2057|2066
Bust	2069
Buster	2059
But	2059
Butcher	2064
Butler	2064
Butterfly	2059
Buy	2059
Buzuluk	2072
Buzz	2070
Bv	2060
Bw	2060
Bx	2060
By	2060
Bye	2059
Bz	2060
C	2057|2058|2059|2060|2061|2062|2063|2064|2065|2066|2067|2068|2069|2070|2071|2072|2073|2074|2075
C'est	2059
CAT	2060
CBS	2069
CONSIDER	2060
CV	2069
Ca	2060
Cadillacs	2072
Cahn	2072
Cajuns	2068
Cake	2072
Cakes	2059
Cal	2073
CalPOP	2072
Caldecott	2072
Calder	2068
Calgary	2073
California	2057|2059|2060|2067|2068|2072
Call	2059
Callaghan	2064
Cambodian	2072
Cambridgeshire	2064
Cameron	2064|2069
Camilla	2072
Cammile	2060
Camo	2069
Campaign	2073
Campbell	2064
Campeonato	2069
Campus	2072
Can	2059
Can't	2059|2072
Canada	2068|2075
Canadian	2072|2073
Cancer	2072
Candle	2059
Candy	2059
Canned	2072
Canning	2064
Cannon	2072
Cannonball	2059
Canonsburg	2072
Cansema	2072
Cantrell	2059
Canucks	2070
Canutte	2060
Canwest	2072
Canynges	2064
Canyon	2057|2072
Cape	2072
Capit	2069
Capital	2072
Capitol	2072
Caplan	2069
Capri	2072
Cara	2059
Caravan	2059
Cardinal	2068
Cardinals	2068|2069|2070
Care	2066
Careless	2059
Carlina	2070
Carlo	2060
Carlos	2070|2072
Carmelo	2068
Carmen	2072
Carmine	2060
Carnival	2059
Carol	2064
Carolina	2068|2070
Caroline	2060
Carradice	2064
Carrickfergus	2064
Carroll	2069|2072
Carry	2072
Cars	2059
Carson	2062
Carter	2064|2069|2072
Carthage	2072
Cascade	2070
Case	2073
Cash	2069
Cashmore	2064
Casino	2064
Casper	2064
Cast	2064
Cast-iron	2069
Casualty	2059|2064
Cat	2064
Catal	2074
Catching	2064
Categories	2057|2058|2059|2060|2061|2062|2063|2074|2075
Category	2057|2058|2059|2060|2061|2062|2063|2064|2065|2066|2067|2068|2069|2070|2071|2072|2073|2074|2075
Cathedral	2069
Catherine	2064
Catholic	2073
Catiline	2064
Catt	2064
Cattell	2064
Causeway	2064
Cavaliers	2068|2070|2073
Cavalry	2064|2065
Cave-Brown	2064
Cawthra	2064
Cb	2060
Cc	2060
Cd	2060
Ce	2060
Cedar	2067
Celebration	2064
Celio	2069
Celtics	2070
Center	2068|2069
Central	2067|2068
Century	2067|2073
Cf	2060
Cg	2060
Ch	2060
Cha	2059
Chain	2059
Chains	2072
Challenge	2068
Champion	2058
Championship	2064|2065|2066|2070|2073
Championships	2065|2066|2067
Chance	2058|2059
Chandra	2060
Change	2069
Changed	2059
Changes	2059
Channel	2070
Chanson	2059
Chapel	2059|2066
Charles	2057|2060|2067
Charlotte	2062|2064|2070
Chart	2058|2059
Chase	2069
Chayben	2060
Cheep	2059
Cheer	2072
Chelsea	2068
Chemistry	2069
Cheney	2061
Cher	2059
Cherepovets	2069
Cherokee	2069
Cherry	2059
Cheryl	2059
Chesley	2061
Chicago	2066|2070
Chicken	2059
Chief	2062
Child	2059
Children	2069|2070
Chilean	2069
China	2059
Chinese	2069
Chipmunk	2058
Chippewas	2068
Chirpy	2059
Chocolate	2059
Chose	2072
Chris	2069
Christ's	2069
Christian	2068
Christianity	2067|2068
Christians	2061
Christina	2059|2072
Christmas	2059|2067
Christopher	2064|2069
Christos	2060
Chukotka	2069
Chulalongkorn	2069
Church	2061|2066|2069|2073
Chuvash	2072
Ci	2060
Cilla	2064
Cincinnati	2068
Cinderella	2059
Circle	2057
Circuit	2073
Citadel	2069
Cities	2070
Citizen	2069
City	2057|2062|2067|2069|2072|2073
Civil	2065|2069
Cj	2060
Ck	2060
Cl	2060
Clair	2059
Claire	2064
Clarence	2060
Clarke	2069
Clarkson	2069|2072
Classic	2066
Claud	2061
Clay	2059
Clean	2064|2065|2066|2067|2068|2069|2070|2071|2072|2073
Cleaver	2061
Cleeton	2061
Clemente	2060
Clemson	2068|2070
Cleveland	2073
Clifford	2064
Climax	2058
Climb	2059
Clinton	2061
Closer	2058|2059
Cloud	2069
Clovis	2073
Club	2058|2059|2064|2066|2072
Clube	2069|2071
Clues	2066
Clyde	2059
Cm	2060
Cn	2060
Co	2060|2068
Cochran	2069
Coffee	2059
Coin	2062
Coinage	2062
Coins	2062
Colchester	2072
Colcord	2062
Cold	2070
Cole	2059|2069
Colfax	2057
Colin	2060
Collberg	2069
College	2066|2068|2069
Collie	2064
Colorado	2057|2066|2068|2069
Colours	2059
Columbia	2062|2066
Come	2058|2059
Comes	2059
Coming	2059
Commission	2062|2067
Commissioner	2073
Commodores	2068|2069
Commons	2057|2058|2059|2060|2061|2062|2063|2064|2065|2066|2067|2068|2069|2070|2071|2072|2073|2074|2075
Communication	2066
Community	2057|2058|2059|2060|2061|2062|2063|2064|2065|2066|2067|2068|2069|2070|2071|2072|2073|2074|2075
Commuting	2064
Competition	2070
Composition	2069
Compressed	2074
Concert	2073
Concrete	2059
Concubine	2069
Condominiums	2072
Conference	2067|2073
Confessin'	2059
Congratulations	2059
Congress	2066|2073
Congruent	2063
Conjectures	2063
Conne	2069
Connecticut	2068|2070
Connell	2069
Consider	2060
Conspiracy	2064
Constant	2063
Constitution	2072
Consumer	2069
Contact	2057|2058|2059|2060|2061|2062|2063|2064|2065|2066|2067|2068|2069|2070|2071|2072|2073|2074|2075
Contents	2057|2058|2059|2060|2061|2062|2063|2064|2065|2066|2067|2068|2069|2070|2071|2072|2073|2074|2075
Contour	2069
Controlled	2069
Copyright	2073
Coral	2072
Corbon	2067
Core	2066
Cornering	2074
Cornhuskers	2072
Corp	2073
Corporation	2073
Corps	2068
Corr	2069
Corregidor	2067
Corrs	2059
Cotton-Eyed	2059
Cougars	2068|2073
Council	2064
Countdown	2073
Countess	2064
Counties	2075
Country	2059
County	2057|2059|2066|2070
Covering	2063
Cow	2064
Coward	2059
Cowboys	2068
Coz	2059
Cp	2060
Cq	2060
Cr	2060
Crack	2058
Cracknell	2069
Craft	2074
Craig	2060
Crain	2061
Crank	2058
Crazy	2059|2070
Create	2057|2058|2059|2060|2061|2062|2063|2064|2065|2066|2067|2068|2069|2070|2071|2072|2073|2074|2075
Creative	2057|2058|2059|2060|2061|2062|2063|2064|2065|2066|2067|2068|2069|2070|2071|2072|2073|2074|2075
Credit	2069
Creek	2067
Cricket	2065
Cried	2069
Crime	2064
Crimson	2066|2068
Crispino	2060
Cronaca	2067
Cross	2069
Crossover	2074
Crossroads	2059
Crown	2069
Cruikshank	2069
Cruz	2058
Cry	2072
Crying	2059
Cs	2060
Ct	2060
Cu	2060
Cuba	2067
Cullen	2063
Culture	2064
Cum	2059
Cup	2064|2065|2072|2073
Current	2057|2058|2059|2060|2061|2062|2063|2064|2065|2066|2067|2068|2069|2070|2071|2072|2073|2074|2075
Curro	2060
Custard	2064
Cut	2067
Cut-off	2057
Cuthbert	2069
Cv	2060
Cw	2060
Cx	2060
Cy	2060
Cybertip	2069
Cycle	2069
Cyclones	2068|2072
Cymraeg	2059|2074
Cz	2060
D	2057|2058|2059|2060|2062|2063|2064|2065|2066|2067|2068|2069|2070|2071|2072|2073|2074|2075
D'Amour	2059
D'You	2059
DA	2073
DC-4	2064
DJ	2070
Da	2059|2060|2069
Dahlonega	2062
Daisy	2058
Dakota	2059|2067
Dale	2060
Dallas	2070
Damien	2059
Dan	2067|2069
Dance	2058|2059|2066|2070
Dancing	2059
Daniel	2057|2060|2068
Dann	2072
Dansk	2074
Dappy	2058
Darrel	2061
Darrell	2064
Das	2069
Datastorm	2069
Daughter	2059
David	2059|2060|2066|2069|2072
Davies	2069
Dawood	2060
Day	2058|2059|2064|2066|2069
Days	2059|2065|2069|2073
Daytime	2073
Db	2060
Dc	2060
Dd	2060
De	2060|2069
DeVore	2069
Deacons	2068|2070
Dead	2058
Deaf	2064
Dean	2061|2069
Death	2061|2073
Debbie	2060
December	2058|2062|2064|2065|2066|2067|2068|2069|2070|2071|2072|2073
Deck	2069
Declaration	2069
Dedication	2058|2069
Dee	2059
Deep	2058
Degradation	2069
Del	2067
Delaware	2057
Delhi	2064
Deluxe	2068
Democrasoft	2069
Democrats	2073
Demon	2068|2070
Demons	2067
Demonstration	2069
Denis	2060
Denison	2069
Denmark	2065|2075
Dennis	2069
Density	2067
Denton	2070
Denver	2062|2067|2070
Department	2062
Depeche	2064
Dependability	2074
Depository	2062
Der	2058
Design	2069
Deutsch	2074
Developers	2073
Development	2069
Devi	2072
Devils	2068
Df	2060
Dg	2060
Dh	2060
Dharmananda	2069
Di	2060|2069
DiLauro	2069
Diablo	2067
Diamonds	2058
Dick	2061
Die	2068
Diego	2068
DigiTimes	2069
Directors	2062
Dirt	2069
Disambig	2060
Disappointed	2073
Disclaimers	2057|2058|2059|2060|2061|2062|2063|2064|2065|2066|2067|2068|2069|2070|2071|2072|2073|2074|2075
Discrepancy	2063
Disease	2066
Disney	2066
District	2062|2067|2068|2069|2070|2072|2073
Districts	2075
Disturbed	2068
Disturbia	2058
DivX	2069
Division	2065|2067|2073
Divisor	2063
Dj	2060
Dk	2060
Dl	2060
Dm	2060
Dmy	2065
Dn	2060
Do	2058|2059|2060|2064|2065|2066|2067|2068|2069|2070|2071|2072|2073
Doc	2069
Does	2064
Doji	2074
Dollhouse	2072
Dolls	2058
Don't	2058|2059|2064
Donald	2064
Donate	2057|2058|2059|2060|2061|2062|2063|2064|2065|2066|2067|2068|2069|2070|2071|2072|2073|2074|2075
Donigan	2069
Dooley	2060
Doors	2067
Double	2069
Doubt	2059
Doug	2060|2073
Douglas	2064|2073
Down	2058|2067|2069|2073
Download	2057|2058|2059|2060|2061|2062|2063|2064|2065|2066|2067|2068|2069|2070|2071|2072|2073|2074|2075
Dp	2060
Dq	2060
Dr	2060
Dracula	2064
Draft	2066|2067
Drag	2072
Drained	2070
Dream	2059
Dreamliner	2070
Drive	2069|2070
Driver's	2069
Ds	2060
Dt	2060
Du	2060
Ducks	2068|2070
Dudley	2069
Dueling	2069
Duke	2068
Dumebi	2060
Dundee	2065
Dupsy	2060
Durant	2069
Durgawati	2072
Dv	2060
Dvir	2060
Dw	2060
Dx	2060
Dy	2060
Dynamite	2058
Dystopia	2069
Dz	2060
E	2057|2058|2059|2060|2061|2062|2063|2064|2065|2066|2067|2068|2069|2070|2071|2072|2073|2074
EP	2064|2072
EShakti	2069
Ea	2060
Eagles	2068
Earl	2064|2072
Ears	2057
Earth	2069|2070
East	2068
Eastern	2067|2068
Eb	2060
Eberhard	2060
Ebola	2070
Ec	2060
Eckfeldt	2062
Ed	2060
Edit	2057|2058|2059|2060|2061|2062|2063|2064|2065|2066|2067|2068|2069|2070|2071|2072|2073|2074|2075
Edition	2059
Edward	2060|2064|2068
Edwin	2060|2072
Ee	2060
Ef	2060
Eg	2060
Egypt	2064
Eh	2060
Ei	2060
Eileen	2059
Ej	2060
Ek	2060
El	2060
Electric	2059
Electronics	2068
Element	2070
Elevators	2067
Eliana	2072
Elisaeus	2064
Elisha	2069
Elizabeth	2060
Ella	2061
Elm	2057
Elom	2060
Else	2065
Em	2060
Email	2069
Emanuel	2061
Emma	2069
Emmanuel	2060
Emmy	2073
En	2060
Ending	2066
Endurance	2065
England	2059|2075
English	2064|2065|2074
Engraver	2062
Enrico	2060
Enrique	2060
Entertainment	2060|2068|2069|2073
Entry	2066
Environment	2066
Eo	2060
Ep	2060
Epsilon	2073
Eq	2060
Equals	2059
Equitable	2068
Er	2060
Eric	2059|2070
Erick	2070
Erie	2073
Ernest	2069
Es	2060
Eskridge	2060
Esma	2060
Espa	2059|2063|2074
Esperanto	2063|2074
Esporte	2071
Est	2069
Estate	2057
Et	2060
Eternal	2059
Eternals	2069
Eu	2060
Euclid	2063
Eugene	2060
Euler	2063
Europe	2065
European	2065
Eurythmy	2073
Euskara	2074
Ev	2060
Ev'ry	2059
Eva	2060
Evans	2064
Eve	2064|2067
Evelyn	2060
Evenkiysky	2070
Ever	2058|2069|2070
Everybody	2058
Everyday	2069
Everyone	2070
Everything	2059|2065
Evilution	2073
Evolution	2073
Ew	2060
Ewart	2060
Ex	2058|2060
Exaxxion	2072
Excess	2069
Excited	2073
Excursions	2064
Experience	2072
Explorer	2069
Express	2066|2067
Extension	2067
Extreme	2066
Ey	2060
Eyes	2059|2072
Eyez	2069
Ez	2060
Ezarik	2069
F	2057|2058|2059|2060|2061|2062|2063|2064|2065|2066|2067|2068|2069|2070|2071|2072|2073|2074
FA	2060|2064|2065|2066
FC	2064|2068|2070
FCBL	2066
FIFA	2064|2065
FIU	2068
FL	2060
FM	2064
Fa	2060
Fabien	2070
Fabio	2060
Faces	2059
Factor	2070
Factory	2067
Fairfield	2070
Faith	2069
Faithful	2059
Falcons	2068
Fall	2066|2069
Falling	2059|2072
Falls	2072|2073
Fame	2069
Family	2066|2073
Far	2067
Farewell	2069
Faris	2064
Farthest	2070
Fatlabs	2069
Fatmir	2060
Fb	2060
Fc	2060
Fd	2060
Fe	2060
Fear	2067
Featured	2057|2058|2059|2060|2061|2062|2063|2064|2065|2066|2067|2068|2069|2070|2071|2072|2073|2074|2075
February	2064|2065|2066|2067|2068|2069|2070|2071|2072|2073
Federal	2069
Federico	2060
Fedor	2072
Feel	2059
Feeling	2058
Ferdinando	2060
Fermat	2063
Ferrara	2066
Festival	2064
Ff	2060
Fg	2060
Fh	2060
Fi	2060
Fiasco	2058
Fibonacci	2063
Field	2065
Fiesta	2069
Fight	2059|2072
Fighting	2072
Figure	2067
Film	2068
Final	2064
Finals	2072
Fingers	2059
Finland	2075
First	2060|2064
Fitzgerald	2062
Fitzhardinge	2064
Fix	2059
Fj	2060
Fk	2060
Fl	2060
Flag	2058
Flash	2066
Flashes	2068
Flavien	2069
Flavier	2061
Fletcher	2064
Flight	2066|2067
Fliura	2060
Floor	2059|2067
Florida	2068|2072
Flying	2065
Fm	2060
Fn	2060
Fo	2060
Foot	2064
Foot-Ball	2072
Football	2065|2066
Forbes	2060
Force	2064|2067|2068
Forest	2068|2070
Fort	2057|2067|2073
Found	2059
Foundation	2057|2058|2059|2060|2061|2062|2063|2064|2065|2066|2067|2068|2069|2070|2071|2072|2073|2074|2075
Fox	2067
Fp	2060
Fq	2060
Fr	2060|2073
Frame	2064
Fran	2059|2063|2074
France	2065
Francis	2060|2068|2070
Francisco	2057|2060|2062|2066|2069
Franco	2060
Frank	2060|2064
Franz	2060
Freda	2059
Freedom	2070|2072
Fresno	2068
Friday	2064
Friend	2059|2069
Friendly	2063
Friends	2067
Frisky	2058
From	2057|2058|2059|2060|2061|2062|2063|2064|2065|2066|2067|2068|2069|2070|2071|2072|2073|2074|2075
Fs	2060
Ft	2060
Fu	2060
Futebol	2069
Futsal	2072
Future	2067
Fv	2060
Fw	2060
Fx	2060
Fy	2060
Fz	2060
G	2058|2059|2060|2061|2063|2064|2065|2066|2067|2068|2069|2070|2071|2072|2073|2074
G6	2058
G8	2067
GA	2060
GETTING	2060
Ga	2060
Gabriel	2069
Gaelg	2074
Gallery	2067
Galois	2063
Game	2066|2067|2072|2073
Gamecocks	2068
Games	2066|2069
Gardner	2073
Garfunkel	2059
Gary	2067
Gauss	2063
Gaussian	2063
Gb	2060
Gc	2060
Gd	2060
Ge	2060
Gene	2069|2073
Generation	2070|2073
Geoffrey	2064
Geography	2075
Georg	2060
George	2060|2061|2064|2069|2072|2073
Georgia	2066|2067|2068|2070|2072
Georgios	2060
Georgy	2060
Germany	2075
Get	2059
Gf	2060
Gg	2060
Gh	2060
Ghraib	2066
Gi	2060
Gilbert	2060
Giovanni	2066
Girl	2058|2059|2066
Girlfriend	2073
Girls	2058|2059|2064|2072|2073
Giro	2065
Girolamo	2060
Giuga	2063
Give	2059|2069
Gives	2072
Gj	2060
Gk	2060
Gl	2060
Gladstone	2060
Gladys	2060
Glass	2064
Global	2069
Gm	2060
Gn	2060
Gnarls	2059
Go	2058|2059|2060
God	2072
God's	2069
Godfrey	2064
Gold	2059|2066
Golden	2064|2068
Gone	2058
Good	2058|2059
Goodbye	2059|2070
Gophers	2068
Got	2059|2069
Gotta	2058
Gp	2060
Gq	2060
Gr	2060
Grace	2059
Grain	2070
Grand	2066
Grandpa	2061
Gray	2069
Great	2065|2066
Greatest	2064|2065
Green	2058|2068
Greens	2069
Greg	2060
Grey	2072
Griffith	2067
Grip-car	2074
Gritty	2069
Grod	2067
Group	2067|2068
Grove	2057
Grow	2058
Gs	2060
Gt	2060
Gu	2060
Guards	2073
Guglielmo	2060
Gulama	2061
Gun	2064
Gunder	2060
Gurls	2059
Gv	2060
Gw	2060
Gwaii	2072
Gx	2060
Gy	2060
Gyan	2060
Gz	2060
H	2058|2059|2060|2061|2062|2063|2064|2065|2066|2067|2068|2069|2070|2071|2072|2073|2074|2075
HB	2066
HELP	2060
HIV	2066
Ha	2060
Hacker	2067
Had	2059
Hadamard	2063
Hadamard's	2063
Hadwiger	2063
Haida	2072
Hair	2058|2059
Haji	2060
Halfway	2058
Hall	2073
Hamasaki	2073
Hameed	2060
Hamerton-Kelly	2061
Hamilton	2069
Hamish	2060
Hamond	2064
Hamza	2060
Hand	2059
Handle	2059
Hank	2061|2067|2069
Hans	2060|2073
Happy	2059
Hard	2073
Hardest	2058
Haregot	2060
Harold	2061
Harry	2072
Haruna	2060
Hashim	2067
Hasler	2060
Hate	2064
Hatem	2057
Have	2069
Hawaii	2066|2068
Hawkeye	2072
Hawkeyes	2068|2070
Hawks	2070
Hb	2060
Hc	2060
Hd	2060
He	2060
Head	2058|2059
Health	2066
Heart	2057|2058|2059|2070
Hearts	2058
Heat	2070
Heath	2064
Hector	2060
Heels	2068|2070
Heinrich	2066
Helena	2061
Helix	2069
Help	2057|2058|2059|2060|2061|2062|2063|2064|2065|2066|2067|2068|2069|2070|2071|2072|2073|2074|2075
Heman	2072
Henday	2069
Hendrina	2060
Henri	2060
Henry	2057|2064|2073
Hepburn	2073
Her	2059
Herbert	2060
Herd	2068|2070
Heritage	2072|2074
Hermione	2064
Hermite's	2063
Hermon	2064
Hero	2059|2064
Heroes	2067
Herr	2061
Hf	2060
Hg	2060
Hh	2060
Hi	2060
Hicks	2060
Hidden	2062|2064|2065|2066|2067|2068|2069|2070|2071|2072|2073
High	2059|2065|2066|2072|2073
Highlanders	2064
Highway	2057
Hilarie	2072
Hilbert's	2063
Hill	2067|2072
Hillary	2061
Hills	2073
Hilltoppers	2068
Hirmis	2060
His	2064
Historic	2075
Historical	2062|2075
Hitchcock	2067
Hits	2064
Hj	2060
Hk	2060
Hl	2060
Hm	2060
Hn	2060
Ho	2060
Hockey	2065
Hodge	2064
Hokies	2068
Holsinger	2061
Home	2058|2059|2075
Hong	2072
Honors	2072
Honour	2064
Hornjoserbsce	2074
Horror	2070
Horse	2057
Hossein	2069
Hot	2070
Hotel	2057|2066
Hotelling	2061
Hotot	2069
House	2059|2066|2069
Houston	2068
How	2060
Howard	2060|2066|2070|2072
However	2059
Hp	2060
Hq	2060
Hr	2060
Hrvatski	2074
Hs	2060
Ht	2060
Hu	2060
Huckaby	2061
Hugues	2060
Hulteen	2073
Hump	2058
Huntsville	2066
Hurricane	2068
Hurricanes	2068
Huskies	2068|2070
Hv	2060
Hw	2060
Hx	2060
Hy	2060
Hz	2060
I	2057|2058|2059|2060|2063|2064|2065|2066|2067|2068|2069|2070|2071|2072|2073|2074|2075
I'm	2059
I've	2059
II	2060|2064|2069
III	2066|2067
IN	2060
IPC	2066
IS	2060
Ia	2060
Ib	2060
Ic	2060
Ice	2065|2074
Iced	2069
Id	2060
Idaho	2068
Ideas	2069
Ido	2074
Idol	2070
Idoneal	2063
Idris	2060
Ie	2060
If	2058|2060
Ig	2060
Ih	2060
Ii	2060
Ij	2060
Ik	2060
Il	2060
Ilia	2060
Illini	2072
Illinois	2066|2067|2068|2072
Im	2060
Images	2074
Impact	2069
Imperial	2064|2073
In	2058|2060|2072
Inc	2057|2058|2059|2060|2061|2062|2063|2064|2065|2066|2067|2068|2069|2070|2071|2072|2073|2074|2075
Independent	2058
Indian	2066|2068|2072
Indiana	2057
Indianapolis	2057
Individual	2074
Indonesia	2057|2063|2074
Industry	2066
Ines	2060
Infantry	2065|2067|2073
Infusion	2062
Inner	2066|2075
Inoki	2073
Inscribed	2063
Institute	2067|2072
Intel	2067
Intelligence	2065
Interaction	2057|2058|2059|2060|2061|2062|2063|2064|2065|2066|2067|2068|2069|2070|2071|2072|2073|2074|2075
Intercity	2057
Intermediate	2074
International	2065|2066|2067|2073
Internet	2073
Interstate	2057|2066|2069
Invariant	2063
Inverse	2063
Investment	2064
Io	2060
Iowa	2068|2070|2072
Ip	2060
Iq	2060
Ir	2060
Ireland	2064|2065|2075
Irma	2060
Irvine	2072
Is	2058|2059|2060|2066|2069
Island	2067
Islands	2067
Israel	2060|2073
Istv	2060
It	2058|2059|2060|2064|2065|2066|2067|2068|2069|2070|2071|2072|2073
Italiano	2074
Italy	2065
Iu	2060
Iv	2060
Iw	2060
Ix	2060
Iy	2060
Iyaz	2058
Iz	2060
J	2057|2059|2060|2061|2063|2064|2065|2066|2067|2068|2069|2070|2071|2072|2073
JAMZ	2073
JLS	2058
Ja	2060
Jack	2060|2061|2064|2069
Jackets	2068
Jackson	2066|2067
Jacob	2060|2062
Jacques	2060
Jaguars	2068
James	2060|2061|2064|2066|2069
Jamil	2060
Jan	2060
Jane	2059
Janet	2060|2066
January	2060|2064|2065|2066|2067|2068|2069|2070|2071|2072|2073|2074
Japan	2065|2067
Japanese	2067|2073
Jason	2058
Jasper	2060
Javier	2060
Jay	2058
Jb	2060
Jc	2060
Jd	2060
Je	2060
Jean	2059
Jean-Marie	2060
Jean-Pierre-Paul	2060
Jeff	2069
Jeinkler	2060
Jenin	2067
Jerry	2069|2072
Jersey	2057
Jessica	2066
Jf	2060
Jg	2060
Jh	2060
Ji	2060
Jill	2069
Jim	2066|2073
Jimmy	2066|2072
Jj	2060
Jk	2060
Jl	2060
Jm	2060
Jn	2060
Jo	2060
Joe	2059|2062|2070|2072
Joelmir	2070
Johan	2060
Johann	2064
Johannes	2060
John	2059|2060|2061|2064|2067|2068|2070|2072|2073
Johnny	2069
Johnson	2060
Jon	2064
Jonathan	2060|2064
Jones	2061
Jordan	2060|2068
Jorge	2069
Jos	2060
Jose	2068
Josef	2060
Joseph	2060|2064
Josephus	2060
Josh	2066|2069
Josiah	2073
Jp	2060
Jq	2060
Jr	2060|2069
Js	2060
Jt	2060
Ju	2060
Juan	2060|2061
Jubilee	2066
Juggler	2063
Julho	2071
July	2063|2064|2065|2066|2067|2068|2069|2070|2071|2072|2073
Jump	2057|2058|2059|2060|2061|2062|2063|2064|2065|2066|2067|2068|2069|2070|2071|2072|2073|2074|2075
June	2057|2064|2065|2066|2067|2068|2069|2070|2071|2072|2073
Just	2069
Justice	2069
Justin	2070
Justine	2069
Jv	2060
Jw	2060
Jx	2060
Jy	2060
Jz	2060
K	2059|2060|2061|2062|2063|2064|2065|2066|2067|2068|2069|2070|2071|2072|2073
Ka	2060
Kaliningrad	2068
Kamdesh	2067
Kandahar	2069
Kansas	2066|2073
Karakoz	2060
Kardec	2067
Karefa-Smart	2061
Karimuly	2060
Karl	2067
Karnivool	2069
Kasserine	2067
Kathleen	2067
Katie	2068
Kazakhstan	2073
Kb	2060
Kc	2060
Kd	2060
Ke	2060
Kelley	2061
Kelly	2058|2069|2072
Kenni	2060
Kenny	2064
Kent	2068
Kentucky	2068
Key	2059
Kf	2060
Kg	2060
Kh	2060
Khakassia	2070
Ki	2060
Kid	2059|2072
Kieron	2064
Kinds	2059
King	2057|2069
Kingbotk	2060
Kingdom	2059|2064|2065
Kingston	2059
Kirstie	2068
Kiss	2059
Kisses	2067|2070
Kj	2060
Kk	2060
Kl	2060
Km	2060
Kn	2060
Knife	2067
Knights	2068
Know	2059|2069|2070
Knowles	2059|2061|2070
Knut	2060
Ko	2060
Koblo	2061
Kobon	2063
Kodjoe	2061
Koko	2068
Kokouvi	2060
Kong	2072
Korea	2073
Kostiuchn	2067
Kp	2060
Kq	2060
Kr	2060
Krai	2070|2072
Krooked	2069
Ks	2060
Kt	2060
Ku	2060
Kung-Fu	2073
Kv	2060
Kw	2060
Kx	2060
Ky	2060
Kyle	2068
Kz	2060
L	2057|2058|2059|2060|2061|2063|2064|2065|2066|2067|2068|2069|2070|2071|2072|2073|2074|2075
L'Autrichienne	2067
LGBT	2073
LSU	2068
La	2059|2060|2067
LaGrange	2073
Laboratories	2073
Labrinth	2058
Ladies	2058
Lady	2070
Lafayette	2068
Lake	2073
Lamidi	2060
Lancashire	2064
Landau's	2063
Lane	2057|2065
Lanes	2069
Languages	2057|2059|2062|2063|2074
Las	2073
Last	2058
Latin	2063
Latina	2074
Latvie	2074
Laura	2061
Law	2072
Lawrence	2060
Lb	2060
Lc	2060
Ld	2060
Le	2060
Lead	2070
League	2067
Learn	2058
Leave	2058
Legendre's	2063
Legion	2064
Legislature	2069
Leigh	2073
Leitman	2070
Len	2064
Leo	2064|2068
Leonardo	2070
Leonardus	2060
Let	2058
Lf	2060
Lg	2060
Lh	2060
Li	2060
Liar	2059
Libby	2069
License	2057|2058|2059|2060|2061|2062|2063|2064|2065|2066|2067|2068|2069|2070|2071|2072|2073|2074|2075
Lie	2058
Life	2058|2059|2066|2072|2073
Light	2058|2073
Lights	2072
Like	2058|2064
Lillehammer	2060
Lincoln	2057|2066
Lindel	2063
Lindsay	2060
Ling	2074
Lions	2068
Liquid	2074
Lirio	2060
Lisa	2059
List	2058|2060|2062|2063|2067|2072|2073|2074|2075
Lists	2059|2063|2074
Little	2067|2073
Live	2058|2064|2065|2067|2073
Lj	2060
Lk	2060
Ll	2060
Lloyd	2060
Lm	2060
Ln	2060
Lo	2060
Lobos	2068
Lockdown	2058
Lockhart	2064
Lodge	2060
Log	2057|2058|2059|2060|2061|2062|2063|2064|2065|2066|2067|2068|2069|2070|2071|2072|2073|2074|2075
Logging	2074
Lois	2061
Lolita	2072
London	2064
Lonesome	2059
Long	2059
Look	2059
Lost	2066
Lott	2059|2065
Lou	2067
Louder	2065
Louis	2057|2067|2069|2070
Louisiana	2067|2068
Louisville	2068
Lounge	2064
Love	2058|2059|2069|2072|2073
Lovin'	2066|2069
Low	2059
Lp	2060
Lq	2060
Lr	2060
Ls	2060
Lt	2060
Ltd	2068
Lu	2060
Luay	2060
Lucas	2069
Lucy	2060
Luftballons	2059
Luigi	2060
Luis	2073
Luitpold	2060
Lulu	2069
Lupe	2058
Luther	2057|2060
Luton	2074
Luv	2059
Lv	2060
Lw	2060
Lx	2060
Ly	2060
Lychrel	2063
Lyn	2060
Lz	2060
M	2057|2058|2059|2060|2061|2062|2063|2064|2065|2066|2067|2068|2069|2070|2071|2072|2073|2074
MORE	2060
MOSNUM	2065
MP3	2066
Ma	2060
MacNuggits	2070
Machine	2073
Machines	2074
Madeleine	2067
Madonna	2059
Mafia	2070
Magazine	2070
Maggie	2066
Magic	2058|2063
Magyar	2059|2074
Maher	2060|2069
Mail	2066
Main	2057|2058|2059|2060|2061|2062|2063|2064|2065|2066|2067|2068|2069|2070|2071|2072|2073|2074|2075
Majeed	2066
Major-General	2060
Make	2059|2069
Mama	2058
Mamas	2070
Man	2058
Management	2072
Manchester	2065
Mandatory	2065
Manhattan	2073
Manila	2062
Manuele	2069
Manufactured	2074
March	2061|2064|2065|2066|2067|2068|2069|2070|2071|2072|2073
Marco	2073
Maria	2072
Mariasela	2067
Mario	2072
Market	2064
Marko	2069
Mars	2067
Marsh	2072
Marshall	2068|2070
Mart	2069
Martin	2057
Maryam	2073
Maryland	2057|2067|2068
Mascheroni	2063
Massachusetts	2072
Massacre	2064|2070|2073
Masters	2060|2064|2066
Matej	2069
Materials	2067
Mathematical	2063
Matt	2069
Mauritius	2064
Mavericks	2070
May	2064|2065|2066|2067|2068|2069|2070|2071|2072|2073
Maybe	2059
Mayo	2073
Mb	2060
Mc	2060
McBeal	2067
McManus	2059
McMullen	2063
Md	2060
Me	2058|2059|2060|2064|2066|2067|2069|2070
Mean	2059|2068
Medical	2066
Meet	2058
Melanie	2070
Melayu	2074
Melo	2070
Memorial	2057
Memphis	2068
Men's	2065
Meredith	2073
Mersenne	2063
Meshuggah	2069
Methodist	2061
Methodists	2061
Mexico	2066|2068|2073
Mf	2060
Mg	2060
Mh	2060
Mi	2060
Mia	2059
Miami	2068|2070
Micha	2069
Michael	2060|2067|2069|2072
Michaelichin	2072
Michal	2069
Michelle	2059
Michigan	2068|2070|2072
Middle	2068
Miguel	2067
Miles	2066|2074
Military	2057
Millennium	2063
Mills	2063
Milwaukee	2067
Mind	2059
Miners	2068
Minnesota	2068|2072
Mint	2062
Minutemen	2068
Minutes	2059
Mirror	2058
Mirza	2060
Miss	2058|2068|2070|2072
Missionary	2068
Mississippi	2068|2072|2073
Missouri	2068|2070|2073
Mistake	2059
Mitchell	2060
Mixes	2064
Miyagi	2073
Mj	2060
Mk	2060
Ml	2060
Mm	2060
Mn	2060
Mo	2060
Mobile	2057|2058|2059|2060|2061|2062|2063|2064|2065|2066|2067|2068|2069|2070|2071|2072|2073|2074|2075
Mode	2064
Model	2069|2070
Mohamed	2068
Mohammed	2068
Moment	2067
Moments	2066
Monroe	2068
Monster	2058|2059|2069
Monthly	2064|2065|2066|2067|2068|2069|2070|2071|2072|2073
Months	2064
Monty	2060
Montz	2060
Moon	2059|2069
Moonlight	2059|2072
More	2059|2070
Moreno	2061
Morrisville	2073
Mors	2070
Moser's	2063
Mosh	2066
Motion	2072
Motor	2074
Motorcade	2074
Mountain	2059
Mountains	2066
Movie	2066
Movies	2073
Moving	2063
Mozambican	2065
Mozambique	2069
Mp	2060
Mq	2060
Mr	2060
Ms	2060
Mt	2060
Mu	2060
Mubarak	2060
Muddy	2057
Muhammad	2069|2073
Mullin	2063
Murmansk	2068
Museum	2073
Music	2058|2059|2072
Musicians	2060
Mv	2060
Mw	2060
Mx	2060
My	2058|2059|2060|2069|2070
Mz	2060
N	2057|2058|2059|2060|2062|2063|2064|2065|2066|2067|2068|2069|2070|2071|2072|2073|2074|2075
N'Djamena	2067
NA	2060
NASA	2074
NBA	2067|2069|2073
NC	2068|2070
NCAA	2067
NECBL	2066
NEEDED	2060
NHL	2066|2070
NLL	2067
NP	2063
Na	2060
Name	2059
Namespaces	2057|2058|2059|2060|2061|2062|2063|2064|2065|2066|2067|2068|2069|2070|2071|2072|2073|2074|2075
Nanooks	2066
Nat	2069
Nate	2060
National	2057|2064|2068|2069|2072
Nationals	2070
Natural	2075
Naughty	2067
Navier	2063
Navigation	2057|2058|2059|2060|2061|2062|2063|2064|2065|2066|2067|2068|2069|2070|2071|2072|2073|2074|2075
Nb	2060
Nc	2060
Nd	2060
Ne	2060
Ne-Yo	2058|2059
Nebraska	2072
Nederlands	2063|2074
Nedersaksies	2074
Need	2058|2059|2066|2069
Nelson	2063|2064
Neon	2068
Network	2065
Nevada	2057|2066|2068
Never	2058
New	2057|2059|2062|2066|2067|2068|2072|2073
Next	2060|2069|2070
Nf	2060
Ng	2060|2067
Nh	2060
Ni	2060
Nick	2060
Nicolas	2068
Nicole	2060
Nigel	2064
Night	2058|2066|2069|2073
Nights	2069
Ninja	2066
Nittany	2068
Nitty	2069
Nj	2060
Nk	2060
Nl	2060
Nm	2060
Nn	2060
No	2058|2059|2060
Nobody	2059
Noize	2059
Norman	2064
Norsk	2059|2062|2063|2074
North	2066|2067|2068|2070|2072|2073
Northern	2064|2068|2075
Northwestern	2068
Norway	2065|2075
Nothin'	2058
Nothing	2059|2064|2067
November	2064|2065|2066|2067|2068|2069|2070|2071|2072|2073|2075
Now	2059|2064
Np	2060
Nq	2060
Nr	2060
Ns	2060
Nt	2060
Nu	2060
Nuevo	2067
Number	2058|2067
Number-one	2059
Nurpeisov	2060
Nv	2060
Nw	2060
Nx	2060
Ny	2060
Nz	2060
O	2057|2058|2059|2060|2063|2064|2065|2066|2067|2068|2069|2070|2071|2072|2073|2074
OF	2060
OMG	2058
ONE	2060
OR	2060
Oa	2060
Oakland	2057
Oasis	2059|2069
Ob	2060
Obama	2066|2067|2070
Oblast	2068|2070|2072
Oc	2060
Ocean	2066|2068|2072
October	2059|2064|2065|2066|2067|2068|2069|2070|2071|2072|2073
Od	2060
Odd	2063
Odds	2059
Oe	2060
Of	2060
Og	2060
Oh	2060
Ohio	2057|2066|2068|2070
Oi	2060
Oj	2060
Ok	2060
Okrug	2069|2070
Ol	2060
Olajumoke	2060
Old	2057
Ole	2068|2072
Oliveira	2069
Olufunmilola	2060
Olympic	2064|2072
Olympics	2068
Om	2060
Omega	2066
On	2058|2059|2060|2072
One	2059|2069|2070
Ontario	2069
Oo	2060
Oopsy	2058
Op	2060
Open	2063|2074
Operating	2073
Operational	2065
Oq	2060
Or	2060
Orange	2068|2070|2073
Orbison	2059
Order	2057|2072
Ordinary	2058
Oregon	2066|2068|2070
Orenburg	2072
Original	2070
Orleans	2062
Orphan	2067
Os	2060
Osman	2068
Osorio	2066
Ot	2060
Ou	2060
Our	2070
Out	2058|2059|2069|2072
Outdoor	2066
Outfield	2067
Outline	2074
Outside	2059
Ov	2060
Over	2059|2064|2066
Ow	2060
Owls	2068
Own	2064
Ox	2060
Oy	2060
Oz	2060
P	2057|2058|2059|2060|2061|2062|2063|2064|2065|2066|2067|2068|2069|2070|2071|2072|2073|2074|2075
PDF	2057|2058|2059|2060|2061|2062|2063|2064|2065|2066|2067|2068|2069|2070|2071|2072|2073|2074|2075
PLEASE	2060
PR	2072
Pa	2060
Pacific	2066|2070|2072
Pack	2068
Page	2057|2058|2059|2060|2061|2062|2063|2064|2065|2066|2067|2068|2069|2070|2071|2072|2073|2074|2075
Pages	2057|2058|2059|2060|2061|2062|2063|2064|2065|2066|2067|2068|2069|2070|2071|2072|2073|2074|2075
Paget	2072
Paintings	2065
Paisley	2066
Palestine	2065
Palindromic	2063
Panthers	2068
Panzhihua	2073
Paperbacks	2066
Paralympics	2067
Park	2057|2064|2065|2067
Parley's	2057
Parliament	2073
Part	2059
Party	2058|2066
Pasha	2066
Pass	2057|2058|2067
Paul	2064|2070|2072|2073
Paula	2072
Payne	2059
Pb	2060
Pc	2060
Pd	2060
Pe	2060
Penguins	2066
Penn	2068
Pennsylvania	2057|2072
People	2058|2073
Perathia	2068
Percent	2067
Perfect	2063
Performing	2070
Perm	2072
Permanent	2057|2058|2059|2060|2061|2062|2063|2064|2065|2066|2067|2068|2069|2070|2071|2072|2073|2074|2075
Personal	2057|2058|2059|2060|2061|2062|2063|2064|2065|2066|2067|2068|2069|2070|2071|2072|2073|2074|2075
Peter	2060|2064|2072|2073
Peterson	2061
Petsamo	2073
Peyroux	2067
Pf	2060
Pg	2060
Ph	2060
Phil	2061|2064
Philadelphia	2062|2066|2070
Philip	2066|2069|2072
Philippines	2067
Phillies	2070
Phoenix	2070
Pi	2060|2073
Picture	2072
Pie	2059
Pierre	2060
Pierre-C	2060
Pike	2057
Pilipinas	2070
Pink	2059
Pirates	2068|2070
Pistols	2069
Pittsburgh	2066|2068|2070
Pixie	2059
Pj	2060
Pk	2060
Pl	2060
Place	2070
Placement	2066
Plains	2073
Planetarium	2073
Plateau	2070
Pleasant	2067
Plimpton	2060
Pm	2060
Pn	2060
Po	2060
Pocket	2059
Poetry	2073
Pogo	2066
Point	2062|2066
Pole	2057
Police	2062|2064
Polish	2067
Polly	2064
Polo	2073
Polski	2063|2074
Ponsonby	2064
Poplar	2057
Port	2073
Portland	2066
Portugal	2065
Portugu	2059|2063|2074
Possible	2059
Potemkin	2064
Pow	2058|2059
Pp	2060
Pq	2060
Pr	2060
Prefecture	2066
Premiership	2065
Presents	2067
Preston	2061
Prime	2063
Print	2057|2058|2059|2060|2061|2062|2063|2064|2065|2066|2067|2068|2069|2070|2071|2072|2073|2074|2075
Printable	2057|2058|2059|2060|2061|2062|2063|2064|2065|2066|2067|2068|2069|2070|2071|2072|2073|2074|2075
Privacy	2057|2058|2059|2060|2061|2062|2063|2064|2065|2066|2067|2068|2069|2070|2071|2072|2073|2074|2075
Prize	2063|2067
Pro	2070
Problems	2063
Prodigy	2059
Productions	2069
Program	2062
Project	2067
Prologue	2066
Propulsion	2074
Provinces	2075
Prydz	2059
Ps	2060
Pt	2060
Pu	2060
Public	2073
Puebla	2066
Puerto	2066|2072
Purdue	2068
Purple	2057
Purpose	2067
Pussycat	2058
Put	2058
Pv	2060
Pw	2060
Px	2060
Py	2060
Pz	2060
Q	2059|2060|2063|2064|2065|2066|2067|2068|2069|2070|2071|2072|2073
Qa	2060
Qb	2060
Qc	2060
Qd	2060
Qe	2060
Qf	2060
Qg	2060
Qh	2060
Qi	2060
Qj	2060
Qk	2060
Ql	2060
Qm	2060
Qn	2060
Qo	2060
Qp	2060
Qq	2060
Qr	2060
Qs	2060
Qt	2060
Qu	2060
Quarterly	2067
Quarters	2062
Quasiperfect	2063
Queen's	2064
Question	2073
Quotes	2066
Qv	2060
Qw	2060
Qx	2060
Qy	2060
Qz	2060
R	2057|2058|2059|2060|2061|2062|2063|2064|2065|2066|2067|2068|2069|2070|2071|2072|2073|2074
RBS	2064
RFC	2064
RID	2060
RIT	2066
RJ	2066
RN	2069
Ra	2060
Rab	2064
Rabbit	2057
Race	2066|2069
Racer	2064
Racing	2068
Radimir	2072
Radio	2064
Rado	2063
Ragin'	2068
Rahhal	2060
Raiders	2068|2070
Rain	2066|2069
Ramos	2061
Rams	2068
Random	2057|2058|2059|2060|2061|2062|2063|2064|2065|2066|2067|2068|2069|2070|2071|2072|2073|2074|2075
Rashid	2069
Ratings	2073
Raulino	2069
Ray	2069
Raza	2060
Razorbacks	2067|2068
Razorlight	2059
Rb	2060
Rc	2060
Rd	2060
Re	2060
Reaction	2059
Read	2057|2058|2059|2060|2061|2062|2063|2064|2065|2066|2067|2068|2069|2070|2071|2072|2073|2074|2075
Ready	2059
Rebels	2068|2072
Recent	2057|2058|2059|2060|2061|2062|2063|2064|2065|2066|2067|2068|2069|2070|2071|2072|2073|2074|2075
Reconnaissance	2065
Records	2073
Red	2068|2070
RedHawks	2068
Reed	2066
Reekie	2064
Reflections	2070
Refueling	2065
Regiment	2064|2065|2073
Reginald	2068
Region's	2066
Registry	2066
Regrets	2058
Regular	2063
Related	2057|2058|2059|2060|2061|2062|2063|2064|2065|2066|2067|2068|2069|2070|2071|2072|2073|2074|2075
Reload	2059
Remeleh	2060
Remind	2059
Remixed	2072
Replay	2058
Representatives	2069
Republic	2070|2072
Rescue	2068
Research	2073
Resolution	2063
Retreat	2064
Retrieved	2057|2058|2059|2060|2061|2062|2063|2064|2065|2066|2067|2068|2069|2070|2071|2072|2073|2074|2075
Revisited	2065
Revolve	2064
Rf	2060
Rg	2060
Rh	2060
Rhapsody	2059
Ri	2060
Ricardo	2068
Rice	2059|2068
Rich	2064
Richard	2064|2070
Richmond	2057
Rico	2066|2072
Ride	2070
Ridin'	2058
Riemann	2063
Riesel	2063
Rifle	2073
Rigoberto	2066
Rihanna	2058
Ring	2058
Rise	2068
Rising	2059
River	2066|2067
Rivera	2060
Rj	2060
Rk	2060
Rl	2060
Rm	2060
Rn	2060
Ro	2060
Road	2057
Roadrunners	2068
Robbie	2059
Robert	2060|2061|2064|2073
Roberto	2067
Robertson	2073
Rock	2059|2064|2067
Rockefella	2059
Rocket	2073
Rockets	2068
Rockin'	2059
Rockstar	2058
Rod	2072
Rodham	2061
Roger	2060
Rolex	2058
Roll	2058
Roller	2064
Rom	2063|2074
Romance	2059
Rome	2065
Ronnie	2070
Roof	2073
Room	2059
Rostov	2072
Roswell	2062
Roulette	2058
Route	2057|2066
Roux	2059
Rowland	2058
Roy	2059
Royal	2064|2073|2074
Royale	2064
Rp	2060
Rq	2060
Rr	2060
Rs	2060
Rt	2060
Ru	2060
Rude	2058
Rum	2067
Rumours	2064
Run	2058
Rush	2066
Russia	2068|2070
Russian	2058
Rutgers	2068
Rv	2060
Rw	2060
Rx	2060
Ry	2060
Ryazan	2072
Ryder	2065|2072
Rz	2060
S	2057|2058|2059|2060|2061|2062|2063|2064|2065|2066|2067|2068|2069|2070|2071|2072|2073|2074
SF	2073
Sa	2060
Sabbath	2059
Sabres	2070
Saginaw	2070
Said	2058|2059
Saints	2059
Salty	2059
Sam	2060|2069
Samael	2068
Samper	2060
Samsung	2068
Samuel	2060
San	2057|2062|2068|2070
Sanctuary	2072
Sanders	2073
Sandra	2073
Sankar	2069
Santa	2066
Santiago	2067
Saratov	2070
Sarma	2069
Saskatchewan	2070
Satellite	2066
Savannah	2070
Say	2058
Sayyaf	2066
Sb	2060
Sc	2060
Scariest	2066
Scarlet	2068
Schempp	2067
School	2064|2066|2067|2072|2073
Sciences	2072
Scotland	2075
Scots	2074
Scott	2069
Scouts	2068
Scream	2058
Screwing	2073
Sd	2060
Se	2060
Sea	2066|2067|2073|2074
Sean	2058|2059|2069
Search	2057|2058|2059|2060|2061|2062|2063|2064|2065|2066|2067|2068|2069|2070|2071|2072|2073|2074|2075
Seattle	2070
Sebastian	2060|2064|2069
Seconds	2059|2067
See	2057|2058|2059|2060|2061|2062|2063|2064|2065|2066|2067|2068|2069|2070|2071|2072|2073|2074|2075
Seitz	2060
Selma	2072
Seminoles	2068
Senate	2066|2069|2072
Senior	2073
Seniors	2064
Sentral	2070
September	2064|2065|2066|2067|2068|2069|2070|2071|2072|2073
Series	2070
Service	2064
Session	2073
Sessions	2064
Set	2064
Seven-A-Side	2065
Seventeenth	2072
Severn	2073
Sex	2058
Sexy	2059
Sf	2060
Sg	2060
Sh	2060
Shaggy	2059
Shahid	2067
Shake	2059
Shakira	2066
Shall	2066|2070
Shami	2064
Shanghai	2064
She	2058|2059
Sheffield	2064
Sheldon	2068
Shelton	2066
Sheriff	2060
Shires	2075
Shlomi	2067
Shmuel	2073
Shook	2059
Shoreline	2064
Shortcut	2060
Shots	2067
Shout	2058
Show	2066|2067|2072
Shqip	2074
Si	2060
Side	2064
Sierpinski	2063
Silverbacks	2066
Simms	2069
Simple	2074
Singer	2072
Single	2058
Single-occupant	2074
Singles	2058|2059
Sj	2060
Sk	2060
Skating	2067
Skepta	2064
Ski	2057
Skiing	2066|2073
Sl	2060
Slash's	2066
Slaughter	2059
Slayer	2069
Sleep	2058
Slide	2059
Sloven	2063|2074
Sm	2060
Smale's	2063
Small	2059|2064
Smith	2061
Smolensk	2070
Sn	2060
Snakepit	2066
So	2058|2060
Solo	2058
Somebody	2064
Something	2059|2070
Song	2059
Songs	2069
Soul	2069
Soulja	2058
Soundtrack	2070
Source	2073
South	2065|2066|2067|2068|2070|2072
South-West	2072
Southeast	2066
Southern	2060|2068|2073
Sp	2060
Space	2066
Spaceship	2058
Sparkman	2061
Spartans	2068|2070
Spassky	2072
Spears	2070
Special	2057|2058|2059|2060|2061|2062|2063|2064|2065|2066|2067|2068|2069|2070|2071|2072|2073|2074|2075
Spectacular	2069
Spirit	2064
Splits	2067
Sport	2074
Sports	2069
Sportscasters	2068
Spurs	2070
Sq	2060
Squadron	2065
Sr	2060|2069
Ss	2060
St	2057|2060|2069|2070|2073
Stadium	2068|2072
Staffordshire	2064
Stanford	2068
Stanley	2072|2073
Stansfield	2059
Star	2070
StarKid	2066
Starmonica	2069
Stars	2058|2064
Starships	2058
Start	2060
State	2057|2066|2067|2068|2070|2072|2073
States	2062|2065|2066|2069|2070|2072|2073
Stephen	2064
Stereo	2058|2073
Sterling	2069
Stew	2073
Sting	2070
Stokes	2063
Stone	2057
Stonewall	2073
Stop	2058|2072
Storeys	2065
Story	2070|2073
Street	2057|2059|2072|2073
Strikes	2064
Strip	2073
Stryder	2058
Stub	2060
Study	2074
Stupid	2059
Stuyvesant	2073
Su	2060
Sub-20	2069
Sub-Aqua	2064
Subcategories	2059|2060|2061|2062|2063|2070|2074|2075
Subhuti	2069
Substances	2066
Subtotals	2064|2065|2066|2067|2068|2069|2070|2071|2072|2073
Subway	2067|2073
Sudden	2070
Sugababes	2058
Sullenberger	2061
Summer	2059|2067|2068
Sun	2063|2068
Sunport	2066
Suns	2070
Sunset	2073
Suomi	2063
Suomussalmi	2067
SuperJam	2073
SuperSonics	2070
Superperfect	2063
Supersingular	2063
Superstar	2058
Surrender	2059
Susan	2066
Sv	2060
Svenska	2063|2074
Sverdlovsk	2072
Sw	2060
Swan	2072
Sweden	2075
Sx	2060
Sy	2060
Synagogue	2065
Syracuse	2068|2070|2073
System	2057|2073
Systems	2066
Sz	2060
T	2057|2058|2059|2060|2061|2063|2064|2065|2066|2067|2068|2069|2070|2071|2072|2073|2074
T-Shirt	2058
THE	2060
TV	2064|2065|2066|2067|2070|2072|2073
Ta	2060
Tacoma	2069
Tadatoshi	2066
Tag	2070|2073
Taio	2058
Take	2058|2059
Takehiko	2073
Takes	2073
Talk	2057|2058|2059|2060|2061|2062|2063|2064|2065|2066|2067|2068|2069|2070|2071|2072|2073|2074|2075
Talkies	2070
Tamed	2072
Tampa	2065
Tar	2068|2070
Tarakan	2073
Tarski's	2063
Tatarstan	2072
Tavern	2057
Tb	2060
Tc	2060
Td	2060
Te	2060
Team	2066|2070|2073
Tech	2068|2070
Technical	2072
Technological	2072
Technologies	2069
Technology	2067|2072
Techsystems	2066
Teddy	2072
Teen	2059
Telfer	2060
Tempah	2058
Template	2060
Temple	2068
Ten	2067|2073
Tennessee	2068|2072
Terms	2057|2058|2059|2060|2061|2062|2063|2064|2065|2066|2067|2068|2069|2070|2071|2072|2073|2074|2075
Terrapins	2067|2068
Terriers	2070
Territories	2062
Terror	2070
Texas	2061|2064|2067|2068|2070|2072
Text	2057|2058|2059|2060|2061|2062|2063|2064|2065|2066|2067|2068|2069|2070|2071|2072|2073|2074|2075
Tf	2060
Tg	2060
Th	2060
Tha	2059
Thad	2069
That	2058|2059|2066
The	2057|2058|2059|2060|2061|2062|2063|2064|2065|2066|2067|2068|2069|2070|2071|2072|2073|2074|2075
Theater	2073
Theatre	2069
Theaudience	2064
Them	2064
Themes	2067
Then	2060
Theological	2066
Therapeutics	2073
There	2059|2063|2066|2072
There's	2059
These	2064
Thing	2067
Things	2059|2064|2066|2069
Think	2059|2069
This	2057|2058|2059|2060|2061|2062|2063|2064|2065|2066|2067|2068|2069|2070|2071|2072|2073|2074|2075
Thomas	2057|2060|2064
Thompson	2061
Thorn	2064
Thornton	2057
Thousands	2064
Thru	2066
Thunderbirds	2059
Thundering	2068|2070
Ti	2059|2060|2069|2074
Tibetan	2067
Tide	2066|2068
Tiffany's	2059
Tigers	2066|2068|2070|2072
Till	2059
Tilt	2074
Tim	2067
Time	2058|2059|2070
Timeline	2066|2070
Tinchy	2058
Tinie	2058
Tj	2060
Tk	2060
Tl	2060
Tm	2060
Tn	2060
To	2059|2060
Today	2066
Todd	2069|2073
Toledo	2068
Tom	2064
Tomorrow	2073
Tong	2073
Tonight	2059|2066
Tony	2060|2064
Toolbox	2057|2058|2059|2060|2061|2062|2063|2064|2065|2066|2067|2068|2069|2070|2071|2072|2073|2074|2075
Top	2059|2060|2064|2065|2066|2067|2068|2069|2070|2071|2072|2073
Toronto	2067
Touch	2058
Tour	2064|2070
Tournament	2065|2066
Tower	2057
Town	2058
Township	2070
Toxic	2066
Tp	2060
Tq	2060
Tr	2060
Traditional	2075
Trail	2066
Training	2065|2068
Transat	2066
Transport	2074
Transportation	2070
Transylvania	2059
Treasury	2062
Trees	2068
Trek	2070
Tribute	2069
Trio	2069
Trip	2069
Trojans	2068|2070
Troubled	2059
Troy	2068|2070
Truck	2074
Truth	2067
Ts	2060
Tt	2060
Tu	2060
Tu-134	2065
Tulane	2068
Tulsa	2068
Tunnel	2072
Tupolev	2065
Turn	2058
Turner	2066
Tv	2060
Tw	2060
Twin	2063
Two	2064
Tx	2060
Ty	2060
Tz	2060
U	2057|2059|2060|2062|2064|2065|2066|2067|2068|2069|2070|2071|2072|2073
UAB	2068
UCF	2068
UCLA	2068|2070
UEFA	2065
UFO	2073
UK	2058|2059|2065
UK_R	2058
UK_Singles_Chart_number-one_singles	2059
UMass	2068
UNBIO	2060
UNLV	2068
USA	2074
USC	2068
USS	2073
UTEP	2068
UTSA	2068
Ua	2060
Ub	2060
Uc	2060
Ud	2060
Ue	2060
Uf	2060
Ug	2060
Uh	2060
Ui	2060
Uj	2060
Uk	2060
Ul	2060
Ultimate	2070
Ultraland	2069
Ultraworld	2064
Um	2060
Un	2060
Unassessed	2060
Unassessed-Class	2060
Unassessed_biography_articles	2060
Undated	2064|2065|2066|2067|2068|2069|2070|2071|2072|2073
Under	2065
Under-21	2065
Unified	2070
Union	2069
United	2059|2061|2062|2064|2065|2066|2069|2070|2072|2073
United_Methodists	2061
United_States_Mint	2062
Universidad	2072
University	2064|2066|2067|2068|2069|2072
Unsolved	2063
Unsolved_problems_in_mathematics	2063
Until	2058
Uo	2060
Up	2058|2059|2060|2064|2067|2073
Update	2064|2065|2066|2067|2068|2069|2070|2071|2072|2073
Upload	2057|2058|2059|2060|2061|2062|2063|2064|2065|2066|2067|2068|2069|2070|2071|2072|2073|2074|2075
Uq	2060
Ur	2060
Uruguay	2069
Us	2059|2060
Use	2057|2058|2059|2060|2061|2062|2063|2064|2065|2066|2067|2068|2069|2070|2071|2072|2073|2074|2075
Use_British_English_from_September_2012	2064
Use_dmy_dates_from_November_2012	2065
Use_mdy_dates_from_April_2012	2066
Use_mdy_dates_from_August_2010	2067
Use_mdy_dates_from_August_2012	2068
Use_mdy_dates_from_December_2011	2069
Use_mdy_dates_from_January_2013	2070
Use_mdy_dates_from_March_2011	2071
Use_mdy_dates_from_November_2012	2072
Use_mdy_dates_from_September_2010	2073
Usher	2058|2059
Ut	2060
Utah	2057|2066|2068
Utes	2068
Uu	2060
Uv	2060
Uw	2060
Ux	2060
Uy	2060
Uz	2060
V	2057|2059|2060|2064|2065|2066|2067|2068|2069|2070|2071|2072|2073|2074
VFL	2065
Va	2060
Valeri	2069
Vallejo	2072
Valor	2066
Vampire	2069
Vancouver	2068|2070
Vandals	2068
Vanderbilt	2068
Vanquish	2067
Variants	2057|2058|2059|2060|2061|2062|2063|2064|2065|2066|2067|2068|2069|2070|2071|2072|2073|2074|2075
Vb	2060
Vc	2060
Vd	2060
Ve	2060
Vehicle	2074
Vehicles	2074
Vehicular	2074
Vendetta	2070
Veneziano	2072
Vere	2064
Vernacular	2075
Vernacular_geography	2075
Very	2066
Vf	2060
Vg	2060
Vh	2060
Vi	2059|2060|2074
Via	2066
Viaduct	2057|2066
Victor	2064
Victory	2057
Vie	2059
View	2057|2058|2059|2060|2061|2062|2063|2064|2065|2066|2067|2068|2069|2070|2071|2072|2073|2074|2075
Views	2057|2058|2059|2060|2061|2062|2063|2064|2065|2066|2067|2068|2069|2070|2071|2072|2073|2074|2075
Villa	2064
Vincent	2060|2067
Virginia	2057|2068|2070
Vista	2066
Viswanathan	2064
Vj	2060
Vk	2060
Vl	2060
Vm	2060
Vn	2060
Vo	2060
Volume	2064
Volunteer	2064
Volunteers	2064|2067|2068|2072
Vp	2060
Vq	2060
Vr	2060
Vs	2060
Vt	2060
Vu	2060
Vugar	2073
Vv	2060
Vw	2060
Vx	2060
Vy	2060
Vz	2060
W	2057|2058|2059|2060|2061|2062|2063|2064|2065|2066|2067|2068|2069|2070|2071|2072|2073|2074
WKU	2068
WTK	2067
Wa	2060
Wabash	2067
Wake	2068|2070
Wales	2064|2075
Wall	2059|2063|2066
Wallace	2061
Waltz	2069
Wanna	2058|2069
Want	2059
Wanted	2069
Wants	2059
War	2064|2065|2069
Ward	2057
Warfare	2065
Warhawks	2068
Warriors	2068
Was	2064
Washington	2057|2068|2069|2070|2073
Water	2059|2063
Wave	2064|2068|2070
Wavin'	2058
Way	2058|2059|2066|2068|2069|2072
Wb	2060
Wc	2060
Wd	2060
We	2059|2060|2072
Wearing	2058
Weather	2065
Weatherman	2059
Wednesday	2073
Wehrmacht	2073
Weight	2074
Wendover	2057|2066
Were	2058
West	2057|2062|2064|2066|2067|2069
West-Vlams	2074
Western	2068
Wf	2060
Wg	2060
Wh	2060
What	2057|2058|2059|2060|2061|2062|2063|2064|2065|2066|2067|2068|2069|2070|2071|2072|2073|2074|2075
Whatcha	2058
Whatever	2070
Wheel	2064
When	2058
Whip	2058
Whisper	2059
Whistle	2058
White	2059|2061|2070
Whitecaps	2068
Who	2059|2073
Wi	2060
Wieferich	2063
WikiProject	2060
Wikimedia	2057|2058|2059|2060|2061|2062|2063|2064|2065|2066|2067|2068|2069|2070|2071|2072|2073|2074|2075
Wikipedia	2057|2058|2059|2060|2061|2062|2063|2064|2065|2066|2067|2068|2069|2070|2071|2072|2073|2074|2075
Wildcats	2068|2070
Wilfred	2064
Wilfrid	2064
Will	2059
William	2060|2064|2066|2069|2073
Williams	2059
Win	2069
Wind	2059
Wing	2065
Wings	2059
Winifred	2073
Winners'	2065
Wisconsin	2068|2070
Witched	2059
Wittig	2066
Wj	2060
Wk	2060
Wl	2060
Wm	2060
Wn	2060
Wo	2060
Wolf	2068
Wolfpack	2068|2070
Wolof	2074
Wolstenholme	2063
Wolverines	2068
Wolves	2068
Woman	2068
Won't	2072
Wonder	2073
Wonderland	2066|2067|2072
Woodall	2063
Work	2058
World	2059|2064|2065|2066|2069|2073
Worldwide	2073
Worst	2064
Wp	2060
Wq	2060
Wr	2060
Wreck	2066
Wrestling	2070
Written	2058
Ws	2060
Wt	2060
Wu	2060
Wv	2060
Ww	2060
Wx	2060
Wy	2060
Wyoming	2068
Wz	2060
X	2059|2060|2064|2065|2066|2067|2068|2069|2070|2071|2072|2073
X1	2064
Xa	2060
Xb	2060
Xc	2060
Xd	2060
Xe	2060
Xf	2060
Xg	2060
Xh	2060
Xi	2060
Xj	2060
Xk	2060
Xl	2060
Xm	2060
Xn	2060
Xo	2060
Xp	2060
Xplorer	2073
Xq	2060
Xr	2060
Xs	2060
Xt	2060
Xu	2060
Xv	2060
Xw	2060
Xx	2060
Xy	2060
Xz	2060
Y	2057|2058|2059|2060|2061|2063|2064|2065|2066|2067|2068|2069|2070|2071|2072|2073|2074
Y-Bridge	2057
YOUR	2060
Ya	2059|2060
Yamalo-Nenets	2070
Yang	2063
Yase	2074
Yb	2060
Yc	2060
Yd	2060
Ye	2060
Yearbook	2073
Years	2065|2066|2067
Yellow	2068
Yesterdays	2070
Yet	2066|2072
Yf	2060
Yg	2060
Yh	2060
Yi	2060
Yj	2060
Yk	2060
Yl	2060
Ym	2060
Yn	2060
Yo	2060
Yoko	2059
York	2067|2072|2073
Yost	2061
You	2058|2059|2064|2066|2069|2070|2072
You've	2059|2069
Young	2059|2064
Youngblood	2073
Your	2058|2059|2066
Yours	2059
Yourself	2058
Youth	2064
Yp	2060
Yq	2060
Yr	2060
Ys	2060
Yt	2060
Yu	2060
Yuma	2073
Yuval	2073
Yv	2060
Yvonne	2060
Yw	2060
Yx	2060
Yy	2060
Yz	2060
Z	2059|2060|2064|2065|2066|2067|2068|2069|2070|2071|2072|2073
Za	2060
Zaini	2060
Zanesville	2057
Zb	2060
Zc	2060
Zd	2060
Ze	2060
Zf	2060
Zg	2060
Zh	2060
Zi	2060
Zimmern's	2073
Zip	2064
Zips	2068
Zj	2060
Zk	2060
Zl	2060
Zm	2060
Zn	2060
Zo	2060
Zoo	2073
Zp	2060
Zq	2060
Zr	2060
Zs	2060
Zt	2060
Zu	2060
Zulkifli	2060
Zv	2060
Zw	2060
Zx	2060
Zy	2060
Zz	2060
_Route_40	2057
a	2057|2058|2059|2060|2061|2062|2063|2064|2065|2066|2067|2068|2069|2070|2071|2072|2073|2074|2075
a-work-group	2060
about	2058|2059
above	2060
abuse	2066|2067
academia	2060
academic	2060
accident	2060
accidents	2064
accolades	2067
account	2057|2058|2059|2060|2061|2062|2063|2064|2065|2066|2067|2068|2069|2070|2071|2072|2073|2074|2075
accusations	2067
actor	2060
actors	2060
add	2065
added	2060
additional	2057|2058|2059|2060|2061|2062|2063|2064|2065|2066|2067|2068|2069|2070|2071|2072|2073|2074|2075
administration	2064|2065|2066|2067|2068|2069|2070|2071|2072|2073
adventure	2073
affair	2060
after	2062
against	2067
agencies	2062
ais	2059|2063|2074
ajkovsk	2069
al-Abdallah	2066
al-Atassi	2067
al-Aulaqi	2067
al-Ghumari	2060
al-Qaysi	2060
al-Zindani	2066
album	2064|2065|2066|2067|2068|2069|2070|2072|2073
all	2060|2063|2064|2065|2066|2067|2068|2069|2070|2071|2072|2073
alphabeticization	2060
amend	2073
an	2063|2064|2065|2066|2067|2068|2069|2070|2071|2072|2073
and	2057|2058|2059|2060|2062|2063|2064|2065|2066|2067|2068|2069|2070|2071|2072|2073
answers	2060
anticipation	2060
application	2065
apply	2057|2058|2059|2060|2061|2062|2063|2064|2065|2066|2067|2068|2069|2070|2071|2072|2073|2074|2075
approval	2074
are	2057|2058|2059|2060|2061|2062|2063|2064|2065|2066|2067|2068|2069|2070|2071|2072|2073|2074|2075
arf	2073
art	2069
article	2057|2058|2059|2060|2061|2062|2063|2064|2065|2066|2067|2068|2069|2070|2071|2072|2073|2074|2075
articles	2058|2059|2060|2064|2065|2066|2067|2068|2069|2070|2071|2072|2073
artist	2060|2064
arts	2060|2070
as	2057|2058|2059|2060|2061|2062|2063|2064|2065|2066|2067|2068|2069|2070|2071|2072|2073|2074|2075
aspects	2060
assessed	2060
assessment	2060
associated	2061
association	2065
at	2057|2058|2059|2060|2061|2062|2063|2064|2065|2066|2067|2068|2069|2070|2071|2072|2073|2074|2075
athlete	2068
attack	2065|2066
attainder	2064
attention	2060
automatically	2060
automobile	2074
available	2057|2058|2059|2060|2061|2062|2063|2064|2065|2066|2067|2068|2069|2070|2071|2072|2073|2074|2075
awek	2067
backlog	2060|2064|2066|2067|2068|2069|2070|2071|2072|2073
ballet	2069
band	2064|2065|2067|2069|2073
banker	2066
banner	2060
bar	2066
barrier	2065
baseball	2067
based	2060
basketball	2067|2070|2072|2073
be	2060|2063
belong	2065
biography	2060
body	2074
bokm	2062|2074
book	2057|2058|2059|2060|2061|2062|2063|2064|2065|2066|2067|2068|2069|2070|2071|2072|2073|2074|2075
born	2064
boxer	2064
brand	2074
break	2073
brick	2063
businessman	2072
but	2060|2073
by	2060|2062|2063|2064|2065|2066|2067|2068|2069|2070|2071|2072|2073|2074
bytes	2060
ca	2069
cambiando	2069
campaign	2067
car	2060
carriage	2068
cat	2064
categories	2062|2064|2065|2066|2067|2068|2069|2070|2071|2072|2073
categories'	2064|2065|2066|2067|2068|2069|2070|2071|2072|2073
categorisation	2065
category	2057|2058|2059|2060|2061|2062|2063|2064|2065|2066|2067|2068|2069|2070|2071|2072|2073|2074|2075
cavalry	2064
century	2065|2073
changes	2057|2058|2059|2060|2061|2062|2063|2064|2065|2066|2067|2068|2069|2070|2071|2072|2073|2074|2075
chapters	2073
charted	2058
charts	2059
child	2067
circle	2063
city	2075
class	2060
clean	2064|2065|2066|2067|2068|2069|2070|2071|2072|2073
clergy	2061
close	2065
clothing	2066
code	2068|2070
coin	2062
coinage	2062
com	2069|2072
combination	2060
combines	2064|2066|2067|2068|2069|2070|2071|2072|2073
comic	2073
communications	2073
community	2067
companies	2070|2074
complaint	2069
complex	2063
composer	2060|2066
composition	2069
computer	2064
conjecture	2063
conjectures	2063
connected	2057
connects	2057
conquistador	2066
constant	2063
constants	2063
cont	2057|2058|2059|2060|2062|2063|2064|2065|2066|2067|2068|2069|2070|2071|2072|2073|2074|2075
contains	2058|2059|2060|2064|2065|2066|2067|2068|2069|2070|2071|2072|2073
content	2057|2058|2059|2060|2061|2062|2063|2064|2065|2066|2067|2068|2069|2070|2071|2072|2073|2074|2075
contributor	2065
controls	2074
cookware	2069
core	2060
corresponding	2064|2065|2066|2067|2068|2069|2070|2071|2072|2073
counter	2064|2065|2066|2067|2068|2069|2070|2071|2072|2073
counterfeiter	2066
counties	2075
country	2074
crafting	2069
crash	2064|2065
cricketer	2064
criminale	2067
crisis	2064
crossovers	2066
cs	2060
cuisine	2064
culture	2069|2070
currently	2057
curve	2063
cyclone	2065|2066|2068|2070|2072
d	2073
d'Amboise	2069
d'Italia	2065
d'architecture	2066
date	2065
dates	2065|2066|2067|2068|2069|2070|2071|2072|2073
dd	2065
de	2060|2066|2067|2069|2070|2071|2072
del	2067
delete	2060
dependent	2068
design	2074
designer	2074
details	2057|2058|2059|2060|2061|2062|2063|2064|2065|2066|2067|2068|2069|2070|2071|2072|2073|2074|2075
determinant	2063
dio	2069
director	2060|2064
disambiguation	2064
discography	2066|2067|2072|2073
distribution	2074
district	2064
districts	2075
divisions	2068|2070|2072
dmy	2065
do	2060
doctor	2072
dollar	2072
done	2060
driver	2060
during	2064|2069
e	2060|2074
e-work-group	2060
eReader	2066
early	2067
earthquake	2066|2067|2072|2073
easier	2060
editors	2060
edits	2060
election	2066|2073
elections	2072
electricity	2067
elliptic	2063
emission	2074
emissions	2074
empty	2060
en	2057|2058|2059|2060|2061|2062|2063|2064|2065|2066|2067|2068|2069|2070|2071|2072|2073|2074|2075
enable	2064|2066|2067|2068|2069|2070|2071|2072|2073
encyclopedia	2057|2058|2059|2060|2061|2062|2063|2064|2065|2066|2067|2068|2069|2070|2071|2072|2073|2074|2075
engine	2066
engravers	2062
enter	2060
entertainment	2060
episodes	2072
equivalent	2074
ero	2060
esky	2074
est	2069
events	2057|2058|2059|2060|2061|2062|2063|2064|2065|2066|2067|2068|2069|2070|2071|2072|2073|2074|2075
evka	2069
existence	2063
expansion	2063
explosion	2057|2074
exponential	2063
export	2057|2058|2059|2060|2061|2062|2063|2064|2065|2066|2067|2068|2069|2070|2071|2072|2073|2074|2075
f	2063
fabrication	2066
fewer	2060
file	2057|2058|2059|2060|2061|2062|2063|2064|2065|2066|2067|2068|2069|2070|2071|2072|2073|2074|2075
fill	2060
filling	2060
film	2064|2066|2067|2069|2070|2072|2073
filmbio-work-group	2060
filmmakers	2060
films	2073
first	2060|2065
firstname	2060
fit	2060
fix	2060
fleet	2074
floods	2068
following	2057|2058|2059|2060|2061|2062|2063|2064|2065|2066|2067|2068|2069|2070|2071|2072|2073|2074|2075
football	2065|2066|2067|2068|2069|2070|2072|2073
footballer	2069
for	2057|2058|2059|2060|2061|2062|2063|2064|2065|2066|2067|2068|2069|2070|2071|2072|2073|2074|2075
force	2074
formats	2065
free	2057|2058|2059|2060|2061|2062|2063|2064|2065|2066|2067|2068|2069|2070|2071|2072|2073|2074|2075
from	2057|2058|2059|2060|2061|2062|2063|2064|2065|2066|2067|2068|2069|2070|2071|2072|2073|2074|2075
fuel	2064|2074
function	2063
g	2060
gallon	2074
game	2065|2067|2073
games	2060|2074
gap	2063
gasoline	2074
general	2066|2073
geography	2075
goods	2074
government	2060|2062|2072
governor	2061
greedy	2063
group	2066
groups	2064|2065|2066|2067|2068|2069|2070|2071|2072|2073
hailstorm	2066
hair	2072
hardware	2074
has	2057|2059|2060|2061|2062|2063|2070|2074|2075
have	2060
having	2063
here	2057|2058|2059|2060|2061|2062|2063|2064|2065|2066|2067|2068|2069|2070|2071|2072|2073|2074|2075
hidden	2064|2065|2066|2067|2068|2069|2070|2071|2072|2073
hide	2060
highway	2057
hijacker	2067
hill	2075
historian	2069
historically	2057
history	2057|2058|2059|2060|2061|2062|2063|2064|2065|2066|2067|2068|2069|2070|2071|2072|2073|2074|2075
hockey	2066|2069
home	2072
http	2057|2058|2059|2060|2061|2062|2063|2064|2065|2066|2067|2068|2069|2070|2071|2072|2073|2074|2075
hunt	2072
hurricane	2067|2070
hydrogen	2074
hypergraphs	2063
hypothesis	2063
i	2072
ice	2066|2069
idents	2064
in	2057|2058|2059|2060|2061|2062|2063|2064|2065|2066|2067|2068|2069|2070|2071|2072|2073|2074|2075
ina	2063|2074
incident	2073
incidents	2064
include	2064|2065|2066|2067|2068|2069|2070|2071|2072|2073
included	2058
including	2063
incomplete	2060
index	2057|2058|2059|2060|2061|2062|2063|2064|2065|2066|2067|2068|2069|2070|2071|2072|2073|2074|2075
industrialist	2060
industry	2069
information	2057|2058|2059|2060|2061|2062|2063|2064|2065|2066|2067|2068|2069|2070|2071|2072|2073|2074|2075
instrumental	2059
insurrection	2073
intended	2063
is	2057|2058|2059|2060|2061|2062|2063|2064|2065|2066|2067|2068|2069|2070|2071|2072|2073|2074|2075
it	2064|2065|2066|2067|2068|2069|2070|2071|2072|2073
items	2060
ito	2069
its	2064|2065|2066|2067|2068|2069|2070|2071|2072|2073
jail	2073
journal	2064
k	2069
l	2062|2069|2074
la	2059|2074
laboratory	2074
lagi	2073
last	2057|2058|2059|2060|2061|2062|2063|2064|2065|2066|2067|2068|2069|2070|2071|2072|2073|2074|2075
lastname	2060
law	2074
laws	2066
leaders	2073
learn	2057|2058|2059|2060|2061|2062|2063|2064|2065|2066|2067|2068|2069|2070|2071|2072|2073|2074|2075
less	2060
lex	2060
license	2069
link	2057|2058|2059|2060|2061|2062|2063|2064|2065|2066|2067|2068|2069|2070|2071|2072|2073|2074|2075
links	2057|2058|2059|2060|2061|2062|2063|2064|2065|2066|2067|2068|2069|2070|2071|2072|2073|2074|2075
list	2057|2058|2059|2060|2061|2062|2063|2064|2065|2066|2067|2068|2069|2070|2071|2072|2073|2074|2075
listas	2060
literature	2065
living	2060
lo	2058
locality	2068
lockout	2070
look	2060
loop	2063
lvarez	2066|2067
m	2059
m-g	2074
magazine	2072
main	2065|2074
make	2060
manufacturer	2060
manufacturing	2074
maps	2069
market	2064
markings	2074
mass	2063
massacre	2072
mathematical	2063
mathematics	2063
matrix	2063
maximal	2063
may	2057|2058|2059|2060|2061|2062|2063|2064|2065|2066|2067|2068|2069|2070|2071|2072|2073|2074|2075
mdy	2066|2067|2068|2069|2070|2071|2072|2073
means	2074
media	2057|2068|2074
member	2064|2065|2066|2067|2068|2069|2070|2071|2072|2073
members	2061
men's	2066|2067|2070|2072|2073
menu	2057|2058|2059|2060|2061|2062|2063|2064|2065|2066|2067|2068|2069|2070|2071|2072|2073|2074
menziesii	2068
metal	2070
metrics	2074
mie	2066
militant	2066
military	2060
military-work-group	2060
millennium	2066
miniseries	2067
minister	2060
mintage	2062
mints	2062
missing	2073
mm	2065
moat	2063
modified	2057|2058|2059|2060|2061|2062|2063|2064|2065|2066|2067|2068|2069|2070|2071|2072|2073|2074|2075
monitor	2065
month	2065
more	2057|2058|2059|2060|2061|2062|2063|2064|2065|2066|2067|2068|2069|2070|2071|2072|2073|2074|2075
most	2060
movement	2067
music	2065|2067|2068|2069|2073
musical	2066
musician-work-group	2060
musicians	2060
n	2060|2063|2066|2068|2069|2074
n-l	2074
name	2060
named	2062
national	2065
naval	2068
navigation	2057|2058|2059|2060|2061|2062|2063|2064|2065|2066|2067|2068|2069|2070|2071|2072|2073|2074|2075
neas	2064
need	2060
needs-infobox	2060
needs-photo	2060
network	2066|2073
next	2059|2060|2064|2065|2066|2067|2068|2069|2070|2071|2072|2073
ng	2059|2070|2074
nickel	2062
ninth	2063
non-profit	2057|2058|2059|2060|2061|2062|2063|2064|2065|2066|2067|2068|2069|2070|2071|2072|2073|2074|2075
not	2057|2058|2059|2060|2061|2062|2063|2064|2065|2066|2067|2068|2069|2070|2071|2072|2073|2074|2075
notice	2060
novel	2064
nski	2074
number	2058|2059|2063|2073
number-one	2058|2059
number-ones	2059
nursing	2072
ny	2067
nynorsk	2059|2063|2074
o	2058|2060|2069|2072
oar	2073
oc	2067
of	2057|2058|2059|2060|2061|2062|2063|2064|2065|2066|2067|2068|2069|2070|2071|2072|2073|2074|2075
officer	2068
ol	2059|2063|2074
oldid	2057|2058|2059|2060|2061|2062|2063|2064|2065|2066|2067|2068|2069|2070|2071|2072|2073|2074|2075
on	2057|2058|2059|2060|2061|2062|2063|2064|2065|2066|2067|2068|2069|2070|2071|2072|2073|2074|2075
one	2058|2059
only	2061|2075
or	2059|2060|2061|2063|2064|2065|2066|2067|2068|2069|2070|2071|2072|2073
org	2057|2058|2059|2060|2061|2062|2063|2064|2065|2066|2067|2068|2069|2070|2071|2072|2073|2074|2075
organist	2060
organization	2057|2058|2059|2060|2061|2062|2063|2064|2065|2066|2067|2068|2069|2070|2071|2072|2073|2074|2075
other	2068
out	2057|2058|2059|2060|2061|2062|2063|2064|2065|2066|2067|2068|2069|2070|2071|2072|2073|2074|2075
outbreak	2073
over	2059|2060
page	2057|2058|2059|2060|2061|2062|2063|2064|2065|2066|2067|2068|2069|2070|2071|2072|2073|2074|2075
pages	2057|2058|2059|2060|2061|2062|2063|2064|2065|2066|2067|2068|2069|2070|2071|2072|2073|2074|2075
parameter	2060
parameters	2060
part	2064|2065|2066|2067|2068|2069|2070|2071|2072|2073
peerage	2060
peerage-work-group	2060
people	2068
peque	2069
per	2074
period	2074
philanthropist	2060
php	2057|2058|2059|2060|2061|2062|2063|2064|2065|2066|2067|2068|2069|2070|2071|2072|2073|2074|2075
pilot	2060|2065
play	2064
player	2072
plots	2066
plugin	2060
plugs	2064
poetry	2064
policy	2057|2058|2059|2060|2061|2062|2063|2064|2065|2066|2067|2068|2069|2070|2071|2072|2073|2074|2075
politician	2060|2061|2069|2073
politician-work-group	2060
politics	2060|2066
portal	2057|2058|2059|2060|2061|2062|2063|2064|2065|2066|2067|2068|2069|2070|2071|2072|2073|2074|2075
pound	2064
power	2064
preference	2064|2065|2066|2067|2068|2069|2070|2071|2072|2073
presidency	2066|2070
presidential	2067
previous	2059|2060|2064|2065|2066|2067|2068|2069|2070|2071|2072|2073
prime	2063
prior	2058
prisoner	2066
problem	2063
problems	2063|2064
process	2072
processors	2067
produced	2062
production	2062
program	2073
project	2060|2064|2065|2066|2067|2068|2069|2070|2071|2072|2073
proper	2060
proposed	2063
protests	2070
provinces	2075
quadruplet	2063
qualification	2065
qualified	2063
quality	2060
quantities	2062
quasigroup	2063
r	2060
racing	2060
radio	2065|2066
rail	2067|2073
rapper	2068
rather	2064|2065|2066|2067|2068|2069|2070|2071|2072|2073
rauhii	2066
reached	2058|2059
received	2067
recent	2057|2058|2059|2060|2061|2062|2063|2064|2065|2066|2067|2068|2069|2070|2071|2072|2073|2074|2075
record	2059
records	2074
recount	2060
recycling	2074
reflect	2057|2058|2059|2060|2061|2062|2063|2064|2065|2066|2067|2068|2069|2070|2071|2072|2073|2074|2075
refresh	2064|2065|2066|2067|2068|2069|2070|2071|2072|2073
region	2065
regions	2075
registered	2057|2058|2059|2060|2061|2062|2063|2064|2065|2066|2067|2068|2069|2070|2071|2072|2073|2074|2075
related	2057|2074
relations	2073
relay	2068|2069
religious	2073
rental	2074
replace	2060
requires	2060
restoration	2074
retention	2063
review	2060
ric	2073
rica	2069|2072
rie	2069
rights	2073
ris	2069
rk	2067|2074
ropostale	2066
royale	2066
royalty	2060
royalty-work-group	2060
rugby	2064|2065
rule	2065
rural	2068
s	2059|2060|2063|2074
safety	2074
sar	2060|2072
satr	2073
save	2060
scandal	2066
schedule	2073
science	2060|2069
search	2057|2058|2059|2060|2061|2062|2063|2064|2065|2066|2067|2068|2069|2070|2071|2072|2073|2074|2075
season	2064|2065|2066|2067|2068|2069|2070|2072|2073
senator	2066
sequence	2063
series	2064|2066|2067|2070|2072|2073
service	2070|2073
set	2064|2065|2066|2067|2068|2069|2070|2071|2072|2073
sex	2070
sexual	2067
shooter	2064
shooting	2072
shootings	2060|2072
show	2065|2067|2073
shown	2064|2065|2066|2067|2068|2069|2070|2071|2072|2073
simulation	2074
singer	2069
singles	2058|2059
singularities	2063
situations	2060
sixteenth	2063
slave	2073
slenska	2074
smaller	2060
smoothness	2063
snowstorm	2067
sockets	2064
sofa	2063
software	2072|2073
some	2060
song	2058|2059|2064|2066|2068|2069|2072
songs	2058
soundtrack	2069
soundtracks	2072
spaceflight	2065
speed	2074
sport	2064
sports	2060
sports-work-group	2060
sportscaster	2060
squads	2065
square	2063
squares	2063
srpski	2074
star	2069
station	2064|2066|2069
statistics	2063
status	2064|2065|2066|2067|2068|2069|2070|2071|2072|2073
steam	2068
sterling	2064
stock	2064
stubs	2074
studies	2070
subcategories	2059|2060|2062|2063|2070|2074
subcategory	2061|2075
subject	2065
subspace	2063
such	2060
suggested	2063
summatory	2063
summit	2067
superstition	2072
surfaces	2063
surgeon	2064
surveillance-broadcast	2068
system	2063|2064|2065
systematically	2064|2066|2067|2068|2069|2070|2071|2072|2073
systems	2074
t	2059|2074
tagged	2065
tagging	2065
taking	2060
talk	2060
tapes	2073
tattoo	2064
tbol	2072
team	2066|2067|2068|2069|2070|2072|2073
technology	2074
tefan	2060
television	2065|2069|2073
template	2060
terms	2057|2058|2059|2060|2061|2062|2063|2064|2065|2066|2067|2068|2069|2070|2071|2072|2073|2074|2075
test	2069|2074
than	2060|2064|2065|2066|2067|2068|2069|2070|2071|2072|2073
that	2058|2059|2060|2064|2065|2066|2067|2068|2069|2070|2071|2072|2073
the	2057|2058|2059|2060|2061|2062|2063|2064|2065|2066|2067|2068|2069|2070|2071|2072|2073|2074|2075
their	2060
then	2060
theorem	2063
theory	2063
things	2066
this	2057|2058|2059|2060|2061|2062|2063|2064|2065|2066|2067|2068|2069|2070|2071|2072|2073|2074|2075
thory-Kitsz	2069
those	2060
through	2064|2066|2067|2068|2069|2070|2071|2072|2073
tico	2069
ties	2065
time	2060
title	2057|2058|2059|2060|2061|2062|2063|2064|2065|2066|2067|2068|2069|2070|2071|2072|2073|2074|2075
to	2057|2058|2059|2060|2061|2062|2063|2064|2065|2066|2067|2068|2069|2070|2071|2072|2073|2074|2075
tool	2060
tools	2057|2058|2059|2060|2061|2062|2063|2064|2065|2066|2067|2068|2069|2070|2071|2072|2073|2074|2075
torch	2068
tornado	2073
torture	2066
total	2057|2058|2059|2060|2061|2062|2063|2064|2065|2066|2067|2068|2069|2070|2071|2072|2073|2074|2075
tour	2065
town	2072
tractor	2074
trademark	2057|2058|2059|2060|2061|2062|2063|2064|2065|2066|2067|2068|2069|2070|2071|2072|2073|2074|2075
trailer	2074
transition	2067|2072
transport	2067|2073|2074
triangle	2063
triplet	2063
truck	2074
tube	2074
type	2074
typhoon	2066|2070|2072
tzebuergesch	2074
u	2074
under	2057|2058|2059|2060|2061|2062|2063|2064|2065|2066|2067|2068|2069|2070|2071|2072|2073|2074|2075
union	2064|2065
unions	2069
unless	2064|2065|2066|2067|2068|2069|2070|2071|2072|2073
unrest	2067
unsolved	2063
up	2064|2065|2066|2067|2068|2069|2070|2071|2072|2073
us	2057|2058|2059|2060|2061|2062|2063|2064|2065|2066|2067|2068|2069|2070|2071|2072|2073|2074|2075
use	2064|2065|2066|2067|2068|2069|2070|2071|2072|2073
used	2064|2065|2066|2067|2068|2069|2070|2071|2072|2073
user	2064|2065|2066|2067|2068|2069|2070|2071|2072|2073
using	2060
v	2067|2068|2073
variables	2063
vehicle	2074
vehicles	2074
version	2057|2058|2059|2060|2061|2062|2063|2064|2065|2066|2067|2068|2069|2070|2071|2072|2073|2074|2075
versus	2063
video	2067|2069
view	2057|2058|2059|2060|2061|2062|2063|2064|2065|2066|2067|2068|2069|2070|2071|2072|2073|2074|2075
virtue	2065
vocalist	2072
vs	2065|2066|2067|2073
w	2057|2058|2059|2060|2061|2062|2063|2064|2065|2066|2067|2068|2069|2070|2071|2072|2073|2074|2075
war	2069
was	2057|2058|2059|2060|2061|2062|2063|2064|2065|2066|2067|2068|2069|2070|2071|2072|2073|2074|2075
when	2060
whether	2065
which	2057
who	2061
wikipedia	2057|2058|2059|2060|2061|2062|2063|2064|2065|2066|2067|2068|2069|2070|2071|2072|2073|2074|2075
will	2060
willing	2060
with	2057|2059|2060|2061|2064|2066
wiv	2058|2059
wka	2067
women	2066
women's	2066
work	2064|2066|2067|2068|2069|2070|2071|2072|2073
worm	2063
writer	2060|2066|2069|2073
yeomanry	2064
yes	2060
yet	2060
you	2060
your	2060
yyyy	2065
