'	1920
-	1917|1918|1919|1920|1921|1922|1923|1924|1925|1926|1927|1928|1929|1930|1931|1932|1933|1934|1935|1936
0	1924|1933|1936
00	1933
01	1924|1927|1936
02	1934
03	1926
04	1920
05	1935
08	1928|1931
1	1917|1918|1919|1920|1921|1925|1929|1930|1931|1932|1933|1934|1935|1936
10	1917|1919|1920|1921|1925|1931|1933|1934|1935|1936
100	1924
101	1930|1936
103	1925|1935
104	1921
105	1933
108	1936
11	1917|1919|1920|1921|1925|1927|1931|1934
111	1919|1930
117	1928
12	1917|1918|1919|1920|1921|1925|1934|1935|1936
121	1936
122	1919
127	1917
129	1935
13	1917|1918|1919|1920|1921|1925|1930|1932|1935
130	1917
14	1917|1918|1919|1921|1925|1927|1928|1929|1930|1931|1934|1935
141	1930
143	1917|1934
145	1929
148	1932
15	1917|1919|1921|1925|1928|1929|1931|1934|1935
150	1936
151	1917
154	1917|1919
156	1936
16	1917|1919|1920|1921|1925|1927|1931|1934|1935
161	1924
168	1936
17	1917
170	1936
172	1930
173	1936
175	1917
178	1919
18	1917|1918|1919|1925|1931|1935
184	1930
1873	1924
19	1917|1918|1919|1925|1931|1935
1928	1936
1938	1936
1941	1936
1944	1936
1948	1936
195	1919|1935
1955	1936
1965	1936
1971	1936
1972	1936
1973	1936
1974	1936
1975	1936
1977	1936
1978	1936
1979	1936
198	1917
1981	1936
1982	1936
1983	1936
1985	1936
1986	1936
1987	1936
1988	1936
1989	1936
1991	1924|1936
1993	1936
1994	1936
1995	1936
19th-century	1930
2	1917|1919|1920|1921|1923|1924|1925|1927|1930|1931|1932|1933|1934|1935|1936
20	1917|1920|1921|1924|1925|1931|1935
200	1936
2002	1936
2003	1936
2005	1936
2006	1936
2007	1936
2008	1936
2009	1936
2010	1923|1936
2011	1926|1932|1936
2012	1918|1927|1929|1936
2013	1917|1919|1920|1921|1922|1924|1925|1928|1930|1931|1933|1934|1935|1936
21	1917|1921|1923|1925|1927|1931|1935|1936
214	1928
22	1917|1918|1919|1921|1922|1931|1932|1934|1935
223	1934
229	1920|1934
23	1917|1920|1925|1930|1931|1932|1933
235	1919
24	1917|1919|1920|1925|1927|1934|1936
240	1917
241	1936
248	1935
25	1917|1919|1925|1929|1931|1932|1933|1935
26	1917|1920|1921|1922|1925|1930
262	1934
268	1935
27	1917|1918|1921|1925|1929|1930|1934
275	1917
28	1917|1918|1919|1920|1925|1932|1934|1935
29	1917|1919|1922|1925|1927|1929|1930|1935
3	1917|1918|1919|1920|1921|1925|1926|1928|1929|1930|1931|1934|1935
30	1917|1919|1922
308	1936
309	1935
31	1920|1922|1923|1925|1926|1931|1935
316	1921
32	1920|1928|1931|1934
33	1917|1920|1921|1925|1932|1935
336	1921
34	1917
346	1933
35	1917|1919|1921|1935
36	1917|1925|1931|1932|1934
365301098	1923
37	1919
38	1917|1925|1935
389	1936
39	1917|1925|1931
4	1917|1918|1919|1920|1921|1922|1925|1926|1927|1929|1930|1931|1934|1936
40	1931
41	1926|1931
416	1936
42	1917|1918|1921|1931|1933
43	1936
44	1917
447209714	1932
45	1925|1931|1935|1936
454	1933
46	1935
468709181	1926
47	1917|1920|1935|1936
48	1917
483691501	1927
49	1928|1935
5	1917|1918|1919|1920|1921|1925|1927|1929|1931|1933|1934|1935
50	1931
51	1917|1920|1921|1923|1936
514857351	1918
52	1925|1931
528021134	1929
529523347	1936
53	1919
530686320	1933
530911424	1925
531742161	1935
532067395	1924
532145654	1928
532382012	1934
533398906	1917
533977178	1931
534312184	1921
536059006	1919
537057735	1930
537295325	1922
537651846	1920
54	1917
546	1921
55	1918|1925|1935
56	1917|1924|1925|1935
57	1917|1921|1929|1935
58	1917
6	1917|1918|1919|1920|1921|1925|1929|1931|1932|1933|1934|1935|1936
60	1936
607	1921
61	1917|1921|1925|1935
62	1917
631	1936
632	1936
633	1935
65	1920|1929|1935
66	1925
67	1917
69	1917
7	1917|1918|1919|1920|1921|1925|1929|1930|1931|1933|1934|1935|1936
70	1917|1922|1930|1932
71	1917|1927
72	1925
73	1932
751	1936
77	1921|1931|1935
78	1919
79	1925
8	1917|1919|1920|1921|1922|1924|1925|1931|1932|1933|1935
80	1919
81	1936
84	1925
85	1917
86	1932
88	1934
89	1917
9	1917|1919|1920|1921|1924|1925|1926|1927|1928|1931|1933|1935|1936
90	1936
91	1917
92	1935
94	1925
97	1917
98	1925|1931
A	1917|1919|1920|1921|1924|1925|1927|1929|1930|1931|1932|1933|1934|1935|1936
AKPD	1936
AN	1932
Ababa	1936
Abbesses	1917
Abdul-Karim	1924
About	1917|1918|1919|1920|1921|1922|1923|1924|1925|1926|1927|1928|1929|1930|1931|1932|1933|1934|1935|1936
Absolute	1929
Acadian	1923
Ace	1932
Achkar	1930
Acrobatics	1925
Act	1935
Acting	1925
Actions	1917|1918|1919|1920|1921|1922|1923|1924|1925|1926|1927|1928|1929|1930|1931|1932|1933|1934|1935|1936
Activism	1936
Activists	1917
Actor	1934
Actual	1929
Ad	1930
Add	1924
Addis	1936
Adlecti	1936
Administration	1936
Adventurism	1936
Advertising	1917
Advisors	1917
Aerial	1925
Africa	1936
African	1926|1933
Afrikaans	1925|1930|1934|1935
Afterlife	1931
Ages	1928
Aggressive	1935
Agreement	1936
Agricultural	1936
Aide-toi	1936
Air	1932
Aiwo	1936
Al-Ma'mun	1933
Al-Sulaitin	1924
Alain	1930
Alcocer	1933
Aldwych	1925
Alek	1924
Aleksandr	1924
Alemannisch	1920|1930|1934|1935
Alessio	1924
Alexander	1936
Alfred	1924
Ali	1924
Alleged	1917
Allied	1925
Allison	1924
Alternative	1936
Although	1935
Aly	1924
Amalie	1924
Amandla	1936
American	1924|1925|1932|1933|1936
Americanism	1936
Americas	1930
Among	1920
An	1925
Anabar	1936
Anarchism	1936
Anarchists	1917|1919
Andr	1924
Andrew	1924
Anetan	1936
Angel	1933
Animal	1917
Animists	1920
Anna	1924
Anocracy	1936
Antero	1924
Anti	1936
Anti-bolshevism	1936
Anti-communists	1919
Anti-fascists	1919
Anti-monarchists	1919
Anticapitalistas	1936
Antiques	1917
Aponte	1933
Aquastat	1932
Arab	1936
Aragon	1917|1925|1930|1934|1935
Architects	1917
Archivists	1917
Arco	1936
Aristotle	1929
Arithmetic	1929
Arithmetization	1929
Armed	1936
Armenian	1930
Arnold	1924
Arrangements	1936
Ars	1929
Art	1925
Arthur	1924
Articles	1930|1936
Artists	1925|1930
Arts	1917|1925
Arusha	1936
Asexual	1921
Asia	1936
Asian	1933
Assassins	1919
Assyrian	1936
Astrakhan	1936
Astronauts	1917
Astronomical	1931
Asturianu	1930|1934|1935
Attorney	1936
Attribution-ShareAlike	1917|1918|1919|1920|1921|1922|1923|1924|1925|1926|1927|1928|1929|1930|1931|1932|1933|1934|1935|1936
Audition	1925
Audron	1930
August	1932
Australian	1924
Austro-Russian	1936
Aut	1936
Authenticit	1936
Avenir	1936
Averin	1924
Avon	1936
Award	1921
Awards	1936
Az	1917|1920|1921|1922|1925|1928|1930|1931|1934|1935|1936
B	1917|1918|1920|1921|1922|1924|1925|1929|1930|1931|1932|1933|1934|1935|1936
BLPCAT	1917
Back	1932
Backflow	1932
Badr	1924
Bah	1920
Bahasa	1917|1918|1919|1920|1921|1922|1924|1925|1930|1931|1933|1934|1935|1936
Bahrain	1936
Baladi	1930
Bamanankan	1935
Baptistry	1932
Bartenders	1917
Barton	1924
Basa	1921|1925|1935
Baskota	1924
Batho	1936
Bathtub	1932
Baumann	1924
Bavouzet	1924
Bayesian	1929
Beachcombers	1917
Bedfordshire	1936
Bedtime	1925
Beginners	1921
Beglov	1936
Belarus	1936
Belarusization	1936
Bend	1932
Bendit	1932
Bernd	1924
Better	1936
Bevara	1936
Beyonc	1923
Bhavnagar	1936
Bidet	1932
Big	1936
Billionaires	1921
Bio-stub	1924
Biography	1924|1926
Biosecurity	1936
Births	1922
Bishops	1917
Black	1936
Blancs	1936
Bled	1936
Blind	1925
Bloch's	1929
Bo	1932
Boarisch	1917|1918|1920|1925|1934|1935
Bob	1924
Bobby	1924
Body	1935
Bodyguards	1917
Boe	1936
Boere	1936
Boiler	1932
Boilers	1932
Bok	1925
Bolivian	1936
Bombard	1936
Bonn	1936
Book	1917
Booksellers	1917
Bosanski	1917|1918|1919|1920|1921|1924|1931|1934|1935|1936
Bosnia	1936
Botanists	1918
Bourgeois	1936
Bowerman	1924
Boycott	1936
Brazil	1936
Brazing	1932
Breton	1936
Brezhoneg	1917|1930|1934|1935
Brigitte	1924
Brinkmann	1924
British	1932|1936
Broadcasters	1917
Brother	1936
Brussels	1936
Bryon	1924
Buada	1936
Buchan	1932
Buddhists	1920
Building	1932
Buildings	1931
Burlesque	1925
Burrough	1924
Businesspeople	1917
Busking	1925
Buster	1919
Butchers	1917
Bydlinski	1924
C	1917|1918|1919|1920|1921|1922|1924|1925|1926|1927|1928|1929|1930|1931|1932|1933|1934|1935|1936
CAMAH	1936
CRP-2B	1936
Cajun	1923
Calil	1924
Call	1925
Cambodian	1936
Cameo	1925
Cameroonian	1936
Campaign	1935
Campanologists	1917
Campos	1930
Canada	1936
Candlelight	1936
Candombl	1920
Cane	1924
Cantor's	1929
Carey	1924
Carlos	1924
Carousel	1936
Carroll	1924
Cartagena	1936
Cartographic	1935
Cary	1924
Casey	1924
Castellans	1917
Casting	1925
Castrated	1921
Cat	1924
Catal	1917|1919|1922|1924|1925|1930|1931|1934|1935|1936
Categories	1917|1918|1919|1920|1921|1922|1923|1924|1925|1926|1927|1928|1929|1930|1931|1932|1933|1934|1935|1936
Categorization	1917
Category	1917|1918|1919|1920|1921|1922|1923|1924|1925|1926|1927|1928|1929|1930|1931|1932|1933|1934|1935|1936
Cato's	1936
Caucus	1936
Cavers	1917
Cebuano	1930|1935
Celebrity	1921
Censors	1917
Centenarians	1921
Center	1926
Centers	1936
Central	1932|1936
Centralisation	1936
Chairman-in-Office	1936
Chairperson-in-Office	1936
Chaluvaraya	1924
Championships	1925
Chanugondla	1931
Charles	1924|1930
Chatham	1936
Chavacano	1935
ChiShona	1931
Chicago	1932
Children	1917|1921|1926
Chilean	1936
China	1936
Chioran	1924
Chip	1932
Chittenden-2	1936
Chittenden-4	1936
Chittenden-7-1	1936
Chittenden-7-2	1936
Choice	1935
Choreographed	1925
Choreographers	1917
Choreography	1925
Chris	1924
Christian	1925|1935|1936
Christians	1920
Circuba	1925
Circus	1925
Cistern	1932
Citizen's	1936
City	1936
Civil	1917|1936
Clark	1932
Classical	1919|1936
Clement	1924
Clements	1924
Clerks	1917
Clinton	1924
Closet	1932
Cloud	1925
Clown	1925
Clowning	1925
Club	1925
Co-option	1936
CoCom	1936
Coalition	1936
Code	1932
Codes	1932
Cold	1936
Colin	1930
Colonial	1936
Color	1925
Colour-blind	1925
Comandos	1936
Combat	1936
Comedy	1925
Comedytrain	1925
Comes	1929
Command	1936
Commission	1936
Commissions	1936
Committee	1936
Common	1925|1936
Commons	1917|1918|1919|1920|1921|1922|1923|1924|1925|1926|1927|1928|1929|1930|1931|1932|1933|1934|1935|1936
Commonwealth	1936
Communications	1936
Communists	1919
Community	1917|1918|1919|1920|1921|1922|1923|1924|1925|1926|1927|1928|1929|1930|1931|1932|1933|1934|1935|1936
Company	1932
Comparative	1935
Compression	1932
Comptrollers	1917
Computer-assisted	1929
Concordat	1936
Conference	1936
Confucianists	1920
Congress	1936
Conscientious	1936
Conservatism	1919
Constituency	1936
Constitution	1936
Construction	1917|1932
Contact	1917|1918|1919|1920|1921|1922|1923|1924|1925|1926|1927|1928|1929|1930|1931|1932|1933|1934|1935|1936
ContactPoint	1926
Container	1917|1918|1919|1920|1921|1922
Contemporary	1926
Contents	1917|1918|1919|1920|1921|1922|1923|1924|1925|1926|1927|1928|1929|1930|1931|1932|1933|1934|1935|1936
Continents	1931
Controversy	1929
Convention	1936
Coogler	1924
Cooperation	1936
Copper	1932
Coppier	1924
Coppola	1924
Cordoba	1936
Corrigan	1924
Corsu	1935
Cortez	1930
Cosplay	1925
Costa	1924
Cottom	1924
Council	1932|1936
County	1936
Coupling	1932
Cradle	1925
Create	1917|1918|1919|1920|1921|1922|1923|1924|1925|1926|1927|1928|1929|1930|1931|1932|1933|1934|1935|1936
Creative	1917|1918|1919|1920|1921|1922|1923|1924|1925|1926|1927|1928|1929|1930|1931|1932|1933|1934|1935|1936
Crediters	1919
Criminal	1936
Criminalization	1935|1936
Criminals	1921
Cristina	1930
Criticism	1935
Cross-linked	1932
Cruz	1930|1933
Crypto-communism	1936
Crypto-politics	1935
CryptoParty	1935
Cuban	1936
Cultural	1935
Curators	1917
Current	1917|1918|1919|1920|1921|1922|1923|1924|1925|1926|1927|1928|1929|1930|1931|1932|1933|1934|1935|1936
Curvilinear	1935
Cutting	1932
Cymraeg	1917|1918|1919|1920|1921|1925|1928|1930|1931|1934|1935|1936
Czech	1936
D	1917|1918|1919|1920|1921|1922|1923|1924|1925|1926|1928|1929|1930|1931|1932|1933|1935|1936
D'Souza	1924
Dadi	1924
Dagenais	1924
Dallas	1924
Dalmau	1933
Dance	1925
Daniel	1924
Dansk	1917|1918|1919|1920|1924|1930|1931|1932|1933|1934|1935|1936
Dark	1928
Darren	1924
Data	1936
Database	1926
Databases	1926
Davignon	1936
Davis	1924
Daycare	1917
Dead	1921
Dear	1936
Death	1926
Deaths	1918|1922
Debt	1935
December	1926|1929|1936
Declaration	1936
Defectors	1921
Defence	1936
Defense	1936
Definitions	1929
Deists	1920
Deitsch	1934
Delatte	1923
Delegate	1936
Democracy	1936
Democratic	1919|1936
Democrats	1936
Demokratia	1936
Denationalization	1936
Dennis	1924
Deposition	1935
Deputy	1936
Derek	1924|1930
Design	1917
Designers	1917
Deutsch	1917|1918|1920|1922|1925|1928|1929|1930|1934|1935
Development	1917|1936
Dhandhuka	1936
DiMidio	1924
Diamond	1917
Dice	1925
Dictatorships	1936
Digital	1925
Dimitar	1924
Diplomatic	1931
Diplomats	1917
Dipper	1932
Directors	1917
Disclaimers	1917|1918|1919|1920|1921|1922|1923|1924|1925|1926|1927|1928|1929|1930|1931|1932|1933|1934|1935|1936
Discordians	1920
Disparity	1935
Dispatchers	1917
Displaced	1918
District	1936
Do	1924
Dock	1936
Doctrine	1936
Doe	1926
Dog-related	1917
Dojc	1930
Dolnoserbski	1917|1934|1935
Dom	1924
Domestic	1917|1932
Don	1924
Donate	1917|1918|1919|1920|1921|1922|1923|1924|1925|1926|1927|1928|1929|1930|1931|1932|1933|1934|1935|1936
Dorf	1932
Dornbracht	1932
Double	1936
Double-walled	1932
Download	1917|1918|1919|1920|1921|1922|1923|1924|1925|1926|1927|1928|1929|1930|1931|1932|1933|1934|1935|1936
Draft	1936
Drago	1936
Drain	1932
Drain-waste-vent	1932
Drainage	1932
Drake-Brockman	1924
Drama	1925
Draughtsmen	1917
Drees	1936
Driving	1932
Drizi	1924
Drumstruck	1925
Druze	1920
Dry	1932
Dual	1932
Duce	1936
Due	1917|1918|1919|1920|1921|1922|1933
Duke	1936
Dyer	1924
E	1917|1918|1921|1924|1925|1927|1928|1930|1931|1932|1933|1935|1936
Earth	1931
East	1936
Eastern	1918
Echo	1935
Economists	1917
Ede	1936
Edit	1917|1918|1919|1920|1921|1922|1923|1925|1926|1927|1928|1929|1930|1931|1932|1933|1934|1935|1936
Editors	1917
Edmond	1936
Edmund	1924
Edson	1936
Educational	1917
Eesti	1930|1934|1935
Effectiveness	1929
Effendi	1930
Egbedore	1936
Egypt	1936
Ejigbo	1936
Ekaraot	1935
Eleanor	1936
Election	1936
Electoral	1936
Electrofusion	1932
Elements	1936
Elena	1924
Eliade	1928
Ellington	1936
Embalmers	1917
Emergency	1932
Emerging	1935
Emili	1935
Encyclopedia	1925
Engineers	1917
England	1936
English	1917|1919|1920|1924|1925|1930|1931|1934|1935|1936
Enke	1924
Entertainers	1917
Entertainment	1925
Environments	1931
Equal	1936
Erik	1924
Eritrean	1936
Erotica	1925
Espa	1917|1918|1919|1920|1925|1928|1929|1930|1931|1932|1934|1935
Esperanto	1917|1920|1921|1922|1924|1929|1930|1933|1934|1935|1936
Espinosa	1933
Essays	1936
Estreme	1934|1935
Eternal	1928
Ethnic	1930
Eugene	1924
Eugenicists	1917
Europe	1918|1936
European	1918|1920|1933|1936
Euskal	1936
Euskara	1917|1919|1920|1921|1924|1925|1930|1931|1934|1935
Everything	1936
Exclusion	1936
Executive	1936
Exiles	1921
Expansion	1932
Exploited	1926
Explorers	1917
External	1932
Extracomunitarian	1936
F	1917|1919|1920|1921|1924|1925|1929|1930|1931|1932|1933|1934|1935|1936
Fallagate	1936
Falun	1920
Families	1917|1920
Farewell	1936
Farriers	1917
Fascism	1936
Fascists	1919
Faucet	1932
Fazio	1931
Featured	1917|1918|1919|1920|1921|1922|1923|1924|1925|1926|1927|1928|1929|1930|1931|1932|1933|1934|1935|1936
February	1919|1920|1922|1930
Federal	1936
Federation	1936
Fellowship	1936
Feminists	1919
Ferguson	1936
Ferrante	1924
Fictional	1917|1921|1930|1931|1934
Fiji	1935
Filippo	1924
Finitistic	1929
Finland	1936
Fire	1932
First	1936
Fishenko	1936
Five	1936
Five-point	1936
Fixture	1932
Flamingant	1936
Flange	1932
Flare	1932
Flavia	1924
Flavius	1924
Flea	1925
Flick	1936
Floor	1932
Flow	1932
Fluid	1932
Footes	1924
For	1924|1934|1936
Forces	1936
Ford	1924
Foreign	1936
Forensic	1917
Foresters	1917
Form	1929
Formalism	1929
Former	1919|1931
Fosso	1930
Foundation	1917|1918|1919|1920|1921|1922|1923|1924|1925|1926|1927|1928|1929|1930|1931|1932|1933|1934|1935|1936
Foundations	1929
Founders	1917
Four-way	1932
Fox	1924
Fran	1917|1919|1920|1924|1925|1929|1930|1931|1934|1935|1936
Francis	1924
Franco	1936
Frank	1924
Franti	1924
Franz	1924
Frederick	1924
Free	1936
Frege	1929
Friction	1917
From	1917|1918|1919|1920|1921|1922|1923|1924|1925|1926|1927|1928|1929|1930|1931|1932|1933|1934|1935|1936
Frysk	1917|1930|1934|1935
Fu	1925
Function	1929
Functional	1929
Fund	1936
Funeral	1917
G	1917|1919|1924|1925|1926|1928|1930|1932|1933|1935|1936
Gaeilge	1925|1934|1935
Gaelg	1918|1922|1931|1935
Gagauz	1935
Gajjar	1924
Galego	1934|1935|1936
Galicia	1918
Gallons	1932
Gas	1932
Geganius	1924
Gender	1932
Genealogy	1926
General	1936
Geoff	1930
Geoffrey	1924
Geography	1931
Georg	1924
George	1924
Georgists	1919
Gerti	1930
Ghilas	1924
Gibson	1924
Glantz	1924
Glen	1924
Gohara	1924
Gong	1920
Good	1935
Goos	1924
Gouget	1924
Government	1917|1935|1936
Grease	1932
Great	1928
GreenPlumbers	1932
Greens	1919
Greeters	1917
Gregory	1924
Group	1936
Guantanamo	1936
Guest	1925
Gunmetal	1932
Gustav	1924
Guthrie	1924
Gypsy	1935
H	1917|1920|1921|1924|1925|1926|1928|1929|1930|1931|1932|1933|1935|1936
Haberdashers	1917
Hadiya	1924
Hal	1930
Hales	1924
Halpern-Graser	1924
Hampden-White	1930
Handel	1926
Hare	1924
Harold	1924
Harry	1924
Haydon	1924
Hazen	1924|1932
Headhunter	1936
Headquarters	1936
Heads	1936
Heat	1932
Heim	1924
Heine	1924
Hellman	1924
Help	1917|1918|1919|1920|1921|1922|1923|1924|1925|1926|1927|1928|1929|1930|1931|1932|1933|1934|1935|1936
Henry	1924
Heritarrok	1936
Herzegovina	1936
Hickley	1924
Hidden	1917|1918|1919|1920|1921|1922|1924|1934
Hill	1924
Hindi	1935
Hindus	1920
Hip-hop	1925
Hiragasy	1925
Historicity	1928
Historiography	1928
History	1928|1932
Hobbies	1925
Hoffmann	1924
Holocaust	1930
Homeless	1921
Homs	1933
Hornjoserbsce	1917|1924|1930|1934|1935
Horse-related	1917
Horticulturists	1917
Hot	1932
House	1936
Household	1932
Houser	1924
Hrvatski	1925|1928|1930|1934|1935|1936
Human	1917|1925|1931
Hume's	1929
Hunger	1925
Hurd	1924
Hurley	1924
Husserl	1929
Hybrid	1932
Hydronics	1932
Hyperlocal	1931
I	1917|1918|1919|1921|1924|1925|1929|1930|1932|1933|1934|1935|1936
IAPMO	1932
Ideal	1932
Ido	1917|1921|1931|1934|1935
If	1933|1936
Ignacio	1933
Ilokano	1925|1929|1931|1935
Images	1917
Immigrants	1921
Impalement	1925
Impostors	1917
Impredicativity	1929
Inc	1917|1918|1919|1920|1921|1922|1923|1924|1925|1926|1927|1928|1929|1930|1931|1932|1933|1934|1935|1936
Independent	1934
Index	1926|1935
Indigenous	1930
Indonesia	1917|1918|1919|1920|1921|1922|1924|1925|1930|1931|1933|1934|1935|1936
Industries	1932
Infinite	1929
Infinity	1929
Inflammist	1925
Informal	1929
Innovators	1917
Institute	1932
Instrument	1917
Interaction	1917|1918|1919|1920|1921|1922|1923|1924|1925|1926|1927|1928|1929|1930|1931|1932|1933|1934|1935|1936
Interlingua	1917|1930|1931|1934|1935|1936
Interlingue	1935
International	1932
Internet	1917|1925
Intuitionism	1929
Investigations	1929
Iraq	1935|1936
Irvine	1924
Is	1935
Islamists	1919
Islands	1936
Isolation	1932
Israel	1936
It	1924|1934
Italian	1936
Italiano	1917|1919|1920|1924|1925|1928|1929|1930|1933|1934|1935|1936
Itinerant	1925
J	1917|1920|1924|1930|1932|1933|1936
Jaime	1933
Jains	1920
James	1924
Janitors	1917
January	1917|1921|1924|1925|1928|1931|1933|1934|1935
Javier	1933
Jawa	1921|1925|1935
Jay	1924
Jaykoski	1924
Jean	1930
Jean-Efflam	1924
Jeff	1924
Jeffrey	1924
Jerry	1924
Jes	1933
Jetstream	1932
Jewish	1920
Jews	1920
Joan	1924
Joel	1924
Jogan	1924
John	1924|1930
Jonathan	1930
Joseph	1924|1930
Juan	1924
Jump	1917|1918|1919|1920|1921|1922|1923|1924|1925|1926|1927|1928|1929|1930|1931|1932|1933|1934|1935|1936
Jurists	1917
Jursa	1924
K	1917|1923|1924|1932|1933|1934|1936
Kadam	1924
Kalaallisut	1935
Kameri	1930
Kamini	1924
Kano	1924
Kapampangan	1917|1921|1935
Karen	1924
Karin	1924
Kasz	1935
Keaton	1919
Kee	1924
Kernowek	1935
Kerry	1924
Khnychenkova	1924
Kidnapped	1934
King	1924
Kinney	1924
Kinyarwanda	1931|1934|1935
Kissane	1924
Kiswahili	1917|1924|1933|1934|1935|1936
Kitec	1932
Knights	1917
Knowles	1923
Knowlton	1924
Konrad	1924
Korpi	1924
Kotev	1924
Krey	1935
Kris	1924
Krul	1924
Kurd	1917|1919|1920|1930|1934|1935
L	1917|1919|1921|1924|1925|1926|1928|1929|1930|1931|1932|1933|1934|1935|1936
LGBT	1917|1920|1921|1934
LLC	1936
Lab	1925
Labour	1936
Lackey	1935
Ladies-in-waiting	1917
Lady	1936
Lament	1929
Landforms	1931
Landmarks	1931
Landowners	1917
Landscape	1917
Language	1929
Languages	1917|1918|1919|1920|1921|1922|1924|1925|1927|1928|1929|1930|1931|1932|1933|1934|1935|1936
Lara	1930
Latga	1931|1934|1935
Latina	1917|1924|1925|1930|1931|1934|1935
Latino	1935
Latvie	1917|1918|1919|1920|1924|1925|1929|1930|1933|1934|1935|1936
Lawspeakers	1917
Lead	1932
Leaders	1934
League	1936
Leak	1932
Lectures	1928
Left	1936
Legacy	1936
Legal	1921
Legislative	1935
Leichtweis	1924
Less	1925
Lett	1924
Letters	1936
Lettice	1924
Liberalism	1936
Liberation	1936
Libertarians	1919
Liberty	1936
Liboschitz	1924
Librarians	1917
License	1917|1918|1919|1920|1921|1922|1923|1924|1925|1926|1927|1928|1929|1930|1931|1932|1933|1934|1935|1936
Lietuvi	1917|1924|1929|1930|1933|1934
Ligure	1935
Limburgs	1925|1934|1935
Limitation	1929
Lin	1924
Lind	1930
Line	1932
Ling	1935
Lion	1925
List	1926|1930|1931|1935
Lists	1917|1931|1934
Literary	1936
Little	1924
Living	1920|1921|1925
Loan	1936
Local	1934
Location	1931
Locke	1924
Log	1917|1918|1919|1920|1921|1922|1923|1924|1925|1926|1927|1928|1929|1930|1931|1932|1933|1934|1935|1936
Loggers	1917
Logical	1929
Logicomix	1929
Lojban	1935
Lok	1936
Loop	1932
Lotan	1924
Lowther	1924
Ludwig	1929
Lugo	1933
Luis	1933
Luiz	1924
Luke	1924
Lumbaart	1935
Lynette	1924
M	1917|1918|1919|1920|1921|1924|1925|1926|1929|1930|1931|1932|1933|1935|1936
MacSween	1924
Macerinus	1924
Mackay	1924
Mafart	1930
Magic	1925
Magician's	1925
Magnis-Suseno	1924
Magnum	1930
Maguire	1924
Magyar	1917|1920|1924|1925|1928|1929|1930|1934|1935
Main	1917|1918|1919|1920|1921|1922|1923|1924|1925|1926|1927|1928|1929|1930|1931|1932|1933|1934|1935|1936
Maja	1924
Majk	1924
Malagasy	1935
Mallory	1924
Malti	1924|1934|1935|1936
Man	1928
Manifesto	1936
Manitoba	1924
Manuel	1930
Mapes	1924
Marble	1924
March	1927
Margaretha	1924
Maritime	1917
Market	1917|1936
Marketing	1917
Marly	1924
Marnell	1924
Mars	1924
Martial	1925
Marxists	1919
Masseurs	1917
Mathematica	1929
Mathematical	1929
Mathematician's	1929
Mathematics	1929
Maude	1924
May	1923
Mayor	1933
McElhaney	1924
McFarlane	1924
McIndoe	1924
McKay	1924
Media	1917|1925|1936
Medical	1917|1935
Meeting	1936
Mehrdad	1930
Melayu	1917|1921|1924|1934|1935|1936
Men	1917
Merlin	1926
Message	1936
Metalworkers	1917
Michael	1924
Middle	1918|1936
Migrant	1917
Miguel	1930
Military	1917|1931|1936
Miller	1930
Milliner	1924
Milo	1924
Minister	1936
Ministers'	1936
Mirand	1917|1925|1931|1934|1935
Missing	1921|1926
Mission	1925
Missionaries	1918
Mobile	1917|1918|1919|1920|1921|1922|1923|1924|1925|1926|1927|1928|1929|1930|1931|1932|1933|1934|1935|1936
Mock	1925
Moen	1932
Moldova	1936
Moldovan	1936
Monarchists	1919
Money	1935|1936
Monsalvo	1924
Moral	1936
Morgan	1935
Moria	1936
Most	1933
Motivational	1917
Mouth	1935
Movement	1936
Mr	1932
Mukul	1924
Muldowney	1924
Mulley	1924
Music	1925
Musical	1925
Muslims	1920
Mutually	1929
Mythological	1931
N	1917|1918|1919|1920|1921|1924|1925|1926|1928|1929|1931|1932|1933|1935|1936
Nabil	1924
Nagel	1924
Namespaces	1917|1918|1919|1920|1921|1922|1923|1924|1925|1926|1927|1928|1929|1930|1931|1932|1933|1934|1935|1936
Narden	1933
National	1926|1932|1935|1936
Nationalists	1919
Nations	1920
Natural	1917|1929
Navigation	1917|1918|1919|1920|1921|1922|1923|1924|1925|1926|1927|1928|1929|1930|1931|1932|1933|1934|1935|1936
Nazis	1919
Nazism	1935
Nederlands	1917|1919|1925|1928|1929|1930|1934|1935|1936
Nedersaksies	1934|1935
Neighborhoods	1931
Neo-Benshi	1925
Neo-Nazis	1919
Neo-Stalinists	1919
Neo-fascists	1919
Network	1926
Neutrality	1928
New	1920|1925|1936
Newland	1924
Nielsen	1924
Nielson	1924
Nipple	1932
Nnapulitano	1934|1935
No	1929
Nonagenarians	1921
Nonexistent	1921
Nordfriisk	1935
Norsk	1917|1919|1921|1924|1925|1929|1930|1933|1934|1935|1936
North	1933|1936
Norton	1924
Note	1924
Nouormand	1935
Novial	1931
O	1917|1919|1920|1924|1925|1926|1927|1928|1929|1930|1931|1932|1933|1934|1935|1936
O'Neal	1924
Object	1929
Objectivity	1928
Objector	1936
Occitan	1917|1920|1925|1930|1931|1934|1935
Occultists	1920
Occupations	1917
Oceanian	1933
Odette	1924
Oenologists	1917
Oertel	1924
Office-holders	1917
Oligarchs	1919
Oliveira	1924
Oliver	1924
Ombudsmen	1917
Online	1926
Opera	1925
Opt	1935
Oral	1925
Orangeburg	1932
Ort	1933
Oskouei	1930
Osmo	1924
Otero	1930
Oust	1924
Out	1935
Outer	1931
Outline	1925|1935
Outpost	1935
Overton	1924
Owen	1924
P	1917|1918|1919|1920|1921|1924|1925|1926|1927|1928|1929|1930|1931|1932|1933|1934|1935|1936
PDF	1917|1918|1919|1920|1921|1922|1923|1924|1925|1926|1927|1928|1929|1930|1931|1932|1933|1934|1935|1936
PVC	1932
Pacifists	1920
Pagans	1920
Page	1917|1918|1919|1920|1921|1922|1923|1924|1925|1926|1927|1928|1929|1930|1931|1932|1933|1934|1935|1936
Pages	1919|1923|1924|1925|1926|1927|1928|1929|1930|1931|1932|1933|1934|1935|1936
Painters	1917
Pak	1924
Pakirappa	1924
Palash	1924
Palaver	1924
Pan-American	1936
Pan-Islamism	1935
Pandering	1935
Panentheists	1920
Pangasinan	1935
Pansexual	1921
Pantheists	1920
Papiamentu	1935
Paraconsistent	1929
Paranormal	1931
Paris	1924
Parliament	1936
Parliamentary	1935
Participation	1935
Party	1936
Patrick	1919
Paul	1924|1930
Paula	1933
Pausanias	1924
Payne	1924
Pe	1933
Peace	1936
Peep	1925
Pekka	1924
Pele	1936
Pendleton	1924
People	1917|1918|1919|1920|1921|1922|1923|1924|1931|1935|1936
People's	1936
People_by_occupation	1917
People_by_place	1918
People_by_political_orientation	1919
People_by_religion	1920
People_by_status	1921
People_by_time	1922
People_of_Cajun_descent	1923
People_stubs	1924
Percussion	1925
Performance	1925
Performing	1925
Performing_arts	1925
Period	1925
Permanent	1917|1918|1919|1920|1921|1922|1923|1924|1925|1926|1927|1928|1929|1930|1931|1932|1933|1934|1935|1936
Persecution	1927
Person	1926
Person_databases	1926
Personal	1917|1918|1919|1920|1921|1922|1923|1924|1925|1926|1927|1928|1929|1930|1931|1932|1933|1934|1935|1936
Personifications	1921
Persons	1926
Peter	1924|1930
Philosophers	1917|1928|1929
Philosophia	1929
Philosophy	1927|1928|1929
Philosophy_and_society	1927
Philosophy_of_history	1928
Philosophy_of_mathematics	1929
Photographer	1930
Photographers	1930
Photographic	1930
Photography	1930
Physical	1925
Physicians	1917
Physics	1929
Piddington	1924
Piemont	1935
Pierre	1924
Pillnitz	1936
Pioneers	1917|1930
Pipe	1932
Pipeline	1932
Piping	1932
Pisin	1935
Place	1931
Places	1931
Plan	1936
Planters	1917
Plastic	1932
Platonic	1929
Plattd	1925|1930|1934|1935
Play	1925
Playhouse	1925
Please	1924|1933|1936
Plumber	1932
Plumber's	1932
Plumbers	1917|1932
Plumbing	1932
Plunger	1932
Poetry	1925
Poland	1936
Pole-sitters	1917
Poli-stub	1936
Policy	1936
Polish	1936
Political	1917|1919|1933|1934|1935|1936
Politically	1935
Politician	1933|1934|1936
Politician-stub	1933
Politician_stubs	1933
Politicians	1919|1933|1934
Politicized	1935
Politico-media	1935
Politics	1933|1935|1936
Politics-related	1935
Politics_stubs	1936
Polski	1917|1919|1920|1928|1929|1930|1934|1935
Polyamorous	1921
Polypipe	1932
Pool	1932
Popular	1928
Populated	1931
Portal	1925
Portugu	1917|1918|1919|1921|1922|1924|1925|1928|1929|1930|1931|1934|1935|1936
Positions	1935
Possibly	1921
Postdramatic	1925
Power	1935|1936
Preservationists	1917
Pressure-balanced	1932
Prime	1936
Print	1917|1918|1919|1920|1921|1922|1923|1924|1925|1926|1927|1928|1929|1930|1931|1932|1933|1934|1935|1936
Printable	1917|1918|1919|1920|1921|1922|1923|1924|1925|1926|1927|1928|1929|1930|1931|1932|1933|1934|1935|1936
Privacy	1917|1918|1919|1920|1921|1922|1923|1924|1925|1926|1927|1928|1929|1930|1931|1932|1933|1934|1935|1936
Professional	1925
Program	1936
Progresista	1936
Progress	1928
Proposals	1936
Prothonotaries	1917
Proto-fascism	1935
Prymke	1924
Psephologists	1917
Pseudomathematics	1929
Psychologism	1929
Public	1917|1925|1935
Publics	1935
Publishers	1917
Puppet	1935
Push-to-pull	1932
Put	1935
Pyranoscope	1925
Pythagoras	1929
Q	1924|1929|1932|1933|1935|1936
Quasi-empirical	1929
Quasi-empiricism	1929
Question	1935
Quick	1932
R	1917|1918|1919|1920|1921|1924|1925|1929|1930|1931|1932|1933|1935|1936
RIDGID	1932
Ra	1920
Rabbis	1918
Radiant	1932
Radiator	1932
Rain	1932
Ralph	1924
Ram	1933
Randal	1924
Random	1917|1918|1919|1920|1921|1922|1923|1924|1925|1926|1927|1928|1929|1930|1931|1932|1933|1934|1935|1936
Rastafarians	1920
Raymond	1924
Raymundo	1936
Read	1917|1918|1919|1920|1921|1922|1923|1924|1925|1926|1927|1928|1929|1930|1931|1932|1933|1934|1935|1936
Realtors	1917
Reaux	1924
Rebels	1917|1919|1921
Recent	1917|1918|1919|1920|1921|1922|1923|1924|1925|1926|1927|1928|1929|1930|1931|1932|1933|1934|1935|1936
Reconciliation	1936
Red	1919
Reduction	1935
Reference	1926
Regional	1935
Regions	1931
Register	1932
Related	1917|1918|1919|1920|1921|1922|1923|1924|1925|1926|1927|1928|1929|1930|1931|1932|1933|1934|1935|1936
Religious	1917|1920|1931
Remarks	1929
Rena	1930
Representative	1936
Republic	1936
Republicans	1919
Researchers	1917
Residential	1932
Resistance	1936
Resolution	1936
Retail	1917
Retrieved	1917|1918|1919|1920|1921|1922|1923|1924|1925|1926|1927|1928|1929|1930|1931|1932|1933|1934|1935|1936
Revivalist	1925
Revolutions	1929
Rhetoricians	1917
Richard	1924
Rick	1924
Ricky	1924
Ridgers	1930
Righteous	1920
Ripoarisch	1934|1935
Riser	1932
Robbins	1924
Robert	1924
Rocket	1931
Rodney	1924
Rodr	1933
Rodrigo	1924
Rogerio	1924
Rogers	1924
Rom	1917|1918|1919|1920|1921|1922|1924|1925|1928|1929|1930|1931|1932|1934|1935
Roman	1932
Romani	1935
Ron	1924
Roosevelt	1936
Rooter	1932
Rosario	1936
Rosburg	1924
Ross	1924
Roth	1930
Roto-Rooter	1932
Royal	1917
Royer	1924
Rudi	1924
Rule	1936
Rumantsch	1935
Runa	1917|1934|1935
Runemasters	1917
Rural	1936
Russian	1925
Ryan	1924
S	1917|1919|1920|1921|1924|1925|1926|1928|1929|1930|1931|1932|1933|1934|1935|1936
SSR	1936
Sabha	1936
Sacred	1931
Safe	1932
Saints	1920
Salil	1924
Salon-holders	1917
Sambhujit	1924
Samuel	1930
Sang	1924
Sanna	1924
Santa	1933
Santer	1920
Sara	1924
Sardu	1917|1919|1920|1930|1934|1935
Sarkar	1924
Satanists	1920
Satyabhakta	1924
Scholars	1917
Science	1929
Sciences	1929
Scientists	1917
Scientologists	1920
Scots	1917|1918|1921|1922|1934|1935
Scott	1924
Scouting	1917
Screen	1925
Screenwriting	1925
Scribes	1917
Search	1917|1918|1919|1920|1921|1922|1923|1924|1925|1926|1927|1928|1929|1930|1931|1932|1933|1934|1935|1936
Secret	1931
Secretaries	1917
Secretary	1936
Secretary-General	1936
Security	1926|1936
See	1917|1918|1919|1920|1921|1922|1923|1924|1925|1926|1927|1928|1929|1930|1931|1932|1933|1934|1935|1936
Seeltersk	1935
Sefton	1924
Seir	1924
Senate	1936
Separatiste	1936
September	1918
Serbia	1936
Serena	1924
Services	1932
Setting	1931
Sewer	1932
Sex	1917|1925
Shadowgraphy	1925
Shaw	1930
Sheldon	1924
Shields	1924
Shintoists	1920
Show	1925
Shower	1932
Shqip	1930|1934|1935
Sicilianu	1934|1935
Sikhs	1920
Simi	1917|1934|1935
Simple	1917|1919|1920|1924|1925|1930|1931|1934|1935|1936
Singing	1925
Sink	1932
Skelton	1919
Slaves	1921
Sloan	1932
Sloven	1917|1920|1921|1922|1924|1925|1928|1929|1930|1933|1934|1935|1936
Smith	1924
Social	1917|1919|1926
Social-Democratic	1936
Socialist	1936
Socialists	1919
Society	1927|1935
Solder	1932
Solow	1924
Somali	1936
Some	1929
Song-Chol	1924
Soomaaliga	1935
Soria	1936
South	1933|1936
SouthAfrica-poli-stub	1936
Soviet	1920
Spa	1932
Space	1931
Spanish	1936
Special	1917|1918|1919|1920|1921|1922|1923|1924|1925|1926|1927|1928|1929|1930|1931|1932|1933|1934|1935|1936
Spies	1917
Spin	1935
Spirit	1924
Sportspeople	1917
Sportsperson	1934
Square	1925
Sranantongo	1917
Srpskohrvatski	1917|1920|1925|1930|1934|1935
Stage	1925
Stand-up	1925
Standard	1932
Standards	1932|1936
States	1936
Static	1925
Stationers	1917
Stauch	1924
Steinberg	1932
Stella	1924
Stephen	1935
Stevens	1924
Storytelling	1925
Strategy	1936
Street	1932
Striptease	1925
Structuralism	1929
Stub	1924|1933|1936
Students	1917|1936
SubGenii	1920
Subcategories	1917|1918|1919|1920|1921|1922|1924|1925|1926|1927|1928|1929|1930|1931|1932|1933|1934|1935|1936
Subjectivity	1928
Subud	1920
Sudan	1936
Suisse	1936
Sump	1932
Sunda	1935
Suomi	1924|1925|1928|1929|1930|1933|1934|1935|1936
Support	1936
Supranational	1935
Surge	1932
Surveyors	1917
Survivalists	1917
Survivors	1921
Suy	1924
Svenska	1917|1918|1919|1920|1921|1924|1925|1928|1929|1930|1931|1933|1934|1935|1936
Svenskt	1936
Sverige	1936
Swami	1924
Swamy	1924
Swazi	1936
Swimming	1932
Sword	1925
Syndicalists	1919
Syria	1936
System	1925|1926
T	1917|1918|1919|1920|1921|1924|1925|1927|1928|1929|1930|1931|1932|1933|1934|1935|1936
TJ	1935
TV	1936
Ta'zieh	1925
Tagalog	1931|1934|1935|1936
Talk	1917|1918|1919|1920|1921|1922|1923|1924|1925|1926|1927|1928|1929|1930|1931|1932|1933|1934|1935|1936
Tamojen	1935
Tanay	1924
Tanners	1917
Taoists	1920
Tap	1932
Taqbaylit	1935
Tarand	1934
Target	1925
Tasmania	1936
Taxi	1917
Taxidermists	1917
Taxpayers	1935
Technology	1917
Telegraphists	1917
Telematic	1925
Television	1925
Template	1924|1933|1936
Templates	1919
Term	1935
Terms	1917|1918|1919|1920|1921|1922|1923|1924|1925|1926|1927|1928|1929|1930|1931|1932|1933|1934|1935|1936
Territorial	1931
Terrorism	1936
Tessa	1924
Text	1917|1918|1919|1920|1921|1922|1923|1924|1925|1926|1927|1928|1929|1930|1931|1932|1933|1934|1935|1936
Textile	1917
Thank	1936
The	1923|1924|1925|1926|1928|1929|1930|1931|1932|1933|1935|1936
Theatre	1925
Theatrical	1925
Thelemites	1920
Themelko	1936
Theories	1928|1929
Theosophists	1920
Thermostatic	1932
Thick	1936
This	1917|1918|1919|1920|1921|1922|1923|1924|1925|1926|1927|1928|1929|1930|1931|1932|1933|1934|1935|1936
Thomas	1924|1930
Thought	1920
Thread	1932
Threaded	1932
Ti	1917|1918|1920|1922|1924|1925|1928|1930|1931|1934|1935
Tidbeck	1924
Tigray	1936
Tim	1924
Time	1936
Titus	1924
To	1924|1933|1936
Toby	1924
Todd	1924
Toilets	1932
Tok	1935
Tonga	1936
Tony	1924
Toolbox	1917|1918|1919|1920|1921|1922|1923|1924|1925|1926|1927|1928|1929|1930|1931|1932|1933|1934|1935|1936
Top	1924|1933|1936
Top-level	1924|1936
Topham	1930
Topological	1925
Totalitarian	1928
Tour	1917
Town	1917
Trace	1932
Tracy	1923
Trade	1936
Tragedy	1925
Translators	1917
Trap	1932
Traps	1932
Treasure	1917
Trevitt	1924
Trick	1925
Tub	1932
Tubing	1932
Turnkey	1932
Twirling	1925
Two-step	1935
U	1917|1919|1920|1921|1924|1928|1929|1931|1932|1933|1936
U-bend	1932
UK-politician-stub	1936
US-poli-stub	1936
US-politician-stub	1936
Ultrafinitism	1929
Underwater	1917
Unidentified	1921|1926
Unificationists	1920
Uniform	1932
Union	1920|1936
Unitarians	1920
United	1936
Universalists	1920
Universe	1931
University	1917
Unreasonable	1929
Unwitting	1928
Upload	1917|1918|1919|1920|1921|1922|1923|1924|1925|1926|1927|1928|1929|1930|1931|1932|1933|1934|1935|1936
Urban	1917
Use	1917|1918|1919|1920|1921|1922|1923|1924|1925|1926|1927|1928|1929|1930|1931|1932|1933|1934|1935|1936
User	1935
Utopists	1919
V	1917|1920|1921|1924|1925|1926|1930|1931|1932|1933|1935|1936
Vacuum	1932
Vadyakala	1925
Valdir	1930
Valve	1932
Varayarangu	1925
Variants	1917|1918|1919|1920|1921|1922|1923|1924|1925|1926|1927|1928|1929|1930|1931|1932|1933|1934|1935|1936
Variety	1925
Vaup	1930
Veps	1930|1934|1935
Vermont	1936
Vexillologists	1917
Vi	1917|1918|1920|1922|1924|1925|1928|1930|1931|1934|1935
Vicki	1924
Victims	1921
Victorian	1925
Vidal	1924
View	1917|1918|1919|1920|1921|1922|1923|1924|1925|1926|1927|1928|1929|1930|1931|1932|1933|1934|1935|1936
Views	1917|1918|1919|1920|1921|1922|1923|1924|1925|1926|1927|1928|1929|1930|1931|1932|1933|1934|1935|1936
Virtual	1925
Visger	1924
Visitor	1931
Vitkauskas	1930
Vladas	1930
Vodou	1920
Voice	1925
Volap	1935
Voter	1926
Voting	1935
W	1917|1919|1921|1924|1925|1929|1930|1931|1932|1933|1934|1935|1936
WP	1917|1933
WSS	1933
Waite	1924
Walker	1924
Wall	1925
Walon	1935
Walter	1924|1930
War	1935
Ward	1924
Watchmakers	1917
Water	1932
Waterfuse	1932
Waystations	1931
Weapons	1925
Weeping	1932
Weidemeyer	1924
Weld-On	1932
Wessel	1924
West-Vlams	1917|1930|1931|1934|1935
What	1917|1918|1919|1920|1921|1922|1923|1924|1925|1926|1927|1928|1929|1930|1931|1932|1933|1934|1935|1936
When	1924
Whenever	1933
Where	1929|1935
Whistleblowers	1921
Whitehall	1925
Wiio	1924
WikiProject	1919|1924|1933|1936
Wikimedia	1917|1918|1919|1920|1921|1922|1923|1924|1925|1926|1927|1928|1929|1930|1931|1932|1933|1934|1935|1936
Wikinews	1935
Wikipedia	1917|1918|1919|1920|1921|1922|1923|1924|1925|1926|1927|1928|1929|1930|1931|1932|1933|1934|1935|1936
Wilkins	1932
Will	1924
William	1924
Williams	1932
Winaray	1935
Winter	1925
Wittgenstein's	1929
Wolf	1925
Wolfson	1924
Wolof	1935
Womanists	1919
Women	1917|1930|1934
Wooster	1924
Workers'	1936
Works	1930|1934|1935
World	1925|1932
X	1924|1933|1936
Y	1924|1933|1936
Ya	1924
Yami	1924
Yaqoob	1924
Yard	1924
Yesui	1924
Yishai	1924
Yor	1917|1918|1921|1934|1935
York	1936
Yosef	1924
You	1924|1933|1936
Your	1935
Yuri	1930
Z	1917|1919|1920|1924|1928|1933|1936
Zamboanga	1935
Zazaki	1931|1935
Ze	1935
Zealand	1925|1936
Zeitgeist	1928
Zev	1924
Zionists	1919
Zookeepers	1917
Zoroastrians	1920
a	1917|1918|1919|1920|1921|1922|1923|1924|1925|1926|1927|1928|1929|1930|1931|1932|1933|1934|1935|1936
about	1930|1934|1935|1936
abuse	1935
academic	1930
academics	1917
account	1917|1918|1919|1920|1921|1922|1923|1924|1925|1926|1927|1928|1929|1930|1931|1932|1933|1934|1935|1936
act	1925|1935
active	1924
activism	1935
actor	1924|1925
add	1924|1933|1936
added	1924|1933
additional	1917|1918|1919|1920|1921|1922|1923|1924|1925|1926|1927|1928|1929|1930|1931|1932|1933|1934|1935|1936
advice	1917
affair	1936
affairs	1935
after	1917|1934
aggression	1935
agreement	1936
agriculture	1917
ais	1917|1919|1920|1924|1925|1929|1930|1931|1934|1935|1936
al-Bata'ihi	1933
all	1924|1925
alliance	1936
allowed	1936
also	1917|1921|1925|1928|1930|1933|1934|1935|1936
an	1924|1933|1934|1936
analysis	1929
and	1917|1918|1919|1920|1921|1924|1925|1926|1927|1929|1931|1932|1933|1934|1935|1936
another	1936
ans	1920
any	1924|1934
appearance	1925
applicable	1924|1934
applied	1935
apply	1917|1918|1919|1920|1921|1922|1923|1924|1925|1926|1927|1928|1929|1930|1931|1932|1933|1934|1935|1936
appreciated	1924
appropriate	1936
architects	1917
are	1923|1924|1925|1926|1928|1929|1930|1931|1932|1933|1934|1935|1936
area	1918
argument	1935
art	1925
article	1917|1918|1919|1920|1921|1922|1923|1924|1925|1926|1927|1928|1929|1930|1931|1932|1933|1934|1935|1936
articles	1917|1924|1933|1934|1935|1936
artist	1925
artists	1917
arts	1925|1935
as	1917|1918|1919|1920|1921|1922|1923|1924|1925|1926|1927|1928|1929|1930|1931|1932|1933|1934|1935|1936
aspects	1935
assistant	1925|1930
associated	1917|1919|1920|1931|1934
association	1920
at	1917|1918|1919|1920|1921|1922|1923|1924|1925|1926|1927|1928|1929|1930|1931|1932|1933|1934|1935|1936
attention	1924
attractions	1931
audition	1925
authority	1935
autonomy	1935
available	1917|1918|1919|1920|1921|1922|1923|1924|1925|1926|1927|1928|1929|1930|1931|1932|1933|1934|1935|1936
avoid	1924|1934
awards	1925|1927|1935
ayisyen	1935
b	1917|1918|1921|1934|1935
backlog	1924
band	1925
bar	1925
be	1924|1934|1936
beauty	1929
beccel	1924
becoming	1924|1934
before	1924|1933|1936
behavior	1935
below	1936
bio-stub	1924
biographical	1924
biography	1924
boiler	1932
bokm	1917|1924|1930|1933|1934|1935|1936
book	1917|1918|1919|1920|1921|1922|1923|1924|1925|1926|1927|1928|1929|1930|1931|1932|1933|1934|1935|1936
books	1925
born	1924
borough	1918
bsczi	1935
budget	1936
burlesque	1925
business	1925
businesses	1917
by	1917|1918|1919|1920|1921|1922|1923|1924|1925|1926|1928|1929|1930|1931|1933|1934|1935|1936
cab	1917
cabinet	1936
called	1925
calypsonian	1935
campaigner	1924
can	1924|1933|1936
canals	1917
candidate	1934
candidates	1934
cap	1932
capacity	1934
careers	1934
casting	1925
categories	1917|1918|1919|1920|1921|1922|1924|1933|1934|1936
categorization	1917
category	1917|1918|1919|1920|1921|1922|1923|1924|1925|1926|1927|1928|1929|1930|1931|1932|1933|1934|1935|1936
center	1925
centres	1925
century	1920|1922|1934
chain	1932
chamber	1935
changes	1917|1918|1919|1920|1921|1922|1923|1924|1925|1926|1927|1928|1929|1930|1931|1932|1933|1934|1935|1936
characteristic	1920
characters	1917|1921|1924
ciel	1936
circumstances	1934
circus	1925
citizenship	1935
city	1917|1918|1934
civilian	1935|1936
clamp	1932
classically	1925
classifications	1935
classifies	1917
cleaner	1932
clerks	1917
climate	1935
clothes	1925
code	1932
colleague	1936
college	1917
colonies	1918
colony	1918
combat	1925
comedian	1925
comedy	1925
comique	1925
committed	1930
communication	1935
communists	1919
companies	1925
company	1932
complex	1935
compression	1932
computer	1929
computers	1917
conduct	1935
conflicts	1935
congress	1936
connect	1932
connectors	1932
conspiracies	1935
constituency	1936
constitutional	1936
cont	1917|1918|1919|1920|1921|1924|1925|1928|1929|1930|1931|1932|1933|1934|1935|1936
contain	1917|1918|1919|1920|1921|1922|1924|1934
container	1917|1918|1919|1920|1921|1922
contains	1919|1927|1934|1936
content	1917|1918|1919|1920|1921|1922|1923|1924|1925|1926|1927|1928|1929|1930|1931|1932|1933|1934|1935|1936
continent	1918
continentname-politician-stub	1933
contractors	1917
control	1932|1936
controversies	1935
convert	1924
converts	1920
conveyance	1932
convicted	1934
cooling	1932
corporations	1935
corresponding	1936
corruption	1935
countries	1933
country	1918|1921|1924|1925|1935|1936
countryname-politician-stub	1933
cracking	1919
create	1933|1936
creation	1924|1930|1933|1936
cricketer	1924
criers	1917
crimes	1934
culture	1927|1931|1935
cyclist	1924
d'Espagne	1936
dance	1925
dancer	1925
database	1926
databases	1926
days	1936
de	1924|1935
dead	1936
dealers	1917
death	1934
debate	1925
deceased	1920|1921
decision-making	1935
declared	1935
decomposition	1929
decorators	1917
deduction	1929
defining	1920
del	1936
democracy	1928
demography	1935
descent	1920|1923
designers	1917
details	1917|1918|1919|1920|1921|1922|1923|1924|1925|1926|1927|1928|1929|1930|1931|1932|1933|1934|1935|1936
device	1932
diamonds	1919
did	1924
died	1930
diffusion	1924|1934
direct	1917
directly	1924|1934
director	1924
directors	1917
disabilities	1934
disability	1935
disambiguation	1935
disappeared	1921
discussed	1934
disputed	1921
district	1936
districts	1936
dividend	1936
do	1934|1936
don't	1924
dope	1932
dosing	1932
drain	1932
drama	1925
drivers	1917
duraflo	1932
dynamics	1932
e	1917|1918|1919|1920|1921|1924|1925|1927|1928|1929|1930|1931|1933|1934|1935|1936
edit	1933
editors	1924
education	1925|1927|1929|1935
efforts	1924
ejla	1930
ek	1924
elbow	1932
elected	1934
election	1936
elections	1934|1936
elective	1934
electoral	1936
elements	1925
elsewhere	1934
emait	1917|1934|1935
empty	1917
en	1917|1918|1919|1920|1921|1922|1923|1924|1925|1926|1927|1928|1929|1930|1931|1932|1933|1934|1935|1936
encyclopedia	1917|1918|1919|1920|1921|1922|1923|1924|1925|1926|1927|1928|1929|1930|1931|1932|1933|1934|1935|1936
energy	1935
engineering	1917
enough	1924
entities	1931
entries	1924
equation	1932
esky	1917|1918|1919|1920|1921|1928|1929|1930|1934|1935
etc	1925
ethnic	1923
ethnicity	1917|1934
evangelists	1917
event	1936
events	1917|1918|1919|1920|1921|1922|1923|1924|1925|1926|1927|1928|1929|1930|1931|1932|1933|1934|1935|1936
examination	1936
examiners	1917
example	1936
exclusive	1929
executed	1920
existence	1921
expanding	1924|1933|1936
expected	1934
experts	1917
explicit	1924
export	1917|1918|1919|1920|1921|1922|1923|1924|1925|1926|1927|1928|1929|1930|1931|1932|1933|1934|1935|1936
exposed	1935
faction	1935
fall	1936
falls	1936
farce	1925
fashion	1917
fasteners	1932
faucet	1932
favourites	1917
festivals	1925
few	1924|1934
fewer	1924
fict-char-stub	1924
fictional	1924|1931
field	1917|1928|1929
file	1917|1918|1919|1920|1921|1922|1923|1924|1925|1926|1927|1928|1929|1930|1931|1932|1933|1934|1935|1936
finance	1917
first	1933|1936
fitting	1932
fittings	1932
fixture	1932
flag	1925|1936
flange	1932
flip	1925
flow	1935
fluid	1932
folklore	1929
following	1917|1918|1919|1920|1921|1922|1923|1924|1925|1926|1927|1928|1929|1930|1931|1932|1933|1934|1935|1936
food	1917
football	1924
footballer	1924
for	1917|1918|1919|1920|1921|1922|1923|1924|1925|1926|1927|1928|1929|1930|1931|1932|1933|1934|1935|1936
forbidden	1936
foregoing	1925
forget	1924
form	1933
former	1920
forms	1925
free	1917|1918|1919|1920|1921|1922|1923|1924|1925|1926|1927|1928|1929|1930|1931|1932|1933|1934|1935|1936
frequent	1924|1934
from	1917|1918|1919|1920|1921|1922|1923|1924|1925|1926|1927|1928|1929|1930|1931|1932|1933|1934|1935|1936
full	1936
full-time	1934
furnace	1932
future	1936
g	1936
games	1917
gap	1932
garden	1917
gardeners	1917
gas	1932
general	1936
genre	1926
geographical	1918|1931
geography	1931
girl	1925
good	1924
government	1934|1936
governmental	1934
governments	1935
grata	1935
greatly	1924
grise	1936
groups	1925|1935
guard	1925
guez	1933
guides	1917
hammer	1932
hardware	1932
harish	1924
harmony	1929
has	1917|1918|1919|1920|1921|1922|1924|1925|1926|1927|1928|1929|1930|1931|1932|1933|1934|1935|1936
have	1933
health	1917
heater	1932
heating	1932
help	1924|1933|1936
here	1917|1918|1919|1920|1921|1922|1923|1924|1925|1926|1927|1928|1929|1930|1931|1932|1933|1934|1935|1936
hide	1924
historiography	1928
history	1917|1918|1919|1920|1921|1922|1923|1924|1925|1926|1927|1928|1929|1930|1931|1932|1933|1934|1935|1936
hobbies	1917
hockey	1924
holds	1934
how	1917
http	1917|1918|1919|1920|1921|1922|1923|1924|1925|1926|1927|1928|1929|1930|1931|1932|1933|1934|1935|1936
huatl	1935
hundred	1936
hunters	1917
hypnosis	1925
i	1924
ice	1924
idealism	1929
identity	1919
ideology	1919|1936
idhlig	1935
ien	1930
if	1924|1934|1936
illusion	1925
in	1917|1918|1919|1920|1921|1922|1923|1924|1925|1926|1927|1928|1929|1930|1931|1932|1933|1934|1935|1936
ina	1917|1920|1921|1922|1924|1925|1928|1929|1930|1933|1934|1935|1936
inappropriately	1917
include	1924|1925
includes	1925
index	1917|1918|1919|1920|1921|1922|1923|1924|1925|1926|1927|1928|1929|1930|1931|1932|1933|1934|1935|1936
induction	1929
industry	1917
inequality	1935
infinity	1929
information	1917|1918|1919|1920|1921|1922|1923|1924|1925|1926|1927|1928|1929|1930|1931|1932|1933|1934|1935|1936
inscription	1932
inspection	1932
instead	1924|1933|1936
instrument	1925
interceptor	1932
international	1935|1936
interpretation	1925
into	1924|1936
inveniendi	1929
is	1917|1918|1919|1920|1921|1922|1923|1924|1925|1926|1927|1928|1929|1930|1931|1932|1933|1934|1935|1936
island	1918
issue	1935
it	1917|1918|1919|1920|1921|1922|1933|1935|1936
items	1924
its	1917|1918|1919|1920|1921|1922|1934|1936
k	1935
ka	1917|1934|1935
kel	1930|1934|1935
ktuna	1924
l	1917|1919|1920|1924|1928|1930|1933|1934|1935|1936
la	1935
label	1917
land	1936
large	1924|1933|1934
larger	1924
last	1917|1918|1919|1920|1921|1922|1923|1924|1925|1926|1927|1928|1929|1930|1931|1932|1933|1934|1935|1936
launch	1931
lavabo	1932
law	1936
lawyer	1924
le	1932|1936
lead	1932
leader	1935
learn	1919|1923|1924|1925|1926|1927|1928|1929|1930|1931|1932|1933|1934|1935|1936
least	1924
legalism	1935
letter	1936
lgyi	1924
lians	1920
liberal	1936
liberal-stub	1936
liberals	1919
life	1921|1924|1934
limiter	1932
line	1936
link	1917|1918|1919|1920|1921|1922|1923|1924|1925|1926|1927|1928|1929|1930|1931|1932|1933|1934|1935|1936
links	1917|1918|1919|1920|1921|1922|1923|1924|1925|1926|1927|1928|1929|1930|1931|1932|1933|1934|1935|1936
list	1919|1923|1924|1925|1926|1927|1928|1929|1930|1931|1932|1933|1934|1935|1936
listed	1936
listing	1921
lists	1935
literature	1917
lived	1924
living	1921
location	1918|1931
locations	1931
lock	1932
logic	1929
looser	1934
lunch	1929
lv	1924
lzisch	1935
m-g	1917|1925|1930|1934|1935
made	1924
magazine	1936
main	1925|1928|1929|1930|1931|1932|1935
mainly	1924|1934
maintained	1924|1933|1936
maintenance	1924|1934
makers	1917
management	1936
manufacturer	1932
marching	1925
martyr	1924
master	1925
materials	1932
mathematics	1929
may	1917|1918|1919|1920|1921|1922|1923|1924|1925|1926|1927|1928|1929|1930|1931|1932|1933|1934|1935|1936
media	1917|1920|1921|1925|1930|1931|1932|1934|1935
medium	1930
megiella	1934|1935
member	1934
members	1920
menu	1917|1918|1919|1920|1921|1922|1923|1924|1925|1926|1927|1928|1929|1930|1931|1932|1933|1934|1935|1936
mep	1932
method	1929
metropolitan	1918
mez	1930
mime	1925
mind	1929
minence	1936
minimum	1936
mining	1917
missing	1926
mixing	1932
model	1935|1936
modified	1917|1918|1919|1920|1921|1922|1923|1924|1925|1926|1927|1928|1929|1930|1931|1932|1933|1934|1935|1936
more	1919|1923|1924|1925|1926|1927|1928|1929|1930|1931|1932|1933|1934|1935|1936
move	1924
moved	1924|1934
mtatarca	1935
museums	1925
music	1925
musician	1925
mysticism	1929
myth	1935
n	1917|1918|1919|1920|1921|1922|1924|1925|1928|1929|1930|1931|1932|1933|1934|1935
n-l	1917|1925|1930|1934|1935
named	1917|1934
names	1931
nation	1935
national	1923|1936
nationality	1917|1918|1919|1920|1924|1930|1934
nautical	1917
navigation	1917|1918|1919|1920|1921|1922|1923|1924|1925|1926|1927|1928|1929|1930|1931|1932|1933|1934|1935|1936
ne	1934
needing	1924
neto	1917|1935
new	1924|1933|1936
newcomers	1921
news	1935
next	1936
ng	1917|1918|1920|1922|1924|1925|1928|1930|1931|1934|1935
ng-d	1935
ng-ng	1935
nomos	1936
non	1935
non-profit	1917|1918|1919|1920|1921|1922|1923|1924|1925|1926|1927|1928|1929|1930|1931|1932|1933|1934|1935|1936
nos	1924
not	1919|1923|1924|1925|1926|1927|1928|1929|1930|1931|1932|1933|1934|1935|1936
notability	1920
notable	1917
notice	1924
nski	1917|1919|1920|1928|1935
nster	1924
nter	1924
nynorsk	1917|1919|1921|1925|1929|1930|1934|1935
object	1929
objects	1929|1931
observed	1935
occupation	1917|1920|1921|1924
occupational	1925
occupations	1917
occurrence	1936
of	1917|1918|1919|1920|1921|1922|1923|1924|1925|1926|1927|1928|1929|1930|1931|1932|1933|1934|1935|1936
office	1934|1935
office-holders	1934
officials	1917
ois	1930
ol	1917|1918|1919|1920|1925|1928|1929|1930|1931|1932|1934|1935
oldid	1917|1918|1919|1920|1921|1922|1923|1924|1925|1926|1927|1928|1929|1930|1931|1932|1933|1934|1935|1936
on	1917|1918|1919|1920|1921|1922|1923|1924|1925|1926|1927|1928|1929|1930|1931|1932|1933|1934|1935|1936
one	1924|1925|1936
only	1917|1918|1919|1920|1921|1922|1927|1934
opera	1925
opinion	1935
or	1917|1920|1921|1923|1924|1925|1934|1936
oral	1925
orator	1925
oratory	1925
org	1917|1918|1919|1920|1921|1922|1923|1924|1925|1926|1927|1928|1929|1930|1931|1932|1933|1934|1935|1936
organisation	1936
organization	1917|1918|1919|1920|1921|1922|1923|1924|1925|1926|1927|1928|1929|1930|1931|1932|1933|1934|1935|1936
organizations	1926|1927|1935
orientation	1917|1919|1934
otherwise	1933
out	1917|1918|1919|1920|1921|1922|1923|1924|1925|1926|1927|1928|1929|1930|1931|1932|1933|1934|1935|1936
over	1929
page	1917|1918|1919|1920|1921|1922|1923|1924|1925|1926|1927|1928|1929|1930|1931|1932|1933|1934|1935|1936
pages	1917|1918|1919|1920|1921|1922|1923|1924|1925|1926|1927|1928|1929|1930|1931|1932|1933|1934|1935|1936
pantomime	1925
paradoxes	1929
parent	1936
parliamentary	1936
particular	1924
parties	1934|1936
party	1934|1936
party-stub	1936
past	1936
people	1917|1918|1919|1920|1921|1924|1926|1933|1935|1936
per	1932
performance	1925
performer	1925
performing	1925
period	1917|1922
person	1919|1924|1926|1934|1935
persona	1935
personalities	1917
personnel	1917
persons	1917|1924
philosophers	1917|1927
philosophy	1928|1929|1935
photographer	1930
photographers	1930
photography	1930
php	1917|1918|1919|1920|1921|1922|1923|1924|1925|1926|1927|1928|1929|1930|1931|1932|1933|1934|1935|1936
physical	1934
piece	1925
pieces	1925
pipe	1932
pipework	1932
piping	1932
place	1918
places	1931
plan	1935
planners	1917
player	1924
please	1933|1936
plumbing	1932
poet	1925
poli-stub	1936
poli-term-stub	1936
policy	1917|1918|1919|1920|1921|1922|1923|1924|1925|1926|1927|1928|1929|1930|1931|1932|1933|1934|1935|1936
policy-making	1934
politic	1935
political	1919|1934|1935|1936
politician	1924|1933|1934|1936
politician-stub	1933|1936
politicians	1933|1934
politics	1919|1934|1935|1936
politics-related	1935
polyethylene	1932
popular	1931
portal	1917|1918|1919|1920|1921|1922|1923|1924|1925|1926|1927|1928|1929|1930|1931|1932|1933|1934|1935|1936
portals	1935
positions	1917|1919|1934
possible	1924|1933
possibly	1924
posthumously	1934
power	1936
practice	1929
practices	1925
practitioners	1920
present	1936
presenters	1925
president	1936
pretender	1924
prevention	1932
previous	1936
primer	1932
principle	1929
prisoner	1921
probability	1929
process	1935
profession	1917|1924
professionals	1917|1934
professions	1917
program	1936
programme	1936
proof	1929
propose	1924|1933|1936
proposing	1936
protocol	1936
provincial	1936
public	1917|1935
publishing	1917
pump	1932
purposes	1934
putty	1932
r	1935
radar	1917
radiator	1932
radius	1932
rbaycanca	1917|1920|1921|1922|1925|1928|1930|1931|1934|1935|1936
reading	1925
realism	1936
recent	1919|1923|1924|1925|1926|1927|1928|1929|1930|1931|1932|1933|1934|1935|1936
recount	1924
red	1936
reflect	1919|1923|1924|1925|1926|1927|1928|1929|1930|1931|1932|1933|1934|1935|1936
reform	1936
regarding	1917
region	1918|1924|1935
registered	1917|1918|1919|1920|1921|1922|1923|1924|1925|1926|1927|1928|1929|1930|1931|1932|1933|1934|1935|1936
regularly	1924
regurgitator	1925
related	1917|1920|1921|1925|1930|1931|1932|1934|1935
relating	1917|1924|1933|1936
relations	1917|1936
relevant	1936
religion	1917|1920
religious	1920
report	1936
representation	1936
republic	1935|1936
republicanism	1936
require	1924|1934
requires	1924
requiring	1924|1934
research	1918
researchers	1917
return	1928
revolt	1936
rez	1933
ring	1932
riser	1932
rk	1917|1918|1919|1920|1921|1924|1925|1927|1928|1929|1930|1931|1933|1934|1935|1936
rkmen	1917|1934|1935
ro	1935
rods	1932
role	1917|1921
room	1935
roping	1925
royskt	1917|1934|1935
ruler	1935
rumagn	1935
s	1917|1918|1919|1920|1921|1922|1924|1925|1928|1929|1930|1931|1933|1934|1935|1936
safety	1917
sanitation	1932
schisms	1935
science	1928|1929|1935|1936
scope	1917|1918|1919|1920|1921|1922
seal	1932
search	1917|1918|1919|1920|1921|1922|1923|1924|1925|1926|1927|1928|1929|1930|1931|1932|1933|1934|1935|1936
sector	1917
security	1936
see	1924|1936
selling	1917
semi-protected	1924
senses	1934
service	1936
settlement	1931
sex	1917
sexual	1917
shots	1925
should	1917|1918|1919|1920|1921|1922|1924|1934
show	1925
shower	1932
shows	1925
significant	1924
silk	1925
since	1924
singer	1924|1925
sites	1931
situation	1921
size	1929|1933
skeptics	1920
skills	1925
slam	1925
slave	1921
slenska	1928|1929|1930|1934|1935
snake	1932
so	1925|1934
social	1921|1928
socialism	1935|1936
socialists	1919
society	1927
soldering	1932
some	1934
someone	1934
son	1924
sort	1924
sorted	1924
sorting	1924|1933|1936
source	1924
space	1931
speakers	1917
speaking	1925|1935
specialists	1917
specific	1933
speech	1936
spinning	1925
sports	1917
spray	1932
sprinkler	1932
srpski	1917|1920|1921|1924|1925|1930|1933|1934|1935|1936
stacking	1925
staff	1934
stage	1925
stand-up	1925
statistics	1929
statue	1925
status	1917|1921
stir	1917
stopping	1932
story	1925
storytelling	1925
strike	1936
structures	1931
stub	1924|1933|1936
stubs	1917|1924|1930|1933|1934|1935|1936
studios	1930
sub-categories	1934|1936
sub-category	1936
subcategories	1917|1918|1919|1920|1921|1922|1924|1925|1926|1927|1928|1929|1930|1931|1932|1933|1934|1935|1936
subcategory	1936
subdivision	1918
subdivisions	1935
subforms	1925
subject	1930|1936
such	1925|1936
suicide	1930
summit	1936
supply	1932
swallowing	1925
swing	1925
system	1932
t	1917|1918|1920|1922|1924|1925|1928|1930|1931|1934|1935
t'aidera	1936
tag	1924
tagged	1936
talk	1930|1935
tank	1932
tape	1932
tapping	1932
tatar	1917|1934|1935
template	1924|1933|1936
templates	1924|1933|1935|1936
term	1925|1936
terms	1917|1918|1919|1920|1921|1922|1923|1924|1925|1926|1927|1928|1929|1930|1931|1932|1933|1934|1935|1936
test	1925
testimony	1928
than	1924|1936
that	1924
the	1917|1918|1919|1920|1921|1922|1923|1924|1925|1926|1927|1928|1929|1930|1931|1932|1933|1934|1935|1936
theater	1925
theatre	1925
their	1917|1920|1921|1934
them	1924|1933|1936
then	1936
theorem	1929
theories	1935
theory	1928|1929
these	1924
they	1924
things	1934
this	1923|1924|1925|1926|1928|1929|1930|1931|1932|1933|1934|1935|1936
thread	1932
tile	1932
time	1922|1934
timelines	1935
title	1917|1918|1919|1920|1921|1922|1923|1924|1925|1926|1927|1928|1929|1930|1931|1932|1933|1934|1935|1936
titles	1925
to	1917|1918|1919|1920|1921|1922|1923|1924|1925|1926|1927|1928|1929|1930|1931|1932|1933|1934|1935|1936
too	1924|1934
tools	1917|1918|1919|1920|1921|1922|1923|1924|1925|1926|1927|1928|1929|1930|1931|1932|1933|1934|1935|1936
topic	1935
topical	1924
topics	1935
total	1917|1918|1919|1920|1921|1922|1923|1924|1925|1926|1927|1928|1929|1930|1931|1932|1933|1934|1935|1936
trademark	1917|1918|1919|1920|1921|1922|1923|1924|1925|1926|1927|1928|1929|1930|1931|1932|1933|1934|1935|1936
trades	1917
trainers	1917
training	1925
transformation	1935
transport	1917
trap	1932
trapeze	1925
tsch	1925|1930|1934|1935
tub	1932
tubing	1932
type	1921
types	1931|1933
tzebuergesch	1930|1934|1935
u	1917|1918|1919|1920|1924|1925|1929|1930|1931|1933|1934|1935|1936
umpire	1924
under	1917|1918|1919|1920|1921|1922|1923|1924|1925|1926|1927|1928|1929|1930|1931|1932|1933|1934|1935|1936
unit	1932
until	1936
up	1919
upmerged	1936
us	1917|1918|1919|1920|1921|1922|1923|1924|1925|1926|1927|1928|1929|1930|1931|1932|1933|1934|1935|1936
use	1924|1933|1936
used	1936
usually	1935
uws	1935
valve	1932
valves	1932
variations	1925
various	1925
version	1917|1918|1919|1920|1921|1922|1923|1924|1925|1926|1927|1928|1929|1930|1931|1932|1933|1934|1935|1936
very	1924|1934
video	1925|1932
view	1917|1918|1919|1920|1921|1922|1923|1924|1925|1926|1927|1928|1929|1930|1931|1932|1933|1934|1935|1936
vigil	1936
violence	1935
visa	1925
vote	1935
voting	1936
w	1917|1918|1919|1920|1921|1922|1923|1924|1925|1926|1927|1928|1929|1930|1931|1932|1933|1934|1935|1936
warrior	1936
was	1917|1918|1919|1920|1921|1922|1923|1924|1925|1926|1927|1928|1929|1930|1931|1932|1933|1934|1935|1936
water	1932
watt-hour	1932
website	1925
welder	1917
well	1932
when	1924
where	1924|1933|1934
which	1934|1936
who	1925|1930|1934
whom	1920
whose	1921
wikipedia	1917|1918|1919|1920|1921|1922|1923|1924|1925|1926|1927|1928|1929|1930|1931|1932|1933|1934|1935|1936
will	1924|1936
willing	1924
winners	1921
wish	1933
witches	1917
with	1917|1919|1920|1931|1934|1936
without	1936
won	1934
wool	1932
word	1934
workers	1917
working	1917
works	1934|1935
workshop	1925
wrench	1932
wrestling	1925
y	1935
year	1922|1935
you	1933|1936
z	1933
zbekcha	1935
