-	1657|1658|1659|1660|1661|1662|1663|1664|1665|1666|1667|1668|1669|1670|1671|1672|1673|1674|1675|1676
0	1657|1673
003	1673
01	1662
03	1657|1659|1664|1668
04	1669|1670|1672
05	1671
07	1660|1676
072	1666
08	1658|1661|1671
09	1667|1675
1	1660|1661|1663|1664|1665|1666|1667|1668|1670|1671|1672|1673|1674|1675
10	1660|1661|1663|1664|1665|1666|1672|1673|1676
106	1668
11	1664|1666|1670|1671|1672
117	1666
118	1664|1676
12	1658|1660|1663|1664|1665|1666|1669|1674
120	1667
123	1664|1674
13	1662|1664|1673
130	1665
132	1665
137	1658
14	1661|1665|1668|1670|1672|1674
145	1665
147	1664|1665
15	1660|1662|1663|1664|1667|1670
153	1663
157	1660
16	1664|1665|1669|1670|1671|1672|1676
161	1657
164	1671
17	1664|1665|1666|1667|1668|1671|1672|1673
172	1665
174	1665
176	1671
18	1661|1666|1671|1672|1673
19	1662|1663|1664
1913	1660
199	1665
2	1660|1662|1663|1664|1665|1666|1668|1670|1671|1672|1673|1674|1675|1676
20	1661|1665|1670|1672
200	1670
2011	1662
2012	1657|1660|1661|1663|1664|1665|1666|1667|1668|1669|1670|1671|1672|1673|1674|1675|1676
2013	1658|1659
21	1666|1670|1674
211	1668
216	1665
22	1658|1664|1671|1672
229	1664
23	1661|1664|1665|1666|1668|1669|1670
24	1665|1666|1668
25	1658|1664|1672|1675
250	1671
254	1665
26	1664|1666|1670|1673
260	1673
27	1661|1664|1666|1669|1671|1672|1673|1676
28	1659|1664|1665|1666
281	1670
287	1673
29	1664|1665|1666|1674
3	1658|1660|1661|1663|1664|1665|1666|1667|1668|1670|1671|1672|1675|1676
30	1663|1664|1665
31	1659|1663|1664|1666|1670
3166	1673
32	1661|1664|1667
33	1659|1663|1665
34	1657|1664|1666|1669|1673|1674
35	1668|1672
36	1660|1666|1671
365	1663
37	1664|1665|1675
39	1665|1666
4	1657|1658|1661|1662|1663|1664|1665|1666|1667|1668|1670|1671|1672|1673|1674|1675|1676
40	1664|1671|1673
41	1676
412196679	1662
42	1664|1670
421	1658
43	1664
44	1664
45	1664|1673
46	1664|1667
463	1666
47	1668
479956458	1660
479956503	1661
480086884	1657
49	1664|1673|1674|1676
491182830	1668
5	1660|1662|1664|1665|1666|1670|1671|1672|1673
50	1660|1670|1673
500219849	1663
502391675	1667
506600832	1666
51	1661
514555604	1672
520535902	1664
521229709	1665
521696278	1673
522122345	1670
522299001	1676
524515537	1669
529244407	1671
529701583	1675
530303131	1674
535281098	1659
536835208	1658
54	1664|1665
554	1667
56	1666|1667
58	1665|1670|1674
583	1667
587	1667
589	1673
59	1663
6	1658|1660|1661|1662|1663|1664|1665|1666|1670|1671|1672|1673|1675|1676
66	1665
68	1660
7	1661|1662|1663|1664|1666|1668|1671|1672|1674|1675
72	1664|1670
73	1676
74	1658
78	1664
8	1661|1663|1666|1668|1670|1671|1672|1673|1674|1675
81	1676
86	1665
87	1664
88	1664
89	1664
9	1657|1661|1664|1665|1666|1668|1670|1672|1674|1675
910	1671
93	1665
97	1664|1666
A	1657|1658|1659|1660|1661|1662|1664|1665|1667|1669|1670|1672|1673|1674|1675
Aachen	1667
Aaliyah	1658
Aba	1660
Abigail	1660
About	1657|1658|1659|1660|1661|1662|1663|1664|1665|1666|1667|1668|1669|1670|1671|1672|1673|1674|1675|1676
Act	1660
Actions	1657|1658|1659|1660|1661|1662|1663|1664|1665|1666|1667|1668|1669|1670|1671|1672|1673|1674|1675|1676
Adams	1659
Adela	1660
Administrative	1673
Adrienne	1658
Afghanistan	1666
Africa	1657
After	1658
Aguilera	1658|1659
Air	1657|1673
Airport	1670|1673
Alabama	1660
Alanis	1659
Albanian	1672
Alemannisch	1674
Alexander	1667
Alexey	1674
Alfred	1674
Algebra	1665
Algorithmic	1670
Alice	1660
Alicia	1659
Alison	1659
Allen	1658
Alliance	1668
Alltagsgeschichte	1664
Alternate	1662
Alternative	1657
Alvarado	1658
Aman	1662
Amber	1658
Ambiguity	1670
America	1657|1660
American	1657|1672
Amin	1674
Amusement	1657
Analysis	1667
Ancient	1664|1674
Androcentrism	1661
Anglicanism	1657
Animation	1657
Ann-Margret	1658
Anna	1659|1660
Annals	1662
Anti-rape	1661
Aphra	1660
Apollonian	1667
Applied	1665
Approach	1671
Arabic	1669
Aragon	1674
Archaeology	1664
Architecture	1657
Arda	1662
Area	1673
Areas	1665
Argentina	1675
Argentine	1658
Ariadna	1660
Aristotle's	1661
Arithmetic	1665
Armenian	1669
Art	1664
Arthropods	1657
Articles	1664
Arts	1657
Arunima	1658
Association	1657|1660|1673
Astell	1660
Atelian	1658
Athina	1659
Atlas	1657
Attorney	1660
Attribution-ShareAlike	1657|1658|1659|1660|1661|1662|1663|1664|1665|1666|1667|1668|1669|1670|1671|1672|1673|1674|1675|1676
Auction	1670
Auctioneering	1670
August	1666
Aumann's	1670
Austen	1660
Australasia	1673
Australia	1657|1673
Australian	1672
Auxiliary	1664
Aviation	1657
Axiom	1670
Az	1667|1672|1674
B	1657|1658|1659|1660|1661|1664|1666|1667|1670|1671|1672|1673|1674|1676
BC	1673
BDSM	1671
BLUF	1671
Backgammon	1670
Backward	1670
Bad	1660
Baek's	1670
Bag	1658
Bahasa	1665|1666|1670|1674|1676
Bailon	1658
Baker	1658
Baldwin	1659
Ballas	1658
Ballerinas	1658
Bandwidth-sharing	1670
Bangladesh	1657
Bankruptcy	1670
Banzhaf	1670
Bar	1670
Barack	1657
Barbara	1660
Barefoot	1661
Bargaining	1670
Barnamordsplakatet	1660
Barnsley	1667
Baroness	1660
Barron	1658
Basa	1673
Baseball	1657
Basque	1657
Battle	1670
Bayesian	1670
Be	1661
Bear	1671
Beer	1670
Behavior	1670
Behn	1660
Belarusian	1672
Benazir	1658
Bengal	1657
Bertrand	1670
Best	1670
Betsy	1660
Beyonc	1658|1659
Bhagavadgomandal	1672
Bialasiewicz	1674
Bielefeld	1664
Big	1664
Biography	1657
Biological	1657
Biology	1657
Birmingham	1671
Birth	1660
Bishop	1660
Blotto	1670
Blythe	1658
Board	1673
Boarisch	1670
Bodichon	1660
Bollywood	1657
Bondareva	1670
Book	1661
Books	1670
Bosanski	1664|1667|1674
Boston	1661
Bottle	1670
Bouligand	1667
Bounded	1670
Bowring	1673
Box	1667
Bradley	1658
Braess's	1670
Braun	1660
Brazil	1657
Brezhoneg	1674
Britain	1667
Britannica	1672
British	1657|1672|1676
Britney	1658|1659
Brownian	1667
Bruce	1658
Bryan	1658
Buddhabrot	1667
Buddhism	1657
Buildings	1666
Bulgaria	1657
Burmese	1672
Burning	1667
Bush	1660
Butterfly	1658
C	1657|1658|1659|1660|1661|1662|1663|1664|1665|1666|1667|1668|1669|1670|1671|1672|1673|1674|1675|1676
C-squares	1673
C7	1670
CC	1670
CK-12	1668
CLLI	1673
Caillaux	1660
Calculus	1665
California	1657
Camp	1671
Canada	1660|1673
Cantor	1667
Carmen	1658
Caroline	1660
Cartography	1673|1674|1676
Castro	1671
Casual	1661
Cat	1661
Catal	1667|1670|1674
Categories	1657|1658|1659|1660|1661|1662|1663|1664|1665|1666|1667|1668|1669|1670|1671|1672|1673|1674|1675|1676
Category	1657|1658|1659|1660|1661|1662|1663|1664|1665|1666|1667|1668|1669|1670|1671|1672|1673|1674|1675|1676
Catharine	1660
Cats	1657
Cecilia	1658
Centennial	1660
Centipede	1670
Cetaceans	1657
Chainstore	1670
Chaos	1667
Chaotic	1667
Chapman	1673
Charlie	1658
Cheap	1670
Chemistry	1657
Cher	1671
Cheshire	1657
Chess	1670
Chicago	1657
Chicken	1670
Chilean	1672
China	1669|1673
Chinese	1672
Choi	1658
Chorography	1664
Christabel	1660
Christensen	1667
Christianity	1657
Christina	1658|1659
Christine	1660
Christopher	1670
Chudleigh	1660
Church	1660|1664
Circuit	1671
Citizen	1660
Citizendium	1669
Civil	1657
Classical	1664
Classification	1665|1667|1669|1673
Closed	1666
Club	1666
Coalition-proof	1670
Coast	1667
Coastline	1667
Code	1673
Coixet	1659
Collage	1667
Collective	1660|1661|1669
Collusion	1670
Colonialism	1664
Colpaert	1674
Combahee	1660
Combinatorial	1670
Combinatorics	1665
Comedy	1657|1670
Commitment	1670
Committee	1673
Common	1670
Commons	1657|1658|1659|1660|1661|1662|1663|1664|1665|1666|1667|1668|1669|1670|1671|1672|1673|1674|1675|1676
Community	1657|1658|1659|1660|1661|1662|1663|1664|1665|1666|1667|1668|1669|1670|1671|1672|1673|1674|1675|1676
Competitive	1670
Complete	1670
Complex	1667
Compromise	1670
Conference	1660
Conformal	1667
Confrontation	1670
Congestion	1670
Congress	1660
Conjectural	1670
Connectedness	1667
Connecticut	1657
Connie	1658
Consciousness	1660
Consensus	1670
Conservapedia	1669
Conservatism	1657
Constructed	1657
Contact	1657|1658|1659|1660|1661|1662|1663|1664|1665|1666|1667|1668|1669|1670|1671|1672|1673|1674|1675|1676
Contemporary	1664
Contents	1657|1658|1659|1660|1661|1662|1663|1664|1665|1666|1667|1668|1669|1670|1671|1672|1673|1674|1675|1676
Contingent	1670
Continuous	1670
Contract	1670
Convention	1660
Cooperative	1670
Coordination	1670
Coppola	1659
Copyheart	1668
Copyleft	1668
Copyright	1668
Core	1670
Corporation	1670
Correlated	1670
Correlation	1667
Cottaging	1671
Counterfactual	1664
Countersignaling	1670
Country	1660|1673
Cournot	1670
Court	1657
Courts	1660
Coverture	1660
Cowles	1660
Crawford	1658
Create	1657|1658|1659|1660|1661|1662|1663|1664|1665|1666|1667|1668|1669|1670|1671|1672|1673|1674|1675|1676
Creative	1657|1658|1659|1660|1661|1662|1663|1664|1665|1666|1667|1668|1669|1670|1671|1672|1673|1674|1675|1676
Cricket	1657
Crimes	1660
Criminal	1657
Crispin	1661
Croatian	1672
Cross	1676
Crossways	1660
Crowdsourcing	1669
Cuba	1657
Cultural	1661|1664|1668
Culture	1668
Current	1657|1658|1659|1660|1661|1662|1663|1664|1665|1666|1667|1668|1669|1670|1671|1672|1673|1674|1675|1676
Cymraeg	1666|1670|1674
Czech	1672
D	1657|1658|1659|1660|1661|1664|1665|1666|1667|1668|1670|1671|1672
Dancers	1658
Daniela	1658
Danish	1672
Dansk	1666|1667|1670|1673|1674
Dark	1671
Darkened	1660
Data	1673
Daughters	1661
Davis	1659
DeRouchie	1659
Deadlock	1670
December	1671|1674|1675
Decision	1670
Declaration	1660
Dedekind	1667
Dee	1658
Definition	1668
Defunct	1666
Deren	1658
Description	1670
Design	1664|1668
Detrended	1667
Deutsch	1665|1667|1670|1674|1676
Dewan	1658
Diamond-square	1667
Diana	1660
Diane	1658|1659
Dictator	1670
Didem	1658
Differential	1670
Digital	1664
Dimension	1667
Dinner	1660
Dinosaurs	1657
Discharge	1660
Disclaimers	1657|1658|1659|1660|1661|1662|1663|1664|1665|1666|1667|1668|1669|1670|1671|1672|1673|1674|1675|1676
Disco	1671
Discontinued	1666
Discrete	1665
Disestablishments	1666
Distributed	1670
Diva	1671
Divide	1670
Dogs	1657
Dollar	1670
Donate	1657|1658|1659|1660|1661|1662|1663|1664|1665|1666|1667|1668|1669|1670|1671|1672|1673|1674|1675|1676
Dorothy	1658|1660
Douady	1667
Double	1670
Douglass	1660
Download	1657|1658|1659|1660|1661|1662|1663|1664|1665|1666|1667|1668|1669|1670|1671|1672|1673|1674|1675|1676
Doyle	1660
Drag	1671
Drama	1670
Dramatica	1669
Dutch	1672
Dynamic	1670
Dynamical	1665
E	1657|1658|1660|1663|1664|1665|1666|1667|1668|1669|1670|1672
Earth	1657|1674
Eclipse	1658
Ecofeminism	1660
Economic	1664|1670
EcuRed	1669
Edgeworth	1670
Edit	1657|1658|1659|1660|1661|1662|1663|1664|1665|1666|1667|1668|1669|1670|1671|1672|1673|1674|1675|1676
Edith	1660
Education	1657
Edwards	1660
Eesti	1670|1674
Effective	1667
Eisenstein	1667
Ekopedia	1668
El	1670
Elam	1660
Eleanor	1660
Electronics	1657
Elementary	1665
Elisabeth	1660
Ellen	1660
Elssler	1658
Emmeline	1660
Empire	1657
Encodings	1673
Encyclop	1672
Encyclopedia	1669
Encyclopedias	1669|1672
Energy	1657
England	1657
English	1657|1664|1667|1669|1674
Ensiklopedi	1672
Environment	1657
Environmental	1664
Epidemic	1671
Epsilon-equilibrium	1670
Equality	1660
Equilibrium	1670
Equity	1660
Erdman	1658
Escalation	1670
Espa	1665|1667|1668|1670|1673|1674
Esperanto	1667|1668|1670|1674
Esther	1660
Estienne	1660
Ethnic	1664
Ethnohistory	1664
European	1657
Euskara	1664|1665|1667|1670|1674
Evolution	1670
Evolutionarily	1670
Evolutionary	1670
Example	1670
Expected	1670
Expectiminimax	1670
Experimental	1665
Extensive-form	1670
Exterior	1667
External	1667
Extinct	1666
F	1657|1658|1660|1661|1662|1663|1664|1665|1666|1667|1668|1670|1671|1672|1673|1676
FIPS	1673
Faeries	1671
Fair	1660|1670
Falls	1660
Fame	1660
Famous	1660
Farner	1660
Farol	1670
Fatou	1667
Fear	1660
Feature	1673
Featured	1657|1658|1659|1660|1661|1662|1663|1664|1665|1666|1667|1668|1669|1670|1671|1672|1673|1674|1675|1676
Featured_portals	1657
February	1658|1662
Feder	1667
Federal	1673
Female	1658|1659|1660|1661
Female_dancers	1658
Female_music_video_directors	1659
Feminism	1657|1660|1661
Feminism_and_history	1660
Feminism_and_society	1661
Feminist	1660|1661
Feminists	1660
Femmes	1660
Festival	1660
Fictional	1662|1663|1671
Fictional_history	1662
Fictional_society	1663
Fictitious	1670
Fields	1664|1665
Fields_of_history	1664
Fields_of_mathematics	1665
Filled	1667
Film	1657
Finger	1657
Finite	1667
Finland	1669
First	1660|1670
First-wave	1660
Fish	1657
Five	1660
Fixed	1670
Flexner	1660
Floor	1660
Floria	1659
Florida	1657
Flying	1660
Focal	1670
Folk	1670
Food	1657
For	1673
Force	1657
Formal	1670
Format	1673
Former	1666
Former_entities	1666
Formula	1657
Forum	1668
Foster	1660
Foundation	1657|1658|1659|1660|1661|1662|1663|1664|1665|1666|1667|1668|1669|1670|1671|1672|1673|1674|1675|1676
Fractal	1667
Fractal-generating	1667
Fractals	1667
Fractint	1667
Fraction	1658
Fractional	1667
Fracton	1667
Fran	1665|1666|1667|1668|1670|1673|1674
Frauenfrage	1660
Fredrika-Bremer-F	1660
Free	1661|1668|1669|1670
Free-content	1668
FreeDict	1668
Free_content	1668
Free_encyclopedias	1669
Freewoman	1660
French	1660|1672
Friday	1660
Frikipedia	1669
From	1657|1658|1659|1660|1661|1662|1663|1664|1665|1666|1667|1668|1669|1670|1671|1672|1673|1674|1675|1676
Frostman	1667
Frysk	1674
Fuchsian	1667
Functions	1667
Fungi	1657
Furies	1660
Future	1662
G	1657|1658|1659|1660|1661|1665|1668|1669|1670|1671|1672|1673|1674
GEOnet	1673
Gaelg	1664
Gaga	1658|1659
Galego	1667|1674
Game	1670
Game_theory	1670
Games	1670
Gaming	1670
Garland	1671
Garofalo	1658
Garrud	1660
Gay	1671
Gay_culture	1671
Gayathri	1658
Gaydar	1671
Gazetteer	1673
Geek	1660
Geeta	1658
Gender	1660|1661
General	1660|1670|1672
General_encyclopedias	1672
Generalized	1670
Genpaku	1668
Geo	1673
Geo-imputation	1673
GeoNames	1673
GeoSMS	1673
Geocodes	1673
Geocoding	1673
Geograph	1676
Geographer	1674
Geographer-stub	1674
Geographers	1674
Geographic	1673|1675|1676
Geographic_history_by_country	1675
Geographic_images	1676
Geographical	1673
Geography	1673|1674|1675|1676
Geohash	1673
Geohash-36	1673
Geolocation	1673
Geometric	1667
Geometry	1665
Geoparsing	1673
Geotagging	1673
German	1672
Germany	1657
Germs	1660
Gibbs	1670
Gibraltar	1657|1669
Gibson	1659
Gillian	1658
Girl	1660
Girrls	1660
Glicksberg's	1670
Global	1668|1670
Glossary	1665|1670
Go	1670
Goddess	1660
Gogh	1660
Good	1660
Gournay	1660
Govind	1658
Grain	1660
Grand	1670
Grant	1660
Graph	1665|1670
Graphical	1670
Greece	1657
Greek	1671|1672
Grid	1673
Grimes	1659
Grimk	1660
Group	1660
Guess	1670
Guide	1660
Gynocentrism	1661
H	1657|1658|1659|1660|1661|1662|1663|1667|1669|1670|1671|1672|1673
Hall	1660|1670
Hamidullah	1674
Hamri	1659
Han	1658
Hardware	1668
Harlettes	1658
Harman	1660
Harriet	1660
Harris	1660
Harrison	1660
Hart	1658
Hat	1670
Hausdorff	1667
Have	1671
Haven	1670
Hawksian	1661
Health	1660|1661
Heavy	1657
Helen	1660
Helly	1670
Help	1657|1658|1659|1660|1661|1662|1663|1664|1665|1666|1667|1668|1669|1670|1671|1672|1673|1674|1675|1676
Henriette	1660
Hepburn	1660
Heritage	1660|1666
Herman	1667
Herstory	1660
Hexaflake	1667
Hicks	1670
Hidden	1657|1658|1670
Hierarchy	1670
Highways	1657
Hill	1658
Hinduism	1657
HistoAtlas	1669
Historians	1664
Historical	1664
Historiography	1664
History	1657|1660|1662|1664|1666|1675
Hobart	1660
Hofstadter's	1667
Holidays	1657
Hollie	1658
Homicidal	1670
Homosexuality	1671
Hong	1657
Honorius	1674
Honour	1660
Horne	1658
Horses	1657
Houghton	1660
House	1660
How	1667|1671
Howstuffismade	1669
Hoxit	1658
Hrvatski	1667|1674
Hudson	1657
Hughes	1660
Hulme	1658
Human	1669
Hungarian	1672
Hurst	1667
Hutchinson	1667
Hyper	1673
Hysa	1658
I	1657|1658|1659|1660|1663|1664|1666|1667|1668|1670|1672|1673|1675|1676
IATA	1673
IATA-indexed	1673
ICAO	1673
II	1657
ISO	1673
Iamamiwhoami	1659
Iceland	1657
Identification	1673
Identifier	1673
Identifiers	1673
Ido	1664|1665|1667|1670
Ill	1660
Illinois	1657
Images	1667|1676
Imp	1670
Implementation	1670
Impunity	1670
Inc	1657|1658|1659|1660|1661|1662|1663|1664|1665|1666|1667|1668|1669|1670|1671|1672|1673|1674|1675|1676
Incentive	1670
Index	1667
India	1657|1675
Indian	1672
Indiana	1657
Individualist	1660
Indonesia	1657|1666|1672|1674|1676
Industrial	1664
Inequity	1670
Information	1668|1670|1673
Intellectual	1664
Interaction	1657|1658|1659|1660|1661|1662|1663|1664|1665|1666|1667|1668|1669|1670|1671|1672|1673|1674|1675|1676
Interchange	1673
Interdependence	1670
Interlingua	1665
International	1660|1670|1673
Internet	1657
Invariant	1667
Iranian	1658
Ireland	1657|1675
Is	1667
Isabel	1659
Islam	1657|1674
Island	1657
Isles	1676
It	1657|1658|1662|1670
Italian	1657|1672
Italiano	1666|1667|1670|1673|1674
Iterated	1667
J	1657|1658|1660|1667|1670|1671|1672|1674
JEL	1670
Jackson	1658|1671
Jade-Blue	1658
Jameson	1658
Jane	1660
Janet	1658|1671
January	1659
Japan	1657
Japanese	1672
Jazz	1658
Jean	1658
Jenna	1658
Jennifer	1658|1659
Jersey	1660
Jillian	1658
Joan	1658
Job	1670
Joey	1659
Johnson	1660
Jonelle	1658
Joni	1659
Josephine	1658
Journal	1660
Journalism	1657
Joy	1671
Judy	1658|1659|1671
Julia	1667
Julius	1674
July	1663|1667
Jump	1657|1658|1659|1660|1661|1662|1663|1664|1665|1666|1667|1668|1669|1670|1671|1672|1673|1674|1675|1676
Justice	1670
Justinian	1660
K	1657|1658|1659|1661|1664|1670|1672
KB	1667|1676
Kapoor	1658
Kar	1658
Karen	1658
Karyn	1658
Katharine	1660
Kaye	1658
Keaton	1659
Kelly	1658
Kendrick	1660
Kentucky	1657
Kerala	1657
Keri	1658
Keynesian	1670
Keys	1659
Khayat	1659
Kiely	1658
Kingdom	1660
Kitty	1660
Knowles	1658|1659
Kong	1657
Korean	1672
Kosh	1672
Kuhn	1670
Kumar	1658
Kunstnerleksikon	1669
Kurd	1674
Kurishima	1658
Kyriarchy	1661
L	1657|1658|1659|1660|1661|1663|1664|1665|1667|1668|1669|1670|1671|1672|1673|1674
L-system	1667
LGBT	1671
LOCODE	1673
La	1658|1660|1669
Labaki	1659
Labor	1664
Labour	1660
Lady	1658|1659|1660
Lakes	1657|1667
Landscape	1661|1664
Lane	1658
Lang	1669|1672
Language	1670
Languages	1657|1658|1660|1661|1662|1663|1664|1665|1666|1667|1668|1669|1670|1671|1672|1673|1674|1675|1676
Large	1670
Latham	1658
Latin	1657|1672
Latina	1674
Latvian	1672
Latvie	1664|1667|1670|1673|1674
Lauren	1659
Laurieann	1659
Law	1657
Leah	1659
Leather	1671
Legal	1660|1664
Leigh	1660
Lemke-Howson	1670
Lena	1658
Lesbian	1660
Leslie	1660
Lewis	1670
Lexy	1658
Liberal	1660
Library	1657
License	1657|1658|1659|1660|1661|1662|1663|1664|1665|1666|1667|1668|1669|1670|1671|1672|1673|1674|1675|1676
Lichtenberg	1667
Lietuvi	1670|1672|1674
Lilith	1660
Lillian	1660
Lily	1660
Linda	1658
Linear	1670
Liquid	1669
List	1660|1661|1667|1670|1673|1674
Lists	1666|1673
Literature	1657
Lithuanian	1672
Live	1670
Local	1664
Log	1657|1658|1659|1660|1661|1662|1663|1664|1665|1666|1667|1668|1669|1670|1671|1672|1673|1674|1675|1676
Lolo	1674
London	1657
Long	1658|1667
Lopez	1658
Louisville	1657
Lucy	1660
Luiza	1674
Lump	1670
Lute	1667
Lyapunov	1667
Lycia	1658
Lydia	1658
Lynch	1659
Lynn	1658
Lynne	1658
M	1657|1658|1659|1660|1661|1664|1665|1666|1667|1668|1669|1670|1671|1672|1673|1674|1675|1676
MNopedia	1669
Macaulay	1660
Macfarlane	1660
Madonna	1671
Magdalen	1660
Magdalene	1660
Magyar	1667|1670|1674
Mahan	1672
Main	1657|1658|1659|1660|1661|1662|1663|1664|1665|1666|1667|1668|1669|1670|1671|1672|1673|1674|1675|1676
Maldon	1660
Male	1671
Malti	1670
Malusardi	1658
Mammals	1657
Mandelbox	1667
Mandelbrot	1667
Mandelbulb	1667
Manipulated	1670
Manushi	1661
Maps	1676
Mar	1660
March	1657|1660|1661
Marefa	1669|1672
Margaret	1660
Maria	1660
Marian	1658
Marianne	1660
Marie	1660
Marion	1660
Maritime	1664
Markov	1667|1670
Marsden	1673
Martel	1659
Martha	1660
Martineau	1660
Martingale	1670
Mary	1660
Maryland	1657
Massachusetts	1657
Mastro	1659
Matching	1670
Mathematical	1665|1667|1670
Mathematics	1657|1665|1670
Matriarchy	1660|1661
Matsoukas	1659
Max-dominated	1670
May	1668
Maya	1658
McLachlan	1659
McQueen	1658
Me	1661
Mean	1670
Mechanism	1670
Media	1667|1676
Median	1670
Medicine	1657
Medieval	1664|1674
Melayu	1665|1670
Melina	1659
Menger	1667
Menij	1671
Mercator	1673
Mertens-stable	1670
Metagame	1670
Metagaming	1670
Meteorological	1673
Meyerhoff	1659
Micheljulia	1667
Michelspiralfractal	1667
Michigan	1657|1660
Microhistory	1664
Middle-earth	1662
Militant	1660
Military	1657|1664
Minimal-entropy	1670
Minimax	1670
Minkowski	1667
Minnesota	1657
Miriam	1660
Mirna	1659
Misiurewicz	1667
Miss	1660
Mix	1660
Mobile	1657|1658|1659|1660|1661|1662|1663|1664|1665|1666|1667|1668|1669|1670|1671|1672|1673|1674|1675|1676
Modern	1666
Moldova	1675
Montagu	1660
Monty	1670
More	1657
Morissette	1659
Morris	1660
Moses	1660
Move	1670
Moving-knife	1670
Muhiddin	1660
Multibrot	1667
Multifractal	1667
Multiplicative	1667
Multiunit	1670
Murray	1659
Music	1657|1659|1660|1664
Mutual	1670
Myerson	1670
N	1657|1658|1659|1660|1664|1665|1667|1670|1671|1672|1673
N-flake	1667
N-player	1670
Nadine	1659
Naff	1658
Names	1673
Namespaces	1657|1658|1659|1660|1661|1662|1663|1664|1665|1666|1667|1668|1669|1670|1671|1672|1673|1674|1675|1676
Nancy	1660
Napoleonic	1657
Nash	1670
National	1660|1670
Nationalism	1660|1664
Nations	1657
Natural	1673
Navigation	1657|1658|1659|1660|1661|1662|1663|1664|1665|1666|1667|1668|1669|1670|1671|1672|1673|1674|1675|1676
Navy	1657
Nederlands	1665|1667|1670|1674
Needham	1658
Negotiation	1670
Nekci	1671
Nevada	1657
New	1657|1660|1664|1671
Newton	1667
Nezihe	1660
Nia	1658
Nicole	1660
Nina	1658
Nixon	1658
No-win	1670
Noemi	1659
Nomenclature	1673
Non-cooperative	1670
Non-credible	1670
Norah	1660
Normal-form	1670
Norris	1658
Norsk	1666|1667|1670|1674
North	1657
Norton	1660
Norway	1657
Norwegian	1672
Nova	1667
November	1665|1669|1670|1673|1676
Null	1670
Number	1665|1673
Numismatics	1657
O	1657|1658|1660|1661|1663|1665|1666|1667|1668|1670|1673
OKATO	1673
ONS	1673
Obama	1657
Objects	1666
Occitan	1664|1666|1673|1674
Occupational	1661
October	1664
Odaniel1	1667
Ogre	1662
Ohio	1660
Okal	1663
Oklahoma	1657|1660
Olami	1667
One	1657|1671
Ontario	1664
Open	1668|1669|1670
Open-loop	1670
Opera	1657
Operations	1670
Options	1670
Or	1657
Orbit	1667
Order	1665
Oregon	1657
Organization	1673
Organizational-dynamic	1670
Orinska	1658
Ourmedia	1668
Outcome	1670
Outline	1665
Oxcars	1668
P	1657|1658|1660|1661|1662|1663|1664|1665|1666|1667|1668|1669|1670|1671|1672|1673|1674|1675|1676
PDF	1657|1658|1659|1660|1661|1662|1663|1664|1665|1666|1667|1668|1669|1670|1671|1672|1673|1674|1675|1676
PP	1670
Packing	1667
Page	1657|1658|1659|1660|1661|1662|1664|1665|1666|1667|1668|1669|1670|1671|1672|1673|1674|1675|1676
Pages	1657|1658|1659|1660|1661|1662|1663|1664|1665|1666|1667|1668|1669|1670|1671|1672|1673|1674|1676
Pakistan	1675
Pakistani	1672
Pankhurst	1660
Pareto	1670
Parity	1670
Parlour	1666
Parrondo's	1670
Parsons	1658
Parthasarathy's	1670
Partnership	1670
Party	1660
Patriarchy	1661
Paula	1658
Peace	1670
Penrose	1670
People	1666
People's	1673
Perfect	1670
Periodic	1667
Perlin	1667
Permanent	1657|1658|1659|1660|1661|1662|1663|1664|1665|1666|1667|1668|1669|1670|1671|1672|1673|1674|1675|1676
Persian	1672
Personal	1657|1658|1659|1660|1661|1662|1663|1664|1665|1666|1667|1668|1669|1670|1671|1672|1673|1674|1675|1676
Peru	1657
Philadelphia	1660
Philology	1664
Philosophy	1657
Photo	1668
Photography	1657
Physics	1657
Pickover	1667
Pirate	1670
Pitman	1660
Pitts	1660
Pizan	1660
Platonia	1670
Please	1658
Poetry	1657
Point	1660
Poisson	1667
Poker	1670
Poland	1657
Polish	1672
Political	1660|1664
Politics	1657
Polski	1658|1667|1670|1673|1674
Populated	1673
Portal	1657
Portals	1657
Portugu	1657|1662|1664|1666|1667|1668|1669|1670|1673|1674|1675
Postcolonial	1660
Postnikov	1674
Potential	1669|1670
Pre-Columbian	1664
Premises	1671
Price	1670
Pride	1671
Prima	1658
Princess	1670
Print	1657|1658|1659|1660|1661|1662|1663|1664|1665|1666|1667|1668|1669|1670|1671|1672|1673|1674|1675|1676
Printable	1657|1658|1659|1660|1661|1662|1663|1664|1665|1666|1667|1668|1669|1670|1671|1672|1673|1674|1675|1676
Prisoner's	1670
Prisoners	1660|1670
Privacy	1657|1658|1659|1660|1661|1662|1663|1664|1665|1666|1667|1668|1669|1670|1671|1672|1673|1674|1675|1676
Probability	1665
Problem	1670
Problems	1669
Processing	1673
Progeog	1676
Program	1664|1670
Project	1664|1668
Proper	1670
Proportional	1670
Protective	1661
Protofeminism	1660
Psychology	1657
Public	1664|1670
Puerto	1657
Punctuality	1670
Purification	1670
Pursuit-evasion	1670
Pythagoras	1667
Q	1657|1664|1667|1669|1670|1673
QDGC	1673
Quantal	1670
Quantitative	1664
Quantum	1670
Quasi-perfect	1670
Quasicircle	1667
Qwiki	1669
R	1657|1658|1660|1661|1662|1664|1665|1666|1667|1668|1669|1670|1671|1672|1673|1675
Rachel	1659
Radical	1660|1661|1671
Radio	1669
Rajarani	1658
Rajasmita	1658
Random	1657|1658|1659|1660|1661|1662|1663|1664|1665|1666|1667|1668|1669|1670|1671|1672|1673|1674|1675|1676
Ratchet	1670
Rathbone	1660
Rational	1670
Rationalizability	1670
Rauzy	1667
Raven-Symon	1658
Raycole	1658
Read	1657|1658|1659|1660|1661|1662|1663|1664|1665|1666|1667|1668|1669|1670|1671|1672|1673|1674|1675|1676
Recent	1657|1658|1659|1660|1661|1662|1663|1664|1665|1666|1667|1668|1669|1670|1671|1672|1673|1674|1675|1676
Recreational	1665
Redfearn	1673
Redirects	1673
Reference	1672
Rel	1663
Related	1657|1658|1659|1660|1661|1662|1663|1664|1665|1666|1667|1668|1669|1670|1671|1672|1673|1674|1675|1676
Religion	1657
Remix	1668
Rendezvous	1670
Renewable	1657
Repeated	1670
Replicator	1670
Representation	1665
Representative	1660
Reproductive	1661
Republic	1673
Research	1670
Resident	1670
Retrieved	1657|1658|1659|1660|1661|1662|1663|1664|1665|1666|1667|1668|1669|1670|1671|1672|1673|1674|1675|1676
Revelation	1670
Reverse	1673
Revolution	1660
Rhode	1657
Rico	1657
Right	1668
Rights	1660
Ringkvinna	1660
Riots	1660
Rise	1662
Risk	1670
River	1660
Roads	1657
Robertson	1658
Robinson	1660
Robotics	1657
Robyn	1658
Rochester	1660
Rock	1669
Roll	1660
Rom	1665|1667|1669|1670|1674|1675
Romania	1675
Room	1660
Rugby	1657
Rule	1661
Runeberg	1668
Rural	1664
Russell	1658
Russia	1657
Russian	1660|1672
S	1657|1658|1659|1660|1661|1664|1666|1667|1668|1670|1671|1672|1673|1674
Sabrina	1658
Salam	1658
Sanaa	1659
Sarah	1659|1660
Satterthwaite	1670
Scaglia	1658
Scholars	1674
School	1664
Schools	1657
Schr	1667
Schurman	1660
Science	1657
Scientology	1657
Scotland	1657
Scots	1673
Scott	1660
Scouting	1657
Search	1657|1658|1659|1660|1661|1662|1663|1664|1665|1666|1667|1668|1669|1670|1671|1672|1673|1674|1675|1676
Second	1660
Second-wave	1660
See	1657|1658|1659|1660|1661|1662|1663|1664|1665|1666|1667|1668|1669|1670|1671|1672|1673|1674|1675|1676
Selena	1659
Self-Similarity	1667
Self-affinity	1667
Self-similarity	1667
Seneca	1660
Sentiments	1660
Sentinels	1660
September	1672
Server	1673
Seung-hee	1658
Seven	1667
Sex	1660|1661|1671
Sex-positive	1660
Sexual	1661
Sexualization	1661
Shakespeare	1668
Shame	1671
Shantona	1658
Shapley	1670
Sharks	1657
Ship	1667
Shirley	1658
Show	1671
Siegel	1667
Sierpi	1667
Sierpinski	1667
Sigismondi	1659
Signs	1661
Silent	1660
Simona	1658
Simple	1667|1669|1674
Simpsons	1657
Singularity	1667
Sisters	1660
Sites	1666
Six	1660
Sloven	1666|1667|1670|1674
Slovenian	1672
Smith	1667
Social	1664|1674
Societies	1660
Society	1657|1660|1661|1663|1670
Soetoro	1674
Sofia	1659
Sojourner	1660
Solar	1657
Some	1664
Somerset	1657
Source	1668
South	1657
Soviet	1672
Space-filling	1667
Spain	1657
SpangFract	1667
Spanish	1672
Spears	1658|1659
Special	1657|1658|1659|1660|1661|1662|1663|1664|1665|1666|1667|1668|1669|1670|1671|1672|1673|1674|1675|1676
Speculative	1657
Spiralfractalmichel	1667
Srpskohrvatski	1667|1674
St	1661
Stacia	1658
Stage	1660
Standard	1673
Standpoint	1660|1661
State	1661
States	1657|1660|1671|1673|1675
Statistical	1667
Statistics	1673
Stephen	1660
Sterling	1667
Stocks	1660
Stone	1660
Strategy	1670
Students	1668
Studies	1661
Studios	1660
Subcategories	1658|1660|1661|1662|1663|1664|1665|1666|1667|1668|1669|1670|1671|1672|1673|1674|1675|1676
Subfields	1664|1665
Subject	1665
Subject-SUBJECT	1671
Suffrage	1660
Suffragette	1660
Sugita	1668
Suite	1672
Sumiko	1658
Sunda	1673
Sunny	1658
Suomi	1667|1670|1673|1674
Supreme	1657
Susman	1658
Sustainable	1657
Svenska	1667|1670|1674
Swedish	1672
Switzerland	1660
Sylvia	1660
Symonds	1660
System	1657|1673
T	1657|1658|1659|1660|1662|1663|1664|1665|1667|1670|1671|1672|1673|1674
T-square	1667
Tagalog	1664
Talk	1657|1658|1659|1660|1661|1662|1663|1664|1665|1666|1667|1668|1669|1670|1671|1672|1673|1674|1675|1676
Tamra	1659
Tatar	1672
Taylor	1658
Tea	1671
Teachers	1660
Team	1669
Telephone	1673
Television	1657
Template	1660
Temporary	1660
Tennis	1657
Teragon	1667
Terms	1657|1658|1659|1660|1661|1662|1663|1664|1665|1666|1667|1668|1669|1670|1671|1672|1673|1674|1675|1676
Territorial	1673
Terrorism	1657
Texas	1657
Text	1657|1658|1659|1660|1661|1662|1663|1664|1665|1666|1667|1668|1669|1670|1671|1672|1673|1674|1675|1676
Textile	1657
The	1657|1658|1659|1660|1661|1662|1663|1664|1665|1666|1667|1668|1669|1670|1671|1672|1673|1674|1676
Theatre	1657
Theodora	1660
Theory	1670
Therese	1658
These	1657
They	1657
Third	1660
Third-wave	1660
This	1657|1658|1659|1660|1661|1662|1663|1664|1665|1666|1667|1668|1669|1670|1671|1672|1673|1674|1675|1676
Ti	1657|1664|1667|1668|1670|1673
Timeline	1660
Tina	1658
To	1674
Toolbox	1657|1658|1659|1660|1661|1662|1663|1664|1665|1666|1667|1668|1669|1670|1671|1672|1673|1674|1675|1676
Top	1657
Topological	1670
Topology	1665
Toronto	1671
Trabanco	1676
Tracking	1657
Trains	1657
Transition	1663
Transport	1657|1673
Transverse	1673
Trapnell	1660
Tribunal	1660
Tricorn	1667
Tringa	1658
Trini	1658
Tropical	1657
Truth	1660
Tsangari	1659
Turner	1658
Tyrkova-Williams	1660
U	1657|1664|1667|1669|1672|1673|1675|1676
UBIGEO	1673
UN	1673
UNESCO	1666
UNSDI	1676
URI	1673
Udo	1667
Ukraine	1657|1660
Ukrainian	1672
Ulitzer	1669
Ultimate	1672
Uncertainty	1667
Uncyclopedia	1669
Underpopulated	1658
Union	1657|1660
Unique	1673
Unitarian	1660
United	1657|1660|1671|1673|1675
Units	1673
Universe	1663
University	1664
Upload	1657|1658|1659|1660|1661|1662|1663|1664|1665|1666|1667|1668|1669|1670|1671|1672|1673|1674|1675|1676
Uppslagsverket	1669
Urban	1664
Uruguayan	1658
Use	1657|1658|1659|1660|1661|1662|1663|1664|1665|1666|1667|1668|1669|1670|1671|1672|1673|1674|1675|1676
User	1667
Utah	1657
V	1657|1660|1667|1668|1669|1672|1674
Valentina	1658
Valette	1658
Valley	1657
Van	1669|1672
Variants	1657|1658|1659|1660|1661|1662|1663|1664|1665|1666|1667|1668|1669|1670|1671|1672|1673|1674|1675|1676
Vault	1668
Venue	1671
Veropedia	1669|1672
Veteran	1660
Vi	1657|1664|1667|1668|1670|1673
Vicsek	1667
Victorian	1660
Vietnamese	1672
View	1657|1658|1659|1660|1661|1662|1663|1664|1665|1666|1667|1668|1669|1670|1671|1672|1673|1674|1675|1676
Views	1657|1658|1659|1660|1661|1662|1663|1664|1665|1666|1667|1668|1669|1670|1671|1672|1673|1674|1675|1676
Visual	1657
Voix	1660
Volap	1669
Volcanoes	1657
Volterra	1667
Volterra's	1667
W	1657|1658|1660|1661|1664|1666|1667|1668|1669|1672|1673|1676
Wada	1667
Wales	1657
War	1657|1670
Wars	1657|1660
Wavelets	1667
Weber	1660
Weilbachs	1669
West	1657
Western	1664
What	1657|1658|1659|1660|1661|1662|1663|1664|1665|1666|1667|1668|1669|1670|1671|1672|1673|1674|1675|1676
Wheat	1669
Wheeler	1660
When	1661
Whole	1669
Wife's	1660
WikiLosR	1669
WikiPilipinas	1669
Wikimedia	1657|1658|1659|1660|1661|1662|1663|1664|1665|1666|1667|1668|1669|1670|1671|1672|1673|1674|1675|1676
Wikipedia	1657|1658|1659|1660|1661|1662|1663|1664|1665|1666|1667|1668|1669|1670|1671|1672|1673|1674|1675|1676
Wil	1660
Williams	1658
Woman	1660
Women	1658|1659|1660|1661
Women's	1660|1661
Womyn	1660
Womyn's	1660
Works	1668
World	1657|1660|1661|1664|1666|1669|1670|1673|1676
World's	1660
Worley	1667
Wortley	1660
X	1657|1668
Y	1657|1658|1659
Year	1660
Yelena	1659
Yemchuk	1659
York	1657
You	1661
Young	1658
Young-suk	1658
Z	1657|1658|1660
Zayas	1660
Zealand	1657
Zendaya	1658
a	1657|1658|1659|1660|1661|1662|1663|1664|1665|1666|1667|1668|1669|1670|1671|1672|1673|1674|1675|1676
about	1662|1664|1670
academic	1664|1665
academics	1674
account	1657|1658|1659|1660|1661|1662|1663|1664|1665|1666|1667|1668|1669|1670|1671|1672|1673|1674|1675|1676
actress	1658
add	1658|1674
additional	1657|1658|1659|1660|1661|1662|1663|1664|1665|1666|1667|1668|1669|1670|1671|1672|1673|1674|1675|1676
administrative	1657
aesthetical	1667
against	1660
agencies	1666
agent	1670
aggregate	1657
agreement	1670
airport	1673
ais	1665|1666|1667|1668|1670|1673|1674
algorithm	1667|1670
algorithmic	1670
also	1657|1668|1671
alternate	1662
altruism	1670
an	1657|1671|1674
analysis	1665|1667|1670
anarchy	1670
and	1657|1658|1660|1661|1662|1663|1664|1665|1666|1667|1668|1669|1670|1674|1676
antenna	1667
anthropology	1661
any	1658
applications	1670
apply	1657|1658|1659|1660|1661|1662|1663|1664|1665|1666|1667|1668|1669|1670|1671|1672|1673|1674|1675|1676
approaches	1660
appropriate	1657
archaeology	1660
archives	1668
are	1657|1658|1659|1660|1661|1662|1663|1664|1665|1666|1667|1668|1669|1670|1671|1672|1673|1674|1676
area	1673
areas	1664|1665
arrowhead	1667
art	1664|1667|1671
article	1657|1658|1659|1660|1661|1662|1663|1664|1665|1666|1667|1668|1669|1670|1671|1672|1673|1674|1675|1676
articles	1658|1662|1667
artificial	1670
artists	1659
arts	1657
as	1657|1658|1659|1660|1661|1662|1663|1664|1665|1666|1667|1668|1669|1670|1671|1672|1673|1674|1675|1676
assolutas	1658
asylum	1660
at	1657|1658|1659|1660|1661|1662|1663|1664|1665|1666|1667|1668|1669|1670|1671|1672|1673|1674|1675|1676
attention	1657
auction	1670
available	1657|1658|1659|1660|1661|1662|1663|1664|1665|1666|1667|1668|1669|1670|1671|1672|1673|1674|1675|1676
average	1670
aversion	1670
bahasa	1672
ballerina	1658
ballerinas	1658
baronetcies	1666
baronies	1666
base	1667
bathhouse	1671
bathhouses	1671
be	1657|1658|1662|1664|1668
beat	1671
beauty	1670|1671
been	1658
before	1662
beliefs	1670
belly	1658
belong	1658
biology	1670
bokm	1667|1670|1674
book	1657|1658|1659|1660|1661|1662|1663|1664|1665|1666|1667|1668|1669|1670|1671|1672|1673|1674|1675|1676
both	1660|1667
branch	1670
brands	1666
broad	1664
build	1657
buildings	1676
but	1662
butterfly	1667
by	1657|1658|1659|1660|1664|1665|1666|1667|1670|1671|1673|1674|1675|1676
can	1662
canopy	1667
carpet	1667
cascade	1667
categories	1657|1658|1664|1670
categorization	1657
categorize	1658
categorized	1658
category	1657|1658|1659|1660|1661|1662|1663|1664|1665|1666|1667|1668|1669|1670|1671|1672|1673|1674|1675|1676
century	1674
changes	1657|1658|1659|1660|1661|1662|1663|1664|1665|1666|1667|1668|1669|1670|1671|1672|1673|1674|1675|1676
chauffeur	1670
choose	1670
cities	1676
civilizations	1663
classification	1664|1670
classifications	1657
classify	1664
clone	1671
coalition	1670
code	1673
codes	1670|1673
coding	1673
coincide	1664
collections	1666
commitment	1670
commons	1668|1670
communist	1666
community	1671
companies	1666
compatibility	1670
competition	1670
complex	1667
components	1667
compression	1667
conjecture	1670
consciousness	1669|1671
constellations	1666
constitutions	1666
cont	1657|1658|1659|1660|1661|1663|1664|1665|1666|1667|1668|1670|1671|1672|1673
contains	1658|1662|1676
content	1657|1658|1659|1660|1661|1662|1663|1664|1665|1666|1667|1668|1669|1670|1671|1672|1673|1674|1675|1676
contest	1670
continuous	1670
control	1660
convenience	1657
cooperation	1670
cooperator	1670
coordinate	1673
corresponding	1657
cosmology	1667
counting	1667
country	1671|1673|1675|1676
courts	1666
criminology	1660
criticism	1661
cultural	1664
culture	1671
currencies	1663|1666
curve	1667
curves	1667
cycle	1670
cyclones	1657
dalam	1672
dance	1671
dancer	1658
dancers	1658
de	1660
demography	1664
deprecated	1657
des	1660
design	1670
designator	1673
details	1657|1658|1659|1660|1661|1662|1663|1664|1665|1666|1667|1668|1669|1670|1671|1672|1673|1674|1675|1676
determinacy	1670
development	1657
deviate	1662
device	1670
dia	1672
dilemma	1670
dimension	1667
dinger	1667
directors	1659
disc	1667
disciplinary	1664
discipline	1664|1665
discriminated	1657
distinction	1660
distribution	1670
diverge	1662
division	1670|1673
do	1662
dominance	1670
drinking	1671
dukedoms	1666
dynamics	1670
e	1662|1663|1664|1665|1667|1670|1673|1674
e-books	1668
earldoms	1666
earliest	1657
earth	1673
economics	1670
economies	1666
edited	1657
effect	1670
effects	1661
efficiency	1670
efficient	1657
empty	1676
en	1657|1658|1659|1660|1661|1662|1663|1664|1665|1666|1667|1668|1669|1670|1671|1672|1673|1674|1675|1676
encyclopaedias	1672
encyclopedia	1657|1658|1659|1660|1661|1662|1663|1664|1665|1666|1667|1668|1669|1670|1671|1672|1673|1674|1675|1676
encyclopedia's	1657
encyclopedias	1668|1669|1672
energy	1657
entities	1666
equation	1667|1670
equilibrium	1670
erotica	1671
esky	1664|1665|1666|1667|1670|1674
establishments	1671
eta	1667
ethics	1661
ethnic	1663
ethnicity	1666
events	1657|1658|1659|1660|1661|1662|1663|1664|1665|1666|1667|1668|1669|1670|1671|1672|1673|1674|1675|1676
evolutionary	1670
example	1657
exist	1662
exponent	1667
export	1657|1658|1659|1660|1661|1662|1663|1664|1665|1666|1667|1668|1669|1670|1671|1672|1673|1674|1675|1676
fair	1670
fallacy	1670
families	1663
family	1661
featured	1657
female	1658
feminism	1660|1661
feminist	1660
feminists	1671
fern	1667
fetishism	1671
few	1658
fiction	1657|1662|1671
fictional	1662
fictitious	1662
field	1664|1670
fields	1664|1665|1670
figure	1667
file	1657|1658|1659|1660|1661|1662|1663|1664|1665|1666|1667|1668|1669|1670|1671|1672|1673|1674|1675|1676
files	1667|1676
film	1662
flame	1667
flight	1667
fluctuation	1667
following	1657|1658|1659|1660|1661|1662|1663|1664|1665|1666|1667|1668|1669|1670|1671|1672|1673|1674|1675|1676
football	1657
for	1657|1658|1659|1660|1661|1662|1663|1664|1665|1666|1667|1668|1669|1670|1671|1672|1673|1674|1675|1676
formalized	1670
former	1666
fractal	1667
fractal-related	1667
fractals	1667
free	1657|1658|1659|1660|1661|1662|1663|1664|1665|1666|1667|1668|1669|1670|1671|1672|1673|1674|1675|1676
from	1657|1658|1659|1660|1661|1662|1663|1664|1665|1666|1667|1668|1669|1670|1671|1672|1673|1674|1675|1676
function	1667|1670
future	1662
g	1664
game	1667|1670
games	1668|1670
gasket	1667
gay	1671
gender	1660
geocode	1673
geocodes	1673
geocoding	1673
geographers	1674
geographical	1673
geography	1661|1675
geometric	1667
girl	1660
globule	1667
goods	1670
graph	1670
group	1667
groups	1663
has	1658|1660|1661|1662|1663|1664|1665|1666|1667|1668|1669|1670|1671|1672|1673|1674|1675|1676
hats	1670
have	1658
help	1658
here	1657|1658|1659|1660|1661|1662|1663|1664|1665|1666|1667|1668|1669|1670|1671|1672|1673|1674|1675|1676
hidden	1657
historians	1664
historical	1664|1666
histories	1662
history	1657|1658|1659|1660|1661|1662|1663|1664|1665|1666|1667|1668|1669|1670|1671|1672|1673|1674|1675|1676
homosexuality	1671
horizon	1670
horned	1667
house	1671
houses	1671
http	1657|1658|1659|1660|1661|1662|1663|1664|1665|1666|1667|1668|1669|1670|1671|1672|1673|1674|1675|1676
human	1663
hypothesis	1670
icon	1671
ideas	1664
identify	1673
ignorance	1670
images	1676
in	1657|1658|1659|1660|1661|1662|1663|1664|1665|1666|1667|1668|1669|1670|1671|1672|1673|1674|1675|1676
ina	1666|1667|1670|1674
incentive	1670
included	1670
including	1670
inconsistency	1670
index	1657|1658|1659|1660|1661|1662|1663|1664|1665|1666|1667|1668|1669|1670|1671|1672|1673|1674|1675|1676
indigenous	1663
induction	1670
infinitesimals	1665
information	1657|1658|1659|1660|1661|1662|1664|1665|1666|1667|1668|1669|1670|1671|1672|1673|1674|1675|1676
installations	1666
instead	1674
intellectual	1664
intellectuals	1661
intelligence	1666|1669|1670
interactions	1670
international	1661
into	1657
irrationality	1670
is	1657|1658|1659|1660|1661|1662|1663|1664|1665|1666|1667|1668|1669|1670|1671|1672|1673|1674|1675|1676
its	1657
journal	1661
jpg	1667|1676
justice	1657
k	1669
knowledge	1664|1670
l	1667|1670|1674
labels	1666
labour	1670
lady	1661
lake	1667
landscape	1667
languages	1657|1663|1666
larger	1657
last	1657|1658|1659|1660|1661|1662|1663|1664|1665|1666|1667|1668|1669|1670|1671|1672|1673|1674|1675|1676
law	1668|1670
laws	1661
learn	1657|1658|1659|1660|1661|1662|1663|1664|1665|1666|1667|1668|1669|1670|1671|1672|1673|1674|1676
led	1660
lemma	1667|1670
lesbianism	1660
let	1670
licenses	1668
link	1657|1658|1659|1660|1661|1662|1663|1664|1665|1666|1667|1668|1669|1670|1671|1672|1673|1674|1675|1676
links	1657|1658|1659|1660|1661|1662|1663|1664|1665|1666|1667|1668|1669|1670|1671|1672|1673|1674|1675|1676
list	1657|1658|1659|1660|1661|1662|1663|1664|1665|1666|1667|1668|1669|1670|1671|1672|1673|1674|1676
lists	1657|1673
literature	1662|1671
live	1670
local	1664
locus	1667
logic	1665|1670
love	1671
main	1665|1667|1668|1670
mainstreaming	1661
maintain	1657
male	1671
males	1671
mappings	1667
maps	1667
marquessates	1666
marriage	1671
martingale	1670
mass	1664
masse	1657
mathematics	1665|1667|1670
matrilineal	1661
matrilocal	1661
matter	1664
may	1657|1658|1659|1660|1661|1662|1663|1664|1665|1666|1667|1668|1669|1670|1671|1672|1673|1674|1675|1676
measure	1667|1670
mechanics	1667
mechanism	1670
media	1658|1662|1664|1666|1667|1668|1670|1671|1674
medicine	1664
medieval	1674
member	1657
members	1657
men	1671
menu	1657|1658|1659|1660|1661|1664|1665|1666|1667|1668|1669|1670|1671|1672|1673|1674|1675
message	1658
metal	1657
method	1664
methods	1670
metric	1670
military	1666|1670
mines	1666
mixing	1670
model	1667|1670
models	1670
modified	1657|1658|1659|1660|1661|1662|1663|1664|1665|1666|1667|1668|1669|1670|1671|1672|1673|1674|1675|1676
monster	1670
more	1657|1658|1659|1660|1661|1662|1663|1664|1665|1666|1667|1668|1669|1670|1671|1672|1673|1674|1676
motion	1667
move	1670
movement	1660|1661
multifractal	1667
music	1659|1668
musical	1658
musician	1659
musicians	1671
mythology	1661
n	1665|1667|1669|1670|1674|1675
nationality	1674
nature	1670
naturism	1671
navigation	1657|1658|1659|1660|1661|1662|1663|1664|1665|1666|1667|1668|1669|1670|1671|1672|1673|1674|1675|1676
need	1657
needing	1657
net	1668
next	1670
ng	1657|1664|1667|1668|1670|1673
nightclubs	1671
noise	1667
non-profit	1657|1658|1659|1660|1661|1662|1663|1664|1665|1666|1667|1668|1669|1670|1671|1672|1673|1674|1675|1676
not	1657|1658|1659|1660|1661|1662|1663|1664|1665|1666|1667|1668|1669|1670|1671|1672|1673|1674|1676
novel	1660
nski	1674
numbers	1673
nynorsk	1666|1667|1670|1674
objects	1667
obsolete	1666
occupation	1658|1659
occupations	1663
of	1657|1658|1659|1660|1661|1662|1663|1664|1665|1666|1667|1668|1669|1670|1671|1672|1673|1674|1675|1676
ol	1665|1667|1668|1670|1673|1674
oldid	1657|1658|1659|1660|1661|1662|1663|1664|1665|1666|1667|1668|1669|1670|1671|1672|1673|1674|1675|1676
on	1657|1658|1659|1660|1661|1662|1663|1664|1665|1666|1667|1668|1669|1670|1671|1672|1673|1674|1675|1676
only	1669|1676
opening	1670
openings	1670
operator	1667
optimality	1670
or	1657|1661|1662|1664|1673
org	1657|1658|1659|1660|1661|1662|1663|1664|1665|1666|1667|1668|1669|1670|1671|1672|1673|1674|1675|1676
organization	1657|1658|1659|1660|1661|1662|1663|1664|1665|1666|1667|1668|1669|1670|1671|1672|1673|1674|1675|1676
organizations	1663|1666
organize	1657
os	1669
other	1660|1662|1665
others	1664
out	1657|1658|1659|1660|1661|1662|1663|1664|1665|1666|1667|1668|1669|1670|1671|1672|1673|1674|1675|1676
overall	1664
overlap	1664
packing	1667
page	1657|1658|1659|1660|1661|1662|1663|1664|1665|1666|1667|1668|1669|1670|1671|1672|1673|1674|1675|1676
pageantry	1671
pageants	1671
pages	1657|1658|1659|1660|1661|1662|1663|1664|1665|1666|1667|1668|1669|1670|1671|1672|1673|1674|1675|1676
parade	1671
paradox	1667|1670
parks	1657
part	1657
partially	1664
party	1671
passports	1666
pennies	1670
peoples	1663
perfect	1670
philosophy	1664
php	1657|1658|1659|1660|1661|1662|1663|1664|1665|1666|1667|1668|1669|1670|1671|1672|1673|1674|1675|1676
place	1673
places	1666|1676
play	1670
player	1670
playing	1670
please	1658
point	1667|1670|1673
points	1667
poisson	1670
poker	1670
policy	1657|1658|1659|1660|1661|1662|1663|1664|1665|1666|1667|1668|1669|1670|1671|1672|1673|1674|1675|1676
political	1666|1670
polynomial	1667
populated	1658
portal	1657|1658|1659|1660|1661|1662|1663|1664|1665|1666|1667|1668|1669|1670|1671|1672|1673|1674|1675|1676
portals	1657
positivism	1661
postal	1673
postulate	1667
power	1670
practical	1664
preference	1657
pregnant	1661
previous	1670
price	1670
pride	1671
primarily	1657
principle	1670
private	1666
probability	1670
problem	1670
procedure	1670
process	1667
production	1670
products	1666
professional	1664
program	1667
project	1676
projection	1673
projective	1670
protest	1660
protests	1660
psychology	1670
public	1661|1671
publications	1666
puzzle	1670
quadratic	1667
qualify	1662
quantitative	1670
quantum	1667
queens	1671
question	1660
rabbit	1667
races	1663
railway	1673
raising	1660
random	1670
randomness	1667
ranks	1663
rather	1664
rationality	1670
ray	1667
rbara	1658
rbaycanca	1667|1672|1674
rbundet	1660
real	1662
reality	1662
recent	1657|1658|1659|1660|1661|1662|1663|1664|1665|1666|1667|1668|1669|1670|1671|1672|1673|1674|1676
record	1666
refer	1664
refers	1664
reflect	1657|1658|1659|1660|1661|1662|1663|1664|1665|1666|1667|1668|1669|1670|1671|1672|1673|1674|1676
registered	1657|1658|1659|1660|1661|1662|1663|1664|1665|1666|1667|1668|1669|1670|1671|1672|1673|1674|1675|1676
related	1658|1667|1670|1674
relations	1661
religion	1664
remove	1658
requested	1658
resources	1668
response	1670
revolution	1661
rhetoricians	1660
rider	1670
rights	1660|1661
ring	1667
rk	1662|1663|1664|1665|1667|1670|1673|1674
rkmen	1665
ro	1674
rock	1657
room	1671
root	1670
rule	1667
s	1657|1662|1664|1666|1667|1668|1669|1670|1673|1674|1675
sake	1657
sample	1670
sandbox	1667
scenario	1663
scheduling	1670
scheme	1657
scholarship	1664
school	1660
science	1657|1664|1670
sciences	1657|1664|1670
scientific	1667
scientists	1674
search	1657|1658|1659|1660|1661|1662|1663|1664|1665|1666|1667|1668|1669|1670|1671|1672|1673|1674|1675|1676
section	1676
see	1673
segregation	1661
selection	1670
self-similar	1667
semantics	1670
sequence	1667
series	1667|1673
serves	1657
set	1657|1667|1670
several	1657
sex	1661
sexes	1670
sexuality	1671
shapes	1667
should	1664
shown	1657
signaling	1670
singer	1659
site	1669
situation	1670
ski	1667
skinhead	1671
slenska	1668|1670|1674
social	1664|1670
societies	1661
society	1661|1663
software	1667|1668
soil	1667
solving	1670
someones	1657
source	1668
spatial	1673
specialty	1674
species	1666
specific	1664
spectrum	1667
sphere	1667
sponge	1667
sports	1666|1671
square	1670|1673
squares	1673
srpski	1663|1667|1670|1674
stability	1670
stable	1670
stalk	1667
state	1670|1673
states	1667
stations	1673
statistics	1665
story-telling	1662
strategy	1670
structures	1666|1670|1676
stub	1674
stubs	1674
studies	1664
study	1664|1670
style	1671
sub-categories	1657
subcategories	1658|1660|1661|1662|1663|1664|1665|1666|1667|1668|1670|1671|1672|1673|1674|1675|1676
subcategory	1669
subculture	1671
subdivision	1667|1673
subdivisions	1665
subject	1664|1674
suffrage	1660
suffragettes	1660
suffragists	1660
surface	1667|1673
suviennes	1660
switching	1667
syntax	1657
system	1667|1673
systems	1665|1667|1673
t	1657|1664|1667|1668|1670|1673
talk	1670
taxonomies	1673
technology	1664
terms	1657|1658|1659|1660|1661|1662|1663|1664|1665|1666|1667|1668|1669|1670|1671|1672|1673|1674|1675|1676
textbook	1668
than	1660|1664
that	1657|1658|1662|1670
the	1657|1658|1659|1660|1661|1662|1663|1664|1665|1666|1667|1668|1669|1670|1671|1672|1673|1674|1675|1676
theatre	1658
their	1664
themselves	1657|1664
theorem	1667|1670
theorists	1670
theory	1665|1667|1670
these	1664
this	1657|1658|1659|1660|1661|1662|1663|1664|1665|1666|1667|1668|1669|1670|1671|1672|1673|1674|1676
threat	1670
time	1662|1670
title	1657|1658|1659|1660|1661|1662|1663|1664|1665|1666|1667|1668|1669|1670|1671|1672|1673|1674|1675|1676
titles	1663
to	1657|1658|1659|1660|1661|1662|1663|1664|1665|1666|1667|1668|1669|1670|1671|1672|1673|1674|1675|1676
tools	1657|1658|1659|1660|1661|1662|1663|1664|1665|1666|1667|1668|1669|1670|1671|1672|1673|1674|1675|1676
topic	1664
topics	1658
total	1657|1658|1659|1660|1661|1662|1663|1664|1665|1666|1667|1668|1669|1670|1671|1672|1673|1674|1675|1676
track	1657
tracking	1657
trademark	1657|1658|1659|1660|1661|1662|1663|1664|1665|1666|1667|1668|1669|1670|1671|1672|1673|1674|1675|1676
transform	1667
trap	1667
tree	1667|1670
triangle	1667
tzebuergesch	1674
u	1664|1667|1670|1673|1674
umum	1672
uncertainty	1670
under	1657|1658|1659|1660|1661|1662|1663|1664|1665|1666|1667|1668|1669|1670|1671|1672|1673|1674|1675|1676
union	1657
unless	1657
uprisings	1660
us	1657|1658|1659|1660|1661|1662|1663|1664|1665|1666|1667|1668|1669|1670|1671|1672|1673|1674|1675|1676
use	1664|1666|1674
used	1657|1662
user	1657
uses	1667|1670
using	1657
utility	1670
v	1660
value	1670
van	1660
variation	1670
variety	1670
version	1657|1658|1659|1660|1661|1662|1663|1664|1665|1666|1667|1668|1669|1670|1671|1672|1673|1674|1675|1676
video	1659|1668
view	1657|1658|1659|1660|1661|1662|1663|1664|1665|1666|1667|1668|1669|1670|1671|1672|1673|1674|1675|1676
views	1661
villages	1671
viscountcies	1666
voter	1670
voting	1660
vy	1667
w	1657|1658|1659|1660|1661|1662|1663|1664|1665|1666|1667|1668|1669|1670|1671|1672|1673|1674|1675|1676
wants	1668
war	1670
warfare	1657
was	1657|1658|1659|1660|1661|1662|1663|1664|1665|1666|1667|1668|1669|1670|1671|1672|1673|1674|1675|1676
web	1669
website	1669|1672
websites	1666|1668
which	1662|1670
while	1664
wife	1660
wikipedia	1657|1658|1659|1660|1661|1662|1663|1664|1665|1666|1667|1668|1669|1670|1671|1672|1673|1674|1675|1676
win	1670
with	1664|1667|1670
within	1664
without	1670
woman	1660|1661
women	1658|1660|1661
women's	1660
work	1664
world	1662
worlds	1662
writers	1671
writing	1662
