'	1811
'Are'are	1811
-	1797|1798|1799|1800|1801|1802|1803|1804|1805|1806|1807|1808|1809|1810|1811|1812|1813|1814|1815|1816
0	1813
00	1806
01	1797|1801|1805|1815
02	1808
07	1816
08	1803|1805
09	1808
1	1799|1800|1807|1808|1809|1812|1813
10	1809|1813|1816
11	1799|1809|1812|1813
12	1809
126	1809|1813
13	1802|1808|1809|1811
13166	1813
14	1802|1813|1814
15	1799|1802|1811|1813
16	1798|1807|1812|1813
17	1797|1804|1810|1812|1814
18	1800|1802|1805|1806|1813|1815
19	1798|1800|1801|1803|1807
2	1799|1800|1802|1805|1807|1808|1809|1812|1813|1815|1816
20	1801|1803|1807
200	1813
2012	1799|1804|1805|1806|1808|1809|1810|1811|1813|1814|1815
2013	1797|1798|1800|1801|1802|1803|1807|1812|1816
209	1813
21	1813
22	1800|1804|1813
23	1813
24	1809|1813|1815
25	1813
27	1797|1809|1813
28	1804|1812|1813
29	1807
3	1797|1799|1800|1802|1804|1807|1809|1810|1812|1813|1814
30	1802|1813
31	1809
38	1809
39	1798|1813
4	1802|1809|1812|1813
41	1812
45	1802|1809
46	1799|1816
48	1812
5	1799|1800|1809|1813
50	1810
505083068	1809
51	1800|1809
514033636	1813
518332474	1814
518359095	1810
518401571	1804
518423357	1806
518424574	1805
518426725	1815
52	1814
521833958	1811
522163292	1799
527834199	1808
53	1801
530883585	1816
533458132	1797
533693416	1802
533886970	1800
533889182	1798
533891859	1801
533892739	1803
533895323	1807
536174608	1812
57	1812
59	1806
6	1802|1803|1812|1813
60	1813
61	1813
7	1800|1809|1811|1812|1813
77	1811
8	1800|1813
9	1799|1812|1813
A	1800|1801|1802|1809|1811|1812|1813|1816
Abai	1809
Abkhazia	1799|1809
Aborlan	1809
About	1797|1798|1799|1800|1801|1802|1803|1804|1805|1806|1807|1808|1809|1810|1811|1812|1813|1814|1815|1816
Academy	1809|1813
Acadian	1813
Acholi	1801
Actions	1797|1798|1799|1800|1801|1802|1803|1804|1805|1806|1807|1808|1809|1810|1811|1812|1813|1814|1815|1816
Adai	1813
Afghanistan	1799|1809
Afitti	1802
Africa	1797|1798|1800|1801|1802|1803|1807
African	1800
Afrikaans	1800|1803|1812|1813
Afro-Seminole	1813
Agutaynen	1809
Aja	1801
Akhoe	1800
Alabama	1813
Alaska	1813
Algonquian	1813
Algonquin	1813
America	1813
American	1813
Anglo-Norman	1812
Anglo-Welsh	1812
Angloromani	1812|1813
Anguillan	1812
Anishinaabe	1813
Anuta	1811
Apache	1813
Arab	1799|1809
Arabia	1799|1809
Arabic	1801|1802|1816
Aragon	1800|1802|1812|1813
Arapaho	1813
Arapahoan	1813
Armenia	1799|1809
Armenian	1813
Arosi	1811
Articles	1808|1810|1811|1815
Asia	1799|1809
Asumboa	1811
Atakapa	1813
Atsugewi	1813
Attribution-ShareAlike	1797|1798|1799|1800|1801|1802|1803|1804|1805|1806|1807|1808|1809|1810|1811|1812|1813|1814|1815|1816
Avokaya	1801
Az	1799|1800|1802|1803|1808|1809|1812|1813
Azerbaijan	1799|1809
B	1798|1801|1802|1804|1807|1809|1811|1812|1813
Babatana	1811
Baeggu	1811
Bagirmi	1801
Bagobo	1809
Bahamas	1804
Bahamian	1804
Bahasa	1800|1803|1807|1809|1812|1813
Bahrain	1799|1809
Bai	1801
Bajaw	1809
Baka	1801
Balanta	1807
Banda	1801
Banggi	1809
Bangladesh	1799|1809
Bari	1801
Basa	1813
Basin	1813
Bauro	1811
Beja	1802
Belanda	1801
Beli	1801
Bermudian	1812
Berta	1802
Bhutan	1799|1809
Bible	1809
Bicol	1809
Bikol	1809
Bilingual	1813
Biloxi	1813
Bilua	1811
Bimbashi	1802
Birgid	1802
Blaan	1809
Blablanga	1811
Blackfoot	1813
Board	1800
Boarisch	1800
Bongo	1801
Bosanski	1809
Brezhoneg	1798|1799|1800|1801|1802|1803|1807|1809|1812|1813
Britain	1812
British	1799|1805|1809|1812
Brummie	1812
Brunei	1799|1809
Bughotu	1811
Bullom	1798
Burma	1799|1809
C	1799|1800|1802|1807|1808|1809|1811|1812|1813|1816
CAR	1801
Caddo	1813
Cahto	1813
Caicos	1812
Cajun	1813
Calamian	1809
California	1813
Cambodia	1799|1809
Canada	1813
Cangin	1807
Cantonese	1809|1813
Cape	1800
Cardiff	1812
Carib	1816
Caribbean	1805|1814|1816
Carolina	1813
Carpathian	1813
Catal	1800
Catawban	1813
Categories	1797|1798|1799|1800|1801|1802|1803|1804|1805|1806|1807|1808|1809|1810|1811|1812|1813|1814|1815|1816
Category	1797|1798|1799|1800|1801|1802|1803|1804|1805|1806|1807|1808|1809|1810|1811|1812|1813|1814|1815|1816
Cayman	1806
Caymanian	1806
Cayuga	1813
Cebuano	1809
Central	1809|1811|1813
Chadian	1802
Chavacano	1809
Cheke	1811
Chemakum	1813
Cherokee	1813
Chevak	1813
Chickasaw	1813
Chimariko	1813
China	1799|1809
Chinese	1799|1809|1813
Chinookan	1813
Chippewa	1813
Chitimacha	1813
Choctaw	1813
Choiseul	1811
Christmas	1799|1809
Coast	1813
Cockney	1812
Cocos	1799|1809
Coeur	1813
Colonial	1813
Colorado	1813
Comanche	1813
Commons	1797|1798|1799|1800|1801|1802|1803|1804|1805|1806|1807|1808|1809|1810|1811|1812|1813|1814|1815|1816
Community	1797|1798|1799|1800|1801|1802|1803|1804|1805|1806|1807|1808|1809|1810|1811|1812|1813|1814|1815|1816
Congress	1813
Contact	1797|1798|1799|1800|1801|1802|1803|1804|1805|1806|1807|1808|1809|1810|1811|1812|1813|1814|1815|1816
Contents	1797|1798|1799|1800|1801|1802|1803|1804|1805|1806|1807|1808|1809|1810|1811|1812|1813|1814|1815|1816
Cornish	1812
Country	1812
Cowlitz	1813
Create	1797|1798|1799|1800|1801|1802|1803|1804|1805|1806|1807|1808|1809|1810|1811|1812|1813|1814|1815|1816
Creative	1797|1798|1799|1800|1801|1802|1803|1804|1805|1806|1807|1808|1809|1810|1811|1812|1813|1814|1815|1816
Cree	1813
Creole	1797|1804|1805|1812|1813|1814|1816
Cruz	1811
Culture	1813
Cup	1813
Cup'ig	1813
Current	1797|1798|1799|1800|1801|1802|1803|1804|1805|1806|1807|1808|1809|1810|1811|1812|1813|1814|1815|1816
Cymraeg	1800|1812|1813
Cyprus	1799|1809
D	1801|1802|1807|1811|1812|1813
December	1808
Delaware	1813
Dependencies	1799|1809
Deutsch	1800
Dialect	1812
Dialects	1812
Didinga	1801
Dinka	1801|1802
Disclaimers	1797|1798|1799|1800|1801|1802|1803|1804|1805|1806|1807|1808|1809|1810|1811|1812|1813|1814|1815|1816
Domari	1802
Donate	1797|1798|1799|1800|1801|1802|1803|1804|1805|1806|1807|1808|1809|1810|1811|1812|1813|1814|1815|1816
Dori'o	1811
Download	1797|1798|1799|1800|1801|1802|1803|1804|1805|1806|1807|1808|1809|1810|1811|1812|1813|1814|1815|1816
Duke	1811
Dutch	1813
Dyula	1807
E	1797|1798|1799|1800|1801|1802|1803|1804|1805|1806|1807|1808|1809|1810|1811|1812|1813|1814|1815|1816
East	1799|1809|1811|1812
Eastern	1800|1813
Edit	1797|1798|1799|1800|1801|1802|1803|1804|1805|1806|1807|1808|1809|1810|1811|1812|1813|1814|1815|1816
Egypt	1799|1809
Eini	1800
Ellicean	1811
Emirates	1799|1809
Enchanta	1809
Endangered	1813
England	1812|1813
English	1797|1798|1799|1800|1801|1802|1803|1804|1805|1806|1807|1808|1809|1810|1811|1812|1813|1814|1815|1816
Ermita	1809
Espa	1797|1798|1799|1800|1801|1802|1803|1804|1806|1807|1808|1809|1811|1812|1813|1814|1816
Esperanto	1797|1798|1799|1800|1802|1803|1807|1808|1809|1811|1812|1813|1814
Esselen	1813
Essex	1812
Estreme	1812
Estuary	1812
Etchemin	1813
Europe	1812
Euskara	1800|1802|1807|1809|1812|1813
Executive	1813
F	1797|1800|1802|1804|1807|1809|1811|1812|1813
Fagani	1811
Falkland	1812
Fanagalo	1800
Featured	1797|1798|1799|1800|1801|1802|1803|1804|1805|1806|1807|1808|1809|1810|1811|1812|1813|1814|1815|1816
February	1812
Fiji	1797|1798|1800
Filipino	1809
First	1813
Foreign-language	1813
Foundation	1797|1798|1799|1800|1801|1802|1803|1804|1805|1806|1807|1808|1809|1810|1811|1812|1813|1814|1815|1816
Fox	1813
Fran	1797|1798|1799|1800|1802|1803|1807|1808|1809|1811|1812|1813|1816
Franconian	1800
French	1797|1813
From	1797|1798|1799|1800|1801|1802|1803|1804|1805|1806|1807|1808|1809|1810|1811|1812|1813|1814|1815|1816
Fula	1807
Fur	1802
G	1802|1807|1808|1809|1811|1812|1813
Ga'dang	1809
Gaddang	1809
Gaelg	1800|1812|1813
Gambia	1807
Gambian	1807
Gao	1811
Gela	1811
General	1813
Geordie	1812
Georgia	1799|1809|1811
German	1813
Ghanongga	1811
Ghari	1811
Gibraltarian	1812
Gilbertese	1808|1811
Good	1799
Great	1813
Gula'alaa	1811
Gule	1802
Gullah	1813
Gumuz	1802
H	1799|1800|1801|1802|1809|1811|1813|1816
Hakka	1809
Hausa	1802
Havasupai	1813
Hawaii	1813
Hawaiian	1813
Help	1797|1798|1799|1800|1801|1802|1803|1804|1805|1806|1807|1808|1809|1810|1811|1812|1813|1814|1815|1816
Henniker	1813
Hidatsa	1813
Hill	1802
Hindi	1797|1798|1800|1816
Hindu	1816
Hindustani	1816
Hoava	1811
Hokkien	1799|1809
Holo	1811
Homa	1801
Hong	1799|1809
Hopi	1813
Howzit	1800
Hrvatski	1797|1798|1799|1800|1802|1807|1808|1809|1810|1811|1812|1813|1814|1815
Hupa	1813
I	1799|1800|1801|1812|1813|1816
Ido	1797|1798|1800|1801|1802|1803|1807
Ilokano	1809
Inc	1797|1798|1799|1800|1801|1802|1803|1804|1805|1806|1807|1808|1809|1810|1811|1812|1813|1814|1815|1816
Indaba	1800
India	1799|1809
Indian	1799|1809|1813
Indigenous	1813
Indonesia	1799|1800|1803|1807|1809|1812|1813
Indri	1801
Interaction	1797|1798|1799|1800|1801|1802|1803|1804|1805|1806|1807|1808|1809|1810|1811|1812|1813|1814|1815|1816
Interlingua	1813
Inuktitut	1813
Iran	1799|1809
Iraq	1799|1809
Ireland	1811|1812
Irish	1812
Iroquoian	1813
Isabel	1811
IsiNgqumo	1800
IsiZulu	1800
Island	1799|1809|1816
Islands	1799|1805|1806|1808|1809|1810|1811|1812|1813|1814
Israel	1799|1809
Italian	1813
Italiano	1798|1799|1800|1802|1803|1807|1808|1809|1811|1812|1813
J	1801|1812|1813
Janner	1812
January	1797|1798|1800|1801|1802|1803|1807|1816
Japan	1799|1809
Japanese	1813
Jargon	1813
Jawa	1813
Jersey	1813
Jordan	1799|1809
Juba	1801
July	1809
Jump	1797|1798|1799|1800|1801|1802|1803|1804|1805|1806|1807|1808|1809|1810|1811|1812|1813|1814|1815|1816
Jur	1801
K	1798|1799|1800|1801|1802|1807|1809|1811|1812|1813
Kacipo-Balesi	1801
Kadugli	1802
Kahua	1811
Kalapuya	1813
Kaligi	1801
Kanga	1802
Kapampangan	1809
Karon	1807
Kashaya	1813
Kassonke	1807
Kawaiisu	1813
Kazakhstan	1799|1809
Keeling	1799|1809
Keiga	1802
Kelo	1802
Kentish	1812
Keresan	1813
Khoe	1800
Khoekhoe	1800
Khwe	1800
Kinabatangan	1809
Kingdom	1812
Kiowa	1813
Kiswahili	1798|1800|1802
Klamath	1813
Klao	1798
Koasati	1813
Kokota	1811
Komo	1802
Kong	1799|1809
Konkow	1813
Kono	1798
Korana	1800
Kordofanian	1802
Korea	1799|1809
Korean	1813
Koyo	1801
Kresh	1801
Krio	1798
Kristang	1799
Krongo	1802
Kujarg	1802
Kuku	1801
Kumeyaay	1813
Kusaghe	1811
Kuwait	1799|1809
Kwaio	1811
Kwara'ae	1811
Kyrgyzstan	1799|1809
L	1798|1799|1800|1801|1802|1807|1809|1811|1812|1813
Laghu	1811
Lakes	1813
Lakota	1813
Lango	1801
Language	1799|1800|1809|1811|1812|1813
Languages	1797|1798|1799|1800|1801|1802|1803|1804|1805|1806|1807|1808|1809|1810|1811|1812|1813|1814|1815|1816
Languages_of_Seychelles	1797
Languages_of_Sierra_Leone	1798
Languages_of_Singapore	1799
Languages_of_South_Africa	1800
Languages_of_South_Sudan	1801
Languages_of_Sudan	1802
Languages_of_Swaziland	1803
Languages_of_Tokelau	1815
Languages_of_Trinidad_and_Tobago	1816
Languages_of_the_Bahamas	1804
Languages_of_the_British_Virgin_Islands	1805
Languages_of_the_Cayman_Islands	1806
Languages_of_the_Gambia	1807
Languages_of_the_Marshall_Islands	1808
Languages_of_the_Philippines	1809
Languages_of_the_Pitcairn_Islands	1810
Languages_of_the_Solomon_Islands	1811
Languages_of_the_United_Kingdom	1812
Languages_of_the_United_States	1813
Languages_of_the_United_States_Virgin_Islands	1814
Lanka	1799|1809
Laos	1799|1809
Latina	1799|1802|1807|1809
Latvie	1799|1804|1807|1812|1813
Lau	1811
Laureano	1813
Lavukaleve	1811
Lebanon	1799|1809
Lendu	1801
Leone	1798
Leonean	1798
Lese	1801
License	1797|1798|1799|1800|1801|1802|1803|1804|1805|1806|1807|1808|1809|1810|1811|1812|1813|1814|1815|1816
Limba	1798
List	1800|1809|1813
Lists	1799|1813
Llanito	1812
Log	1797|1798|1799|1800|1801|1802|1803|1804|1805|1806|1807|1808|1809|1810|1811|1812|1813|1814|1815|1816
Loko	1798
Lopit	1801
Lotuko	1801
Louisiana	1813
Loup	1813
Low	1800
Lozi	1800
Lungga	1811
Luo	1802
Luso-American	1813
Luwo	1801
M	1798|1799|1800|1801|1802|1807|1809|1811|1812|1813
Maban	1801|1802
Macau	1799|1809
Madi	1801
Mahican	1813
Maiduan	1813
Main	1797|1798|1799|1800|1801|1802|1803|1804|1805|1806|1807|1808|1809|1810|1811|1812|1813|1814|1815|1816
Malaita	1811
Malay	1799|1809
Malaysia	1799|1809
Maldives	1799|1809
Malecite-Passamaquoddy	1813
Mandan	1813
Mandarin	1799|1809
Mandinka	1807
Mandjak	1807
Mangaya	1801
Mangbetu	1801
Mangbutu	1801
Maninka	1798
Manyika	1800
Maricopa	1813
Marovo	1811
Marshall	1808
Marshallese	1808
Marta	1813
Masalit	1802
Massachusett	1813
Mattole	1813
Mende	1798
Menominee	1813
Meroitic	1802
Mexican	1813
Mi'kmaq	1813
Miami-Illinois	1813
Midlands	1812
Midob	1802
Mikasuki	1813
Milford	1813
Min	1799|1809
Missouri	1813
Mobile	1797|1798|1799|1800|1801|1802|1803|1804|1805|1806|1807|1808|1809|1810|1811|1812|1813|1814|1815|1816
Mobilian	1813
Modo	1801
Mohawk	1813
Mohegan-Pequot	1813
Molo	1802
Mongolia	1799|1809
Mono	1811
Montana	1813
Montserrat	1812
Moru	1801
Movement	1799
Muhlenberg	1813
Munsee	1813
Murle	1801
Muscogee	1813
Myanmar	1799|1809
N	1800|1801|1802|1803|1811|1812|1813|1814
Nagorno-Karabakh	1799|1809
Naka	1801
Namespaces	1797|1798|1799|1800|1801|1802|1803|1804|1805|1806|1807|1808|1809|1810|1811|1812|1813|1814|1815|1816
Nan	1809
Nanggu	1811
Nanticoke	1813
Narim	1801
Narragansett	1813
National	1800
Navigation	1797|1798|1799|1800|1801|1802|1803|1804|1805|1806|1807|1808|1809|1810|1811|1812|1813|1814|1815|1816
Nawathinehena	1813
Ndebele	1800
Ndogo	1801
Nederlands	1799|1800|1807|1809|1812|1813
Negerhollands	1814
Nembao	1811
Nepal	1799|1809
New	1811|1813|1815
Nez	1813
Nguni	1800|1803
Nilo-Saharan	1801
Nilotic	1801|1802
Nobiin	1802
Nooksack	1813
Norfolk	1812
Norman	1812
Norsk	1797|1798|1799|1800|1801|1802|1803|1807|1808|1809|1811|1812|1813|1816
North	1799|1809|1813
Northeastern	1813
Northern	1799|1800|1809|1812|1813
Northwest	1811|1813
November	1799|1811
Nubian	1802
Nuer	1801
Numic	1813
Nunivak	1813
Nyimang	1802
O	1801|1811|1813
O'odham	1813
Obispe	1813
Occitan	1799|1800|1802|1812|1813
Ocean	1799|1809
Oceania	1808|1810|1811|1815
Oceanic	1811
October	1804|1805|1806|1810|1814|1815
Odawa	1813
Official	1800
Ojibwe	1813
Okanagan	1813
Old	1802|1812
Olu	1801
Oman	1799|1809
Oneida	1813
Onondaga	1813
Opuo	1801
Orang	1799
Order	1813
Oroha	1811
Ossetia	1799|1809
Other	1813
Ottawa	1813
Owa	1811
P	1799|1800|1802|1807|1808|1809|1810|1811|1812|1813
PDF	1797|1798|1799|1800|1801|1802|1803|1804|1805|1806|1807|1808|1809|1810|1811|1812|1813|1814|1815|1816
Pacific	1813
Page	1797|1798|1799|1800|1801|1802|1803|1804|1805|1806|1807|1808|1809|1810|1811|1812|1813|1814|1815|1816
Pages	1797|1798|1799|1800|1801|1802|1803|1804|1805|1806|1807|1808|1809|1810|1811|1812|1813|1814|1815|1816
Paiute	1813
Pakistan	1799|1809
Palestine	1799|1809
Pan	1800
Pangutaran	1809
Papuan	1811
Passamaquoddy	1813
Pawnee	1813
Pella	1813
Pennsylvania	1813
People's	1799|1809
Perce	1813
Permanent	1797|1798|1799|1800|1801|1802|1803|1804|1805|1806|1807|1808|1809|1810|1811|1812|1813|1814|1815|1816
Personal	1797|1798|1799|1800|1801|1802|1803|1804|1805|1806|1807|1808|1809|1810|1811|1812|1813|1814|1815|1816
Philippine	1809
Philippines	1799|1809
Phuthi	1800
Picuris	1813
Pidgin	1807|1813
Piemont	1797|1800|1802|1804|1809|1812|1813
Pijin	1811
Piman	1813
Piro	1813
Piscataway	1813
Pitcairn	1810
Pitkern	1810|1812
Plains	1813
Plateau	1813
Plautdietsch	1813
Plus	1813
Polski	1799|1802|1809
Pomo	1813
Pomoan	1813
Portugu	1797|1798|1799|1800|1801|1802|1803|1804|1807|1808|1809|1811|1812|1813|1816
Potawatomi	1813
Powhatan	1813
Presidents	1813
Print	1797|1798|1799|1800|1801|1802|1803|1804|1805|1806|1807|1808|1809|1810|1811|1812|1813|1814|1815|1816
Printable	1797|1798|1799|1800|1801|1802|1803|1804|1805|1806|1807|1808|1809|1810|1811|1812|1813|1814|1815|1816
Privacy	1797|1798|1799|1800|1801|1802|1803|1804|1805|1806|1807|1808|1809|1810|1811|1812|1813|1814|1815|1816
Pu-Xian	1799
Pueblos	1813
Pulaar	1807
Q	1813
Qatar	1799|1809
Quileute	1813
Quinault	1813
Quiripi	1813
R	1802|1811|1813
Random	1797|1798|1799|1800|1801|1802|1803|1804|1805|1806|1807|1808|1809|1810|1811|1812|1813|1814|1815|1816
Read	1797|1798|1799|1800|1801|1802|1803|1804|1805|1806|1807|1808|1809|1810|1811|1812|1813|1814|1815|1816
Recent	1797|1798|1799|1800|1801|1802|1803|1804|1805|1806|1807|1808|1809|1810|1811|1812|1813|1814|1815|1816
Reefs	1811
Regional	1809
Related	1797|1798|1799|1800|1801|1802|1803|1804|1805|1806|1807|1808|1809|1810|1811|1812|1813|1814|1815|1816
Rennellese	1811
Republic	1799|1800|1809
Retrieved	1797|1798|1799|1800|1801|1802|1803|1804|1805|1806|1807|1808|1809|1810|1811|1812|1813|1814|1815|1816
Ririo	1811
River	1813
Rom	1813
Romani	1813
Roviana	1811
Runa	1813
Russia	1799|1809
Russian	1813
Rutana	1802
S	1797|1798|1799|1800|1801|1802|1803|1807|1809|1811|1812|1813|1816
Sa'a	1811
Sahaptian	1813
Salinan	1813
Salish	1813
Sama	1809
Sambali	1809
Samoic	1811
Sandy	1813
Sangirese	1809
Santa	1811
Saudi	1799|1809
Savosavo	1811
Scamto	1800
Scotland	1812
Scots	1800|1809|1812|1813
Scouse	1812
Search	1797|1798|1799|1800|1801|1802|1803|1804|1805|1806|1807|1808|1809|1810|1811|1812|1813|1814|1815|1816
Second	1813
See	1797|1798|1799|1800|1801|1802|1803|1804|1805|1806|1807|1808|1809|1810|1811|1812|1813|1814|1815|1816
Sekani	1813
Seletar	1799
September	1813
Serer	1807
Seroa	1800
Services	1800
Seychelles	1797
Seychellois	1797
Shawnee	1813
Shebaya	1816
Sherbro	1798
Shilluk	1801
Shona	1800
Shoshoni	1813
Shuswap	1813
Siculish	1813
Sierra	1798
Sign	1799|1800|1809|1811|1812|1813
Sillok	1802
Simbo	1811
Simi	1813
Simple	1800
Singapore	1799|1809
Singaporean	1799
Singdarin	1799
Singlish	1799
Solomon	1811
Solomonic	1811
Soninke	1807
Sotho	1800
South	1799|1800|1801|1809
Southeast	1799|1809|1811|1813
Southeastern	1813
Southern	1800|1813
Southwestern	1813
Sovereign	1799|1809
Spanglish	1813
Spanish	1809|1813
Speak	1799
Special	1797|1798|1799|1800|1801|1802|1803|1804|1805|1806|1807|1808|1809|1810|1811|1812|1813|1814|1815|1816
Sri	1799|1809
Srpskohrvatski	1797|1802|1808|1812
States	1799|1809|1813|1814
Sua	1798
Subcategories	1799|1800|1802|1807|1808|1809|1812|1813
Sudan	1801|1802
Sudanese	1801|1802
Suffolk	1812
Sungai	1809
Sungor	1802
Suomi	1797|1798|1799|1800|1801|1802|1803|1807|1808|1809|1810|1811|1812|1813|1815
Suri	1801
Surmic	1801
Survey	1812|1813
Susquehannock	1813
Susu	1798
Svenska	1799|1800|1803|1809|1812|1813
Swardspeak	1809
Swazi	1800|1803
Swaziland	1803
Syria	1799|1809
T	1797|1798|1800|1801|1802|1803|1809|1811|1812|1813|1815|1816
Tagalog	1809
Tagbanwa	1809
Taiwan	1799|1809
Tajikistan	1799|1809
Talk	1797|1798|1799|1800|1801|1802|1803|1804|1805|1806|1807|1808|1809|1810|1811|1812|1813|1814|1815|1816
Tama	1802
Tanema	1811
Tanimbili	1811
Taos	1813
Tboli	1809
Teanu	1811
Temein	1802
Temne	1798
Temotu	1811
Template	1800|1803|1809|1813
Tennet	1802
Terms	1797|1798|1799|1800|1801|1802|1803|1804|1805|1806|1807|1808|1809|1810|1811|1812|1813|1814|1815|1816
Territory	1799|1809
Tetepare	1811
Tewa	1813
Texas	1813
Text	1797|1798|1799|1800|1801|1802|1803|1804|1805|1806|1807|1808|1809|1810|1811|1812|1813|1814|1815|1816
Thailand	1799|1809
The	1797|1798|1799|1800|1801|1802|1803|1804|1805|1807|1808|1809|1810|1811|1812|1813|1814|1815|1816
Third	1813
This	1797|1798|1799|1800|1801|1802|1803|1804|1805|1806|1807|1808|1809|1810|1811|1812|1813|1814|1815|1816
Thompson	1813
Tic-tac	1812
Tikopia	1811
Timor	1799|1809
Timor-Leste	1799|1809
Tiruray	1809
Tiwa	1813
Tlingit	1813
Tobago	1816
Tobagonian	1816
Togoyo	1801
Tokelau	1815
Tokelauan	1815
Tombonuwo	1809
Tongva	1813
Toolbox	1797|1798|1799|1800|1801|1802|1803|1804|1805|1806|1807|1808|1809|1810|1811|1812|1813|1814|1815|1816
Top	1813
Toposa	1801
Touo	1811
Trinidad	1816
Trinidadian	1816
Tsimshianic	1813
Tsonga	1800|1803
Tswana	1800
Tulishi	1802
Tumtum	1802
Turkey	1799|1809
Turkmenistan	1799|1809
Turks	1812
Tuscarora	1813
Tuu	1800
Twana	1813
Tweebuffelsmeteenskootmorsdoodgeskietfontein	1800
U	1801|1811|1813
Uduk	1801
Ughele	1811
Ukrainian	1813
Unami	1813
Ungkue	1800
United	1799|1809|1812|1813|1814
Upload	1797|1798|1799|1800|1801|1802|1803|1804|1805|1806|1807|1808|1809|1810|1811|1812|1813|1814|1815|1816
Use	1797|1798|1799|1800|1801|1802|1803|1804|1805|1806|1807|1808|1809|1810|1811|1812|1813|1814|1815|1816
Ute	1813
Uto-Aztecan	1813
Utupua	1811
Uzbekistan	1799|1809
V	1800|1805|1811|1813|1814
Vaeakau-Taumako	1811
Vaghua	1811
Valley	1813
Vangunu	1811
Vanikoro	1811
Vano	1811
Variants	1797|1798|1799|1800|1801|1802|1803|1804|1805|1806|1807|1808|1809|1810|1811|1812|1813|1814|1815|1816
Varisi	1811
Venda	1800
Venture	1813
Vietnam	1799|1809
View	1797|1798|1799|1800|1801|1802|1803|1804|1805|1806|1807|1808|1809|1810|1811|1812|1813|1814|1815|1816
Views	1797|1798|1799|1800|1801|1802|1803|1804|1805|1806|1807|1808|1809|1810|1811|1812|1813|1814|1815|1816
Virgin	1805|1813|1814
Viri	1801
W	1801|1807|1809|1811|1812|1813
Wailaki	1813
Wala	1811
Wales	1812
Wappo	1813
Waray-Waray	1809
Washo	1813
Welsh	1812
Welsh-Romani	1812
West	1801|1812|1813
Western	1800
What	1797|1798|1799|1800|1801|1802|1803|1804|1805|1806|1807|1808|1809|1810|1811|1812|1813|1814|1815|1816
Wichita	1813
Wikimedia	1797|1798|1799|1800|1801|1802|1803|1804|1805|1806|1807|1808|1809|1810|1811|1812|1813|1814|1815|1816
Wikipedia	1797|1798|1799|1800|1801|1802|1803|1804|1805|1806|1807|1808|1809|1810|1811|1812|1813|1814|1815|1816
Winnebago	1813
Wolof	1807
Wolofal	1807
X	1800|1813
Xam	1800
Xegwi	1800
Xhosa	1800
Xiri	1800
Y	1798|1809|1812|1813|1816
Yakan	1809
Yalunka	1798
Yan	1812
Yao	1816
Yemen	1799|1809
Yue	1809
Z	1800|1801|1802|1811|1813
Zabana	1811
Zaghawa	1802
Zande	1801
Zazao	1811
Zealand	1815
Zulu	1800
a	1797|1798|1799|1800|1801|1802|1803|1804|1805|1806|1807|1808|1809|1810|1811|1812|1813|1814|1815|1816
abbreviations	1799|1813
account	1797|1798|1799|1800|1801|1802|1803|1804|1805|1806|1807|1808|1809|1810|1811|1812|1813|1814|1815|1816
additional	1797|1798|1799|1800|1801|1802|1803|1804|1805|1806|1807|1808|1809|1810|1811|1812|1813|1814|1815|1816
ais	1797|1798|1799|1800|1802|1803|1807|1808|1809|1811|1812|1813|1816
alphabet	1802
and	1799|1809|1812|1813|1816
apply	1797|1798|1799|1800|1801|1802|1803|1804|1805|1806|1807|1808|1809|1810|1811|1812|1813|1814|1815|1816
are	1797|1798|1799|1800|1801|1802|1803|1804|1805|1807|1808|1809|1810|1811|1812|1813|1814|1815|1816
article	1797|1798|1799|1800|1801|1802|1803|1804|1805|1806|1807|1808|1809|1810|1811|1812|1813|1814|1815|1816
as	1797|1798|1799|1800|1801|1802|1803|1804|1805|1806|1807|1808|1809|1810|1811|1812|1813|1814|1815|1816
at	1797|1798|1799|1800|1801|1802|1803|1804|1805|1806|1807|1808|1809|1810|1811|1812|1813|1814|1815|1816
available	1797|1798|1799|1800|1801|1802|1803|1804|1805|1806|1807|1808|1809|1810|1811|1812|1813|1814|1815|1816
batulabal	1813
because	1816
bo	1801
bokm	1797|1798|1799|1800|1801|1802|1803|1807|1808|1809|1811|1812|1813|1816
book	1797|1798|1799|1800|1801|1802|1803|1804|1805|1806|1807|1808|1809|1810|1811|1812|1813|1814|1815|1816
by	1797|1798|1800|1801|1802|1803|1804|1806|1807|1808|1809|1810|1811|1812|1813|1815|1816
categories	1799|1809
category	1797|1798|1799|1800|1801|1802|1803|1804|1805|1806|1807|1808|1809|1810|1811|1812|1813|1814|1815|1816
changes	1797|1798|1799|1800|1801|1802|1803|1804|1805|1806|1807|1808|1809|1810|1811|1812|1813|1814|1815|1816
cont	1798|1799|1800|1801|1802|1811|1812|1813|1816
contains	1806
content	1797|1798|1799|1800|1801|1802|1803|1804|1805|1806|1807|1808|1809|1810|1811|1812|1813|1814|1815|1816
country	1797|1798|1800|1801|1802|1803|1804|1806|1807|1808|1809|1810|1811|1812|1813|1815|1816
creole	1809
culture	1797|1798|1799|1800|1801|1802|1803|1804|1805|1806|1807|1808|1809|1811|1812|1813|1814|1815|1816
d'Alene	1813
details	1797|1798|1799|1800|1801|1802|1803|1804|1805|1806|1807|1808|1809|1810|1811|1812|1813|1814|1815|1816
dialect	1800|1801|1809|1812|1813
dialects	1812|1813
e	1797|1799|1800|1802|1809|1812|1813
eastern	1813
education	1799|1812|1813
en	1797|1798|1799|1800|1801|1802|1803|1804|1805|1806|1807|1808|1809|1810|1811|1812|1813|1814|1815|1816
encyclopedia	1797|1798|1799|1800|1801|1802|1803|1804|1805|1806|1807|1808|1809|1810|1811|1812|1813|1814|1815|1816
endangered	1813
esky	1799|1800|1802|1809|1812|1813
events	1797|1798|1799|1800|1801|1802|1803|1804|1805|1806|1807|1808|1809|1810|1811|1812|1813|1814|1815|1816
export	1797|1798|1799|1800|1801|1802|1803|1804|1805|1806|1807|1808|1809|1810|1811|1812|1813|1814|1815|1816
extinct	1813
file	1797|1798|1799|1800|1801|1802|1803|1804|1805|1806|1807|1808|1809|1810|1811|1812|1813|1814|1815|1816
following	1797|1798|1799|1800|1801|1802|1803|1804|1805|1806|1807|1808|1809|1810|1811|1812|1813|1814|1815|1816
for	1797|1798|1799|1800|1801|1802|1803|1804|1805|1806|1807|1808|1809|1810|1811|1812|1813|1814|1815|1816
free	1797|1798|1799|1800|1801|1802|1803|1804|1805|1806|1807|1808|1809|1810|1811|1812|1813|1814|1815|1816
from	1797|1798|1799|1800|1801|1802|1803|1804|1805|1806|1807|1808|1809|1810|1811|1812|1813|1814|1815|1816
grammar	1800|1813
has	1799|1800|1801|1802|1807|1808|1809|1812|1813|1816
here	1797|1798|1799|1800|1801|1802|1803|1804|1805|1806|1807|1808|1809|1810|1811|1812|1813|1814|1815|1816
history	1797|1798|1799|1800|1801|1802|1803|1804|1805|1806|1807|1808|1809|1810|1811|1812|1813|1814|1815|1816
http	1797|1798|1799|1800|1801|1802|1803|1804|1805|1806|1807|1808|1809|1810|1811|1812|1813|1814|1815|1816
ik	1813
immigrants	1813|1816
in	1797|1798|1799|1800|1801|1802|1803|1804|1805|1806|1807|1808|1809|1810|1811|1812|1813|1814|1815|1816
including	1813
index	1797|1798|1799|1800|1801|1802|1803|1804|1805|1806|1807|1808|1809|1810|1811|1812|1813|1814|1815|1816
indigenous	1813
influence	1799
information	1797|1798|1799|1800|1801|1802|1803|1804|1805|1806|1807|1808|1809|1810|1811|1812|1813|1814|1815|1816
into	1809
introduced	1813
is	1797|1798|1799|1800|1801|1802|1803|1804|1805|1806|1807|1808|1809|1810|1811|1812|1813|1814|1815|1816
iwoo	1811
l	1797|1798|1799|1800|1801|1802|1803|1807|1808|1809|1811|1812|1813|1816
language	1797|1798|1799|1800|1801|1802|1803|1804|1805|1806|1807|1808|1809|1810|1811|1812|1813|1814|1815|1816
language-only	1813
languages	1798|1799|1800|1801|1802|1803|1807|1808|1809|1810|1811|1813|1815
last	1797|1798|1799|1800|1801|1802|1803|1804|1805|1806|1807|1808|1809|1810|1811|1812|1813|1814|1815|1816
learn	1797|1798|1799|1800|1801|1802|1803|1804|1805|1806|1807|1808|1809|1810|1811|1812|1813|1814|1815|1816
legend	1813
levelling	1812
limited	1799|1809
link	1797|1798|1799|1800|1801|1802|1803|1804|1805|1806|1807|1808|1809|1810|1811|1812|1813|1814|1815|1816
links	1797|1798|1799|1800|1801|1802|1803|1804|1805|1806|1807|1808|1809|1810|1811|1812|1813|1814|1815|1816
list	1797|1798|1799|1800|1801|1802|1803|1804|1805|1806|1807|1808|1809|1810|1811|1812|1813|1814|1815|1816
literature	1812|1813
m-g	1809
main	1799|1803|1809|1812|1813
many	1816
may	1797|1798|1799|1800|1801|1802|1803|1804|1805|1806|1807|1808|1809|1810|1811|1812|1813|1814|1815|1816
media	1799|1800|1801|1802|1809|1812|1813|1816
menu	1797|1798|1799|1800|1801|1802|1803|1804|1805|1806|1807|1808|1809|1810|1812|1813|1814|1815|1816
modified	1797|1798|1799|1800|1801|1802|1803|1804|1805|1806|1807|1808|1809|1810|1811|1812|1813|1814|1815|1816
more	1797|1798|1799|1800|1801|1802|1803|1804|1805|1806|1807|1808|1809|1810|1811|1812|1813|1814|1815|1816
movement	1813
multilingual	1813
n	1813
n-l	1809
navigation	1797|1798|1799|1800|1801|1802|1803|1804|1805|1806|1807|1808|1809|1810|1811|1812|1813|1814|1815|1816
next	1813
ng	1800
non-profit	1797|1798|1799|1800|1801|1802|1803|1804|1805|1806|1807|1808|1809|1810|1811|1812|1813|1814|1815|1816
not	1797|1798|1799|1800|1801|1802|1803|1804|1805|1806|1807|1808|1809|1810|1811|1812|1813|1814|1815|1816
nynorsk	1797|1798|1799|1800|1802|1803|1809|1812|1813
o	1809|1813
of	1797|1798|1799|1800|1801|1802|1803|1804|1805|1806|1807|1808|1809|1810|1811|1812|1813|1814|1815|1816
ol	1797|1798|1799|1800|1801|1802|1803|1804|1806|1807|1808|1809|1811|1812|1813|1814|1816
oldid	1797|1798|1799|1800|1801|1802|1803|1804|1805|1806|1807|1808|1809|1810|1811|1812|1813|1814|1815|1816
on	1797|1798|1799|1800|1801|1802|1803|1804|1805|1806|1807|1808|1809|1810|1811|1812|1813|1814|1815|1816
only	1806|1808
or	1813
oral	1813
org	1797|1798|1799|1800|1801|1802|1803|1804|1805|1806|1807|1808|1809|1810|1811|1812|1813|1814|1815|1816
organization	1797|1798|1799|1800|1801|1802|1803|1804|1805|1806|1807|1808|1809|1810|1811|1812|1813|1814|1815|1816
other	1799|1809
out	1797|1798|1799|1800|1801|1802|1803|1804|1805|1807|1808|1809|1810|1811|1812|1813|1814|1815|1816
page	1797|1798|1799|1800|1801|1802|1803|1804|1805|1806|1807|1808|1809|1810|1811|1812|1813|1814|1815|1816
pages	1797|1798|1799|1800|1801|1802|1803|1804|1805|1806|1807|1808|1809|1810|1811|1812|1813|1814|1815|1816
people	1813
phonology	1800|1813
php	1797|1798|1799|1800|1801|1802|1803|1804|1805|1806|1807|1808|1809|1810|1811|1812|1813|1814|1815|1816
planning	1799
policy	1797|1798|1799|1800|1801|1802|1803|1804|1805|1806|1807|1808|1809|1810|1811|1812|1813|1814|1815|1816
portal	1797|1798|1799|1800|1801|1802|1803|1804|1805|1806|1807|1808|1809|1810|1811|1812|1813|1814|1815|1816
previous	1813
rbaycanca	1799|1800|1802|1803|1808|1809|1812|1813
recent	1797|1798|1799|1800|1801|1802|1803|1804|1805|1806|1807|1808|1809|1810|1811|1812|1813|1814|1815|1816
recognition	1799|1809
reflect	1797|1798|1799|1800|1801|1802|1803|1804|1805|1806|1807|1808|1809|1810|1811|1812|1813|1814|1815|1816
regionalisms	1800
registered	1797|1798|1799|1800|1801|1802|1803|1804|1805|1806|1807|1808|1809|1810|1811|1812|1813|1814|1815|1816
related	1799|1800|1801|1802|1809|1812|1813|1816
rk	1797|1800|1802|1809|1812|1813
royskt	1813
s	1797|1798|1799|1800|1801|1802|1803|1804|1807|1808|1809|1811|1812|1813|1816
schools	1813
script	1807
scripts	1809
search	1797|1798|1799|1800|1801|1802|1803|1804|1805|1806|1807|1808|1809|1810|1811|1812|1813|1814|1815|1816
sign	1801|1802
slang	1800
slenska	1802
society	1798|1799|1800|1801|1802|1803|1804|1805|1806|1807|1809|1811|1812|1813|1814|1816
spoken	1813|1816
srpski	1813
states	1799|1809
subcategories	1799|1800|1802|1807|1809|1812|1813
subcategory	1808
syllabary	1813
systems	1813
t	1799|1809
tan	1812
tatar	1812
templates	1813
terms	1797|1798|1799|1800|1801|1802|1803|1804|1805|1806|1807|1808|1809|1810|1811|1812|1813|1814|1815|1816
territories	1799|1809
tethera	1812
texts	1813
the	1797|1798|1799|1800|1801|1802|1803|1804|1805|1806|1807|1808|1809|1810|1811|1812|1813|1814|1815|1816
this	1797|1798|1799|1800|1801|1802|1803|1804|1805|1807|1808|1809|1810|1811|1812|1813|1814|1815|1816
title	1797|1798|1799|1800|1801|1802|1803|1804|1805|1806|1807|1808|1809|1810|1811|1812|1813|1814|1815|1816
to	1797|1798|1799|1800|1801|1802|1803|1804|1805|1806|1807|1808|1809|1810|1811|1812|1813|1814|1815|1816
tools	1797|1798|1799|1800|1801|1802|1803|1804|1805|1806|1807|1808|1809|1810|1811|1812|1813|1814|1815|1816
total	1797|1798|1799|1800|1801|1802|1803|1804|1805|1807|1808|1809|1810|1811|1812|1813|1814|1815|1816
trademark	1797|1798|1799|1800|1801|1802|1803|1804|1805|1806|1807|1808|1809|1810|1811|1812|1813|1814|1815|1816
translations	1809
u	1799|1804|1807|1812|1813
under	1797|1798|1799|1800|1801|1802|1803|1804|1805|1806|1807|1808|1809|1810|1811|1812|1813|1814|1815|1816
us	1797|1798|1799|1800|1801|1802|1803|1804|1805|1806|1807|1808|1809|1810|1811|1812|1813|1814|1815|1816
v	1799|1809
version	1797|1798|1799|1800|1801|1802|1803|1804|1805|1806|1807|1808|1809|1810|1811|1812|1813|1814|1815|1816
view	1797|1798|1799|1800|1801|1802|1803|1804|1805|1806|1807|1808|1809|1810|1811|1812|1813|1814|1815|1816
w	1797|1798|1799|1800|1801|1802|1803|1804|1805|1806|1807|1808|1809|1810|1811|1812|1813|1814|1815|1816
was	1797|1798|1799|1800|1801|1802|1803|1804|1805|1806|1807|1808|1809|1810|1811|1812|1813|1814|1815|1816
whether	1813
widely	1816
wikipedia	1797|1798|1799|1800|1801|1802|1803|1804|1805|1806|1807|1808|1809|1810|1811|1812|1813|1814|1815|1816
with	1799|1809
woodlands	1813
words	1800
writing	1813
