'03	1513
-	1497|1498|1499|1500|1501|1502|1503|1504|1505|1506|1507|1508|1509|1510|1511|1512|1513|1514|1515|1516
0	1504|1513|1516
01	1503|1514
019	1516
02	1499
05	1513
08	1508|1510|1512|1516
1	1497|1499|1500|1501|1502|1504|1506|1507|1511|1513|1516
10	1501|1502|1504|1506|1507|1511|1514|1515
100	1515|1516
101	1504
104	1504
105	1504
11	1497|1500|1501|1502|1504|1505|1507
110	1504
112	1504
114	1504
115	1504
12	1498|1499|1500|1501|1502|1503|1504|1506|1507|1509|1516
121	1503|1504
126	1500
13	1497|1498|1500|1501|1504|1506|1507
130	1504
131	1506|1507
137	1501
138	1504
14	1497|1501|1503|1504|1506
15	1497|1500|1501|1502|1504|1506|1507
150	1499
153	1502
157	1504
158	1499
16	1499|1502|1504|1510|1514
168	1499
17	1504|1505|1506|1508
174	1504
18	1497|1500|1501|1504
188	1504
189	1504
19	1497|1501|1502|1503|1507
1951	1515
1952	1515
1953	1515
1954	1515
1955	1505|1515
1956	1505|1515
1957	1505|1515
1958	1505|1515
1959	1505|1515
1960	1505|1515
1961	1505|1515
1962	1515
1963	1515|1516
1964	1515
1965	1515
1966	1515
1967	1515
1968	1515
1969	1515
1970	1515
1971	1515
1972	1515
1973	1515
1974	1515
1975	1515
1976	1515
1977	1515
1978	1515
1979	1515
1980	1515
1980s	1515
1981	1515
1982	1515
1983	1515
1984	1515
1985	1515
1986	1515
1987	1515
1988	1515
1989	1515
199	1502
1990	1515
1990s	1515
1991	1515
1992	1515
1993	1515
1994	1515
1995	1515
1996	1515
1997	1515|1516
1998	1515
1999	1515
19th-century	1506
2	1497|1499|1501|1502|1504|1506|1507|1508|1513|1515|1516
20	1500|1501|1502|1504|1515
200	1515|1516
2000	1515
2000s	1515
2001	1515
2002	1515
2003	1515
2004	1515
2005	1515
2006	1515
2007	1515
2008	1515
2009	1515
2010	1515
2011	1498|1514|1515
2012	1497|1500|1502|1503|1504|1505|1507|1508|1511|1512|1513|1515|1516
2013	1499|1501|1506|1509|1510|1515
207	1504
21	1498|1499|1500|1501|1504|1510|1516
22	1498|1500|1501|1502|1504|1506|1507|1508|1515
23	1497|1501
232	1502
235	1501
238	1499
24	1499|1502|1503|1504|1507|1515
241	1499
25	1497|1500|1511
252	1504
256	1502
26	1501|1502|1504
27	1498|1501|1504|1507|1508|1511
28	1501
281	1515
29	1501|1502|1504|1506|1513
294	1506
3	1497|1498|1499|1500|1501|1502|1504|1506|1507|1508|1511|1515|1516
30	1503|1504|1506|1515
31	1501|1511
33	1499|1501|1504|1506|1507
34	1499|1502|1505|1506
350	1502
36	1499|1504|1508|1510
37	1501|1504|1512
38	1504
385	1504
39	1501
4	1498|1499|1501|1502|1504|1506|1507|1511|1512|1516
40	1500|1515
408	1504
41	1501|1504
42	1499|1504
428	1499
43	1506|1507
44	1502|1503|1504|1511|1515|1516
45	1499|1504
4586	1503
46	1497|1499|1502
465023988	1498
465134596	1514
47	1499|1500|1504|1505
48	1501|1504
481556397	1503
489739822	1513
490993684	1497
493010957	1505
498800755	1508
5	1498|1499|1500|1501|1503|1504|1516
50	1501|1502|1511|1515|1516
505562904	1507
50th	1515
51	1498|1506
515937178	1511
516598638	1512
517351093	1516
52	1504|1506
524076956	1515
524952357	1504
528691183	1500
528969576	1502
53	1504
533103078	1506
533422982	1510
536232041	1501
536628853	1499
536860679	1509
54	1504
542	1506
55	1497|1499
56	1506|1513
57	1501|1504
58	1504
59	1500|1501|1504
595	1506
6	1497|1499|1500|1501|1504|1509
60	1501
61	1500|1506
62	1500|1501|1502
623	1507
63	1511
64	1501|1504
65	1506
66	1503|1504|1509
67	1501|1516
671	1504
675	1501
69	1504
7	1497|1500|1501|1504|1506|1507|1511|1512|1515
70	1500|1502|1504
71	1511|1513
710	1506
73	1507
74	1515
75	1506
76	1499
77	1502
78	1507
8	1499|1501|1502|1504|1507|1508|1511|1512
80	1497|1500|1502
81	1506
815	1506
818	1503
826	1503
828	1503
83	1499|1502
831	1504
84	1509
85	1502
87	1504|1514
870	1506
9	1497|1498|1499|1501|1502|1503|1504|1506|1507|1511|1516
90B	1503
94	1501
95	1504
96	1516
A	1497|1498|1499|1500|1501|1502|1503|1504|1505|1506|1508|1509|1510|1511|1513|1514|1515|1516
AACTA	1505
ABC	1516
ACE	1504
ARINC	1503
ARP4754	1503
Aaradhna	1511
Abel	1504
About	1497|1498|1499|1500|1501|1502|1503|1504|1505|1506|1507|1508|1509|1510|1511|1512|1513|1514|1515|1516
Abracadabra	1516
Academy	1504|1509
Achievement	1504
Acronyms	1503
Actions	1497|1498|1499|1500|1501|1502|1503|1504|1505|1506|1507|1508|1509|1510|1511|1512|1513|1514|1515|1516
Actors	1504
Adam	1514
Adams	1504
Addicted	1516
Addressing	1503
Adult	1515
Advisory	1503
Aerial	1502
Aerobatic	1502
Aeronautical	1503
Aeronautics	1501|1503
Aerospace	1501
Aesthetics	1497
Affection	1516
Affleck	1510
Africa	1505|1516
African-American	1506
Afrikaans	1499|1500|1501|1502|1506
Afternoon	1516
Again	1514|1516
Against	1516
Ain't	1516
Air	1501|1502|1503
Air-ground	1503
AirNav	1503
Airborne	1503
Aircraft	1501|1503
Aircrew	1501
Airfone	1503
Airlines	1501
Airmail	1501
Airplane	1503
Airplay	1515
Airship	1502
Airspace	1503
Airspeed	1501
Akira	1510
Alan	1510
Alarm	1513
Albums	1512|1515
Alemannisch	1499|1501
Alfred	1504
All	1513|1516
All-Americans	1507
Allen	1509|1510
Alley	1516
Almod	1510
Almost	1516
Alone	1516
Alternative	1515
Altman	1510
Always	1516
Am	1511|1512
Amanda	1516
Amazed	1516
Amen	1514
American	1508|1511|1512|1513|1514|1515|1516
Amor	1513
Amy	1516
Anechoic	1503
Ang	1509|1510
Angel	1514|1516
Angeles	1504
Angie	1516
Animation	1497
Anime	1497
Annie's	1516
Anniversary	1515
Another	1516
Anthony	1509
Anything	1516
Apple	1504
April	1513
Aquarius	1516
Arabic	1500
Aragon	1499|1500|1501|1502|1507|1509
Architecture	1497
Are	1514|1516
Arms	1516
Army	1502
Arsi	1504
Art	1498
Arthur	1504
Arthur's	1516
Artist	1504
Arts	1497|1498|1504|1509
Arts_portals	1497
Arts_venues	1498
Asian	1499
Association	1499|1516
Association_football_players	1499
Astronaut	1500
Astronaut-politician	1500
Astronauts	1500
Asturianu	1499|1500|1501
At	1513|1516
Athal	1504
Atlantic	1516
Atmosphere	1501
Attenborough	1509|1510
Attitude	1503
Attribution-ShareAlike	1497|1498|1499|1500|1501|1502|1503|1504|1505|1506|1507|1508|1509|1510|1511|1512|1513|1514|1515|1516
Audio	1504
August	1507
Austin	1516
Australian	1504|1505
Austrian	1504
Automatic	1503
Automation	1503
Autonomous	1503
Autopilot	1503
Ave	1513
Aviation	1501|1502|1503
Aviation-related	1501
Aviator	1502
Aviators	1501|1502
Avidyne	1503
Avildsen	1509
Avionics	1503
Avoidance	1503
Award	1504|1505|1509|1510|1515
Award_winners	1504
Awards	1504|1505|1515
Awards_established_in_1958	1505
Awareness	1503
Away	1514
Az	1499|1500|1507|1511|1512
B	1497|1499|1500|1501|1502|1503|1504|1505|1506|1508|1509|1510|1511|1512|1513|1514|1515|1516
B'Day	1511|1512
BAFTA	1510
BBC	1504
Babe	1516
Baby	1513|1516
Back	1514|1516
Backwoods	1514
Bad	1516
Badge	1505
Bahasa	1499|1500|1501|1502|1503|1504|1506|1507|1511|1513|1515
Bailamos	1516
Bait	1514
Ballet	1497
Balloonists	1502
Band	1516
Banjar	1501
Banjo	1514
Barefoot	1514
Barry	1509
Basa	1511
Baseball	1506
Baseball_players	1506
Basketball	1507
Basketball_players	1507
Batdance	1516
Battle	1516
Bauchklang	1508
Baz	1510
Be	1514|1516
Beat	1516
Beatboxers	1508
Beatboxing	1508
Beatty	1509
Beautiful	1513|1514|1516
Because	1516
Been	1516
Beer	1514
Before	1516
Begin	1514
Being	1514
Believe	1514|1516
Believer	1516
Belisario	1504
Belong	1514
Belongs	1514
Ben	1510|1516
Benefield	1503
Bennie	1516
Bent	1516
Benton	1509
Bernardo	1509
Bertolucci	1509
Best	1509|1510|1513|1516
Best_Director_Academy_Award_winners	1509
Best_Director_BAFTA_Award_winners	1510
Bette	1516
BeyHive	1511
Beyonc	1511|1512|1513|1516
Big	1514|1516
Big_Machine_Records_singles	1514
Bigelow	1509|1510
Bill	1510
Billboard	1515|1516
Billboard_Hot_100_number-one_singles	1516
Billboard_charts	1515
Billie	1516
Bills	1516
Billy	1509|1513|1516
Biographical	1506
Bites	1516
Black	1516
Blame	1516
Blaze	1516
Bleeding	1516
Blind	1503
Blinded	1516
Block	1504
Blondie	1516
Blood	1516
Blue	1505|1516
Boarisch	1499|1501|1504
Bob	1509|1510
Bodied	1513
Bonnie	1513
Boogie	1516
Book	1504|1511
Books	1497|1504
Boom	1516
Bootylicious	1516
Born	1516
Borzage	1509
Bosanski	1498|1499|1500|1501|1504|1507|1509|1511|1512|1513
Boston	1516
Bottle	1516
Bowl	1511
Boy	1513|1514|1516
Boyle	1509|1510
Brake	1503
Branagh	1510
Brand	1516
Brandy	1516
Brasil	1515
Break	1516
Breaking	1516
Breathe	1514
Brezhoneg	1499
Brick	1516
Bridge	1516
British	1505|1508
Broken	1516
Broken-Hearted	1513
Brooks	1509
Brother	1516
Brown	1516
Bubbling	1515
Built-in	1503
Bulgarian	1505
Bump	1516
Burn	1514|1516
Bus	1503
Bush	1502
Butterfly	1516
Buy	1516
By	1514
C	1497|1498|1499|1500|1501|1502|1503|1504|1505|1506|1507|1508|1509|1510|1511|1513|1514|1515|1516
CAS	1504
Calcutta	1516
California	1516
Call	1516
Called	1516
Calypso	1516
Cameron	1509
Can	1516
Can't	1516
Canadian	1508|1515
Candle	1516
Candy	1516
Capra	1509
Car	1516
Caravan	1498
Care	1513
Career	1504|1507
Careless	1516
Caribbean	1516
Carmen	1511
Carol	1509
Carousel	1503
Carroll	1505
Carson	1504
Cartoon	1497
Cat	1516
Cat's	1516
Catal	1499|1500|1501|1502|1506|1507|1509|1511
Categories	1497|1498|1499|1500|1501|1502|1503|1504|1505|1506|1507|1508|1509|1510|1512|1513|1514|1515|1516
Category	1497|1498|1499|1500|1501|1502|1503|1504|1505|1506|1507|1508|1509|1510|1511|1512|1513|1514|1515|1516
Cathy's	1516
Cave	1498
Celebration	1516
Centennial	1504
Center	1504
Centerfold	1516
Century	1499
Change	1514
Changed	1514
Chanyeol	1508
Chapel	1516
Chariots	1516
Charlemagne	1504
Charles	1499
Chart	1515
Charts	1515
Check	1513|1516
Chelsea	1514
Cher	1516
Cherish	1516
Child	1511
China	1506
Chipmunk	1516
Chocolate	1516
Christian	1515
Christmas	1516
Cimino	1509
Cincinnati	1505
Civil	1501|1503
Clark	1504
Clarke	1504
Classics	1504
Claus	1504
Cleo	1504
Clint	1509
Close	1516
Closer	1513
Clover	1516
Clown	1516
Club	1499|1513|1515
Clyde	1513
Coaster	1504
Cockpit	1503
Codd	1504
Coen	1509|1510
Cold	1516
College	1506|1507
Collision	1503
Columbia	1504
Combat	1503
Come	1514|1516
Comics	1497
Coming	1516
Commanders	1500
Commemorative	1505
Commendation	1505
Commercial	1500|1503
Commission	1503
Common	1503
Commons	1497|1498|1499|1500|1501|1502|1503|1504|1505|1506|1507|1508|1509|1510|1511|1512|1513|1514|1515|1516
Communications	1503
Community	1497|1498|1499|1500|1501|1502|1503|1504|1505|1506|1507|1508|1509|1510|1511|1512|1513|1514|1515|1516
Company	1504
Competition	1505
Complex	1503
Comprehensive	1515
Computer	1497
Concorde	1502
Cone	1503
Confessions	1516
Congressional	1504
Consider	1514
Constitutional	1504
Contact	1497|1498|1499|1500|1501|1502|1503|1504|1505|1506|1507|1508|1509|1510|1511|1512|1513|1514|1515|1516
Container	1499|1501|1504
Contemporary	1512|1515
Contents	1497|1498|1499|1500|1501|1502|1503|1504|1505|1506|1507|1508|1509|1510|1511|1512|1513|1514|1515|1516
Controller	1503
Convoy	1516
Cooper	1504
Coppola	1509|1510
Cosmonauts	1500
Costner	1509
Costume	1504
Could've	1516
Countdown	1513
Country	1514|1515
Courage	1504
Course	1503
Crack	1516
Cracklin'	1516
Cradle	1516
Crank	1516
Crazier	1514
Crazy	1513|1514|1516
Cream	1516
Create	1497|1498|1499|1500|1501|1502|1503|1504|1505|1506|1507|1508|1509|1510|1511|1512|1513|1514|1515|1516
Creative	1497|1498|1499|1500|1501|1502|1503|1504|1505|1506|1507|1508|1509|1510|1511|1512|1513|1514|1515|1516
Credit	1501
Creep	1516
Crew	1500
Crighton	1504
Crimson	1516
Crocodile	1516
Cross	1504|1505
Crossroads	1516
Cry	1516
Cuban	1506
Cukor	1509
Cultural	1498
Culture	1497|1504
Cup	1505
Current	1497|1498|1499|1500|1501|1502|1503|1504|1505|1506|1507|1508|1509|1510|1511|1512|1513|1514|1515|1516
Curtiz	1509
Cymraeg	1500|1502|1504|1506
D	1497|1499|1503|1504|1506|1507|1508|1509|1511|1512|1513|1514|1515|1516
DO-160	1503
DO-178B	1503
DO-178C	1503
DO-212	1503
DO-219	1503
DO-254	1503
Da	1516
Daddy	1513
Dance	1497|1513|1515
Dancing	1516
Dangerously	1512|1513
Daniel	1516
Danny	1509|1510
Dansk	1499|1500|1501|1502|1503|1504|1506|1507|1508|1509|1511|1512
Dante	1506
Dark	1516
Data	1503
David	1504|1509|1510
Davis	1516
Dawn	1516
Day	1514|1516
Daydream	1516
Days	1514
Decade-End	1515
December	1498|1500|1502|1514|1516
Deep	1516
Defense	1505
Delbert	1509
Delco	1503
Delight	1516
Delta	1516
Demme	1509
Des'ree	1513
Design	1497|1504|1505
Designers	1504
Destiny's	1511
Deutsch	1497|1499|1500|1501|1502|1503|1504|1506|1507|1508|1511
Diamonds	1516
Diana	1516
Diddy	1516
Didn't	1516
Die	1513
Digital	1503|1515
Dilemma	1516
Directing	1509
Direction	1503
Director	1509|1510
Dirty	1516
Disclaimers	1497|1498|1499|1500|1501|1502|1503|1504|1505|1506|1507|1508|1509|1510|1511|1512|1513|1514|1515|1516
Disco	1516
Disturbia	1516
Diva	1513
Dizzy	1516
Do	1514|1516
Doesn't	1516
Dog	1516
Dokaka	1508
Dolly	1516
Dolnoserbski	1501|1511
Dom	1504
Dominique	1516
Don't	1513|1514|1516
Donate	1497|1498|1499|1500|1501|1502|1503|1504|1505|1506|1507|1508|1509|1510|1511|1512|1513|1514|1515|1516
Doo	1516
Doo-joon	1508
Dooranee	1504
Doping	1499|1506|1507
Douglas	1499
Down	1516
Download	1497|1498|1499|1500|1501|1502|1503|1504|1505|1506|1507|1508|1509|1510|1511|1512|1513|1514|1515|1516
Drama	1504
Drank	1516
Dreaming	1514
Dreams	1498|1513
Dress	1513
Dub	1508
Duck	1516
Due	1499|1501|1504
Dunkley	1507
Dust	1516
Duttweiler	1504
Dynon	1503
E	1499|1500|1501|1503|1504|1505|1506|1509|1513|1514|1515|1516
Eagle	1504
Eagles	1516
Earth	1501|1503
Easton	1516
Eastwood	1509
Easy	1514
Ed	1504
Edens	1514
Edgar	1504
Edge	1514
Edit	1497|1498|1499|1500|1501|1502|1503|1504|1505|1506|1507|1508|1509|1510|1511|1512|1513|1514|1515|1516
Education	1504
Educator	1500
Eesti	1499|1501|1507|1511
Ego	1513
Eileen	1516
Electronic	1503|1515
Electronics	1503
Elia	1509
Embedded	1503
Emerson-Thoreau	1505
Emotions	1516
Empire	1504
En	1515
End	1513
Energy	1504
Engineer	1500
Engineering	1501
English	1499|1500|1502|1506|1507|1509|1511|1512|1513
Enhanced	1503
Enough	1516
Enrique	1516
Entegra	1503
Entertainment	1498|1511
Environmental	1504
Epps	1500
Equipment	1503
Erasmus	1504|1505
Espa	1497|1499|1500|1501|1502|1503|1506|1507|1509|1511|1512|1513|1515|1516
Esperanto	1497|1499|1500|1501|1502|1504|1506|1507
Estefan	1516
Ethernet	1503
Euro	1515
European	1503|1515
Euskara	1499|1500|1501|1502|1506|1507|1509
Ever	1514
Expatriate	1499|1506
Eyes	1516
F	1497|1499|1500|1501|1502|1503|1504|1505|1506|1507|1509|1510|1511|1513|1514|1515|1516
FADEC	1503
FIFA	1499
FLARM	1503
FX	1508
Fabula	1504
Facility	1503
Fairytale	1514
Falling	1516
Falls	1516
Fame	1500|1505|1506
Far	1514
Faroese	1505
Fearless	1514
Featured	1497|1498|1499|1500|1501|1502|1503|1504|1505|1506|1507|1508|1509|1510|1511|1512|1513|1514|1515|1516
February	1499|1501|1509
Feeling	1516
Fellows	1504
Fellowship	1504
Female	1500|1502|1506
Fergie	1516
Fever	1513|1516
Fictional	1499|1500|1502|1506|1507
Fields	1504
Fierce	1511|1512
Fifteen	1514
Fight	1516
Fighting	1513
Fiji	1499|1500
Film	1497|1509|1510
Filmmaker	1504
Films	1509
Fincher	1510
Findin'	1514
Fine	1516
Finland	1504
Fire	1516
First	1501
Flash	1513
Flatts	1514
Flaws	1513
Fleming	1509
Flensburg	1503
Flex	1503
Flight	1501|1502|1503
Florida	1505
Fly	1514
Flying	1502
Folk	1515
Food	1504
Football	1499|1505
Footballer	1505
Footballers	1499
For	1504|1505|1513|1514
Ford	1509|1510
Forever	1514
Forget	1516
Forman	1509|1510
Forsyth	1510
Fosse	1509|1510
Foundation	1497|1498|1499|1500|1501|1502|1503|1504|1505|1506|1507|1508|1509|1510|1511|1512|1513|1514|1515|1516
Four	1516
Fran	1497|1499|1500|1501|1502|1503|1504|1506|1507|1509|1510|1511|1512|1513|1516
Francis	1509|1510
Frank	1509
Franklin	1509
Frazier	1507
Freakum	1513
Fred	1509
Freebird	1516
Freeflying	1501
Freestyle	1499
Friedkin	1509
From	1497|1498|1499|1500|1501|1502|1503|1504|1505|1506|1507|1508|1509|1510|1511|1512|1513|1514|1515|1516
Frysk	1499
Full-Duplex	1503
Funkger	1503
Funny	1516
Futsal	1499
G	1497|1501|1502|1503|1504|1505|1507|1508|1509|1510|1513|1516
G-Dragon	1508
G1000	1503
G3000	1503
GLAAD	1504
GPS	1503
GQ	1504
Gaeilge	1499|1500|1501
Galego	1499|1500|1501|1506|1507|1509
Games	1499|1501|1504
Gang	1516
Garmin	1503
Gatorade	1507
Gemology	1497
Generals	1507
George	1509|1510
Gerald	1504
German	1504
Get	1513|1516
Gets	1514
Getting	1514
Gibson	1509
Giles	1504
Gillham	1503
Girl	1513|1514|1516
Girls	1513|1516
Gitano	1513
Give	1516
Glascock	1504
Glass	1503
Glider	1502
Globe	1504
Globetrotters	1507
Gloria	1516
Glory	1516
Glossaries	1501
Glossary	1503
Go	1514|1516
Gold	1505
Golden	1504
Gone	1514
Good	1514
Got	1513|1514|1516
Gottlieb	1504
Grace	1514
Graffiti	1497
Grammy	1505
Grant	1516
Greece	1515
Greek	1515
Green	1513
Greengrass	1510
Gregory	1514
Grind	1516
Ground	1503
Group	1500
Guidance	1503
Guild	1504
Guitar	1514
Gurls	1516
Guy	1504
Gyrocompass	1503
H	1501|1502|1503|1504|1505|1506|1507|1509|1510|1513|1514|1515|1516
Had	1513
Half	1514
Hall	1500|1502|1504|1505|1506
Halo	1513|1514
Handel	1504
Handling	1503
Hands	1514
Handspring	1504
Hard	1516
Harlem	1507
Harmon	1504
Hartwig	1504
Harvard	1504
Have	1516
Hazanavicius	1509|1510
Hazard	1503
Head-up	1503
Heading	1503
Heart	1514|1516
Heartache	1514
Hearted	1516
Heaven	1514
Helicopter	1502
Helmet-mounted	1503
Help	1497|1498|1499|1500|1501|1502|1503|1504|1505|1506|1507|1508|1509|1510|1511|1512|1513|1514|1515|1516
Her	1514
Herbert	1505
Here	1513|1514
Heritage	1504
Hero	1504|1516
Hidden	1499|1501|1502|1504|1506|1507|1511
High	1507|1516
Hill	1509|1510
Hindi	1499|1500
Hip	1508|1511
Hip-Hop	1515
Hire	1500
History	1501
Hobbs	1503
Hochman	1504
Hold	1514|1516
Holding	1501
Hollywood	1513
Holmenkollen	1504
Holocaust	1504
Honesty	1513
Honor	1502|1504
Honour	1505
Honoured	1505
Hook	1514
Hooked	1516
Hooper	1509
Hopera	1511
Horizontal	1503
Horse	1514
Hot	1515|1516
How	1514
Howard	1509
Hrvatski	1499|1500|1501|1502|1507|1509|1515
Human	1500
Hungarian	1505
Hunk	1516
Hurler	1505
Huston	1509
I	1499|1501|1502|1503|1504|1505|1511|1512|1513|1514|1515|1516
I'm	1516
II	1502|1503|1513|1516
INS	1503
Ido	1499|1500|1502|1507
If	1513|1514
Ig	1504
Iglesias	1516
Images	1511
Impeccable	1505
In	1516
Inc	1497|1498|1499|1500|1501|1502|1503|1504|1505|1506|1507|1508|1509|1510|1511|1512|1513|1514|1515|1516
Independent	1503|1515
Indonesia	1499|1500|1501|1502|1503|1504|1506|1507|1511|1513|1515
Indoor	1499
Inertial	1503
Information	1503
Ingram	1514|1516
Innovations	1504
Instead	1507
Instrument	1503
Instrumentation	1503
Instruments	1503
Integrated	1503
Interaction	1497|1498|1499|1500|1501|1502|1503|1504|1505|1506|1507|1508|1509|1510|1511|1512|1513|1514|1515|1516
Interlingua	1501
International	1500|1501|1505
Iranian	1504
Ireland	1505
Irreemplazable	1512
Irreplaceable	1513
Is	1514|1516
Israel	1505
It	1502|1506|1507|1513|1514|1516
Italia	1504
Italiano	1497|1499|1500|1501|1502|1504|1506|1507|1508|1509|1512|1513
Italy	1506
Iven	1505
J	1500|1503|1504|1507|1509|1510|1511|1513|1514|1515|1516
Jabuti	1505
Jack	1514
Jackson	1509|1510|1516
Jacob's	1504
Jakopi	1504
James	1509|1516
Janet	1516
January	1506|1510
Japan	1504|1506|1515
Jawa	1511
Jay-Z	1511|1513
Jean	1516
Jeanette	1500
Jeff	1508
Jenko	1504
Jerome	1509
Jesus	1514
Jets	1516
Jewel	1514
Jewelry	1497
Jewish	1500|1507
Jimmy	1514
JoJo	1516
Joel	1508|1513
John	1504|1509|1510|1513|1516
Jonathan	1509
Joseph	1509
Jump	1497|1498|1499|1500|1501|1502|1503|1504|1505|1506|1507|1508|1509|1510|1511|1512|1513|1514|1515|1516
Jun-hyung	1508
June	1508
Junebug	1507
Just	1513|1514
Justin	1513
K	1499|1503|1504|1509|1510|1511|1513|1514|1515|1516
K-Ci	1516
K-Pop	1515
KLN	1503
Kalinga	1504
Kat	1513
Kathryn	1509|1510
Kazan	1509
Keep	1514
Kennedy	1504
Kenneth	1510
Kevin	1509
Key	1516
Kick	1514
Kid	1515
Kincheloe	1505
Kind	1514
Kingston	1516
Kissing	1513
Kiswahili	1499|1500|1501|1512|1513|1515
Kitty	1513
Knew	1514
Know	1514
Knowles	1511|1512|1513|1516
Kool	1516
Korea	1515
Kresnik	1504
Krishna	1504
Kubrick	1510
Kurosawa	1510
Kyoto	1504
L	1497|1499|1500|1501|1502|1503|1504|1505|1506|1507|1508|1509|1510|1511|1513|1514|1515|1516
L'amour	1516
L-3	1503
LGBT	1499|1507
Ladies	1513
Lady	1516
Lambda	1504
Landmarks	1504
Languages	1497|1498|1499|1500|1501|1502|1503|1504|1505|1506|1507|1508|1509|1511|1512|1513|1514|1515|1516
Larry	1504
Last	1513|1514
Late	1516
Lateran	1504
Latga	1501
Latin	1515
Latina	1499|1500|1501|1502
Latvie	1497|1499|1500|1501|1502|1504|1506|1507|1512
Laureates	1504
Laurent	1504
Lavergne	1508
Lay	1513
League	1506
Lean	1509
Leave	1516
Lee	1509|1510
Leigh	1510
Lenore	1504
Leo	1509
Leroy	1516
Let	1514|1516
Let's	1513
Levinson	1509
Levstik	1504
Lewis	1505|1509
Liar	1513
Liberty	1504
License	1497|1498|1499|1500|1501|1502|1503|1504|1505|1506|1507|1508|1509|1510|1511|1512|1513|1514|1515|1516
Lietuvi	1499|1500|1502|1507|1511|1512|1513|1515
Life	1513|1516
Lift	1513
Light	1513|1516
Lightning	1503
Like	1513|1514
Limburgs	1499|1500|1501|1502
Lincoln	1504
Ling	1499|1507
Linguapax	1504
Link	1503
Lion	1504
Lips	1514
List	1500|1504|1508|1509|1511|1515|1516
Listen	1513
Lists	1499|1500|1502|1504|1506|1507|1515|1516
Literary	1504
Literature	1497|1505
Little	1513|1516
Live	1512|1516
Livin'	1514
Lloyd	1509
Local	1504
Loeb	1504
Log	1497|1498|1499|1500|1501|1502|1503|1504|1505|1506|1507|1508|1509|1510|1511|1512|1513|1514|1515|1516
Loneliness	1516
Lonesome	1516
Long	1516
Look	1513|1516
Lorenz	1503
Los	1504
Louie	1516
Louis	1510
Love	1512|1513|1514|1516
Loved	1516
Lover	1516
Loves	1516
Lovin'	1514
Loving	1514
Luftwaffe	1503
Luhrmann	1510
M	1497|1498|1500|1501|1502|1503|1504|1505|1506|1507|1508|1509|1510|1513|1514|1516
MIL-STD-1553	1503
MacArthur	1504
Maccabiah	1504
Machine	1514|1516
Magazine	1515
Magyar	1499|1500|1502|1504|1507|1511|1512|1513|1516
Mai	1505
Main	1497|1498|1499|1500|1501|1502|1503|1504|1505|1506|1507|1508|1509|1510|1511|1512|1513|1514|1515|1516
Mainstream	1515
Maintenance	1501
Major	1506
Make	1516
Malle	1510
Malti	1499
Mama	1513
Man	1514|1516
Management	1503
Manga	1497
Mankiewicz	1509
Mann	1509
Manned	1500
Manoeuvring	1503
March	1503
Maria	1513
Marshall	1504
Martin	1509|1510
Masta	1508
Matter	1516
Max	1504
Maxi	1516
May	1497|1505
Maybe	1516
McCarey	1509
McDonald's	1507
McEntire	1514
McGraw	1514
Me	1513|1514|1516
Mean	1514
Measure	1514
Medal	1504|1505
Medalists	1504
Medallion	1504
Media	1504
Medicine	1516
Medley	1516
Mel	1509
Melayu	1499|1500|1501|1503
Memorial	1504
Memory	1514
Mendes	1509
Merit	1504
Mexican	1506
Miami	1516
Mic	1508
Michael	1506|1509|1510|1516
Michel	1508|1509|1510
Mike	1509|1510
Miles	1514
Milestone	1509
Military	1501
Miller	1516
Milo	1509|1510
Mine	1514|1516
Minghella	1509
Minnelli	1509
Minor	1506
Miss	1513
Missing	1502
Mister	1516
Mix	1515
Mobile	1497|1498|1499|1500|1501|1502|1503|1504|1505|1506|1507|1508|1509|1510|1511|1512|1513|1514|1515|1516
Modern	1501
Moffatt	1499
Moment	1516
Monitor	1515
Moon	1500|1516
More	1514|1516
Motion	1509
Mountain	1516
Move	1513
Mr	1504|1516
Multi-function	1503
Museum	1504|1505
Music	1498|1515
Musical	1497
Must	1514
My	1514|1516
Myself	1513
N	1499|1500|1502|1504|1505|1506|1507|1509|1510|1513|1516
NASA	1500
Namespaces	1497|1498|1499|1500|1501|1502|1503|1504|1505|1506|1507|1508|1509|1510|1511|1512|1513|1514|1515|1516
Nami	1504
National	1504|1505|1506|1507
Naturally	1516
Naughty	1513
Naval	1502
Navigation	1497|1498|1499|1500|1501|1502|1503|1504|1505|1506|1507|1508|1509|1510|1511|1512|1513|1514|1515|1516
Navigator	1505
Nederlands	1497|1499|1500|1501|1502|1504|1506|1507|1512|1513|1515
Need	1516
Negro	1506
Netherlands	1506
Network	1503
Never	1513|1514
New	1516
Newell	1510
Next	1516
Nichols	1509|1510
Nicknamed	1499|1506|1507
Nigar	1505
Night	1513|1514|1516
Nights	1514
No	1507|1513|1514|1516
Nobel	1504
Nobody	1516
Norman	1509
Norsk	1499|1500|1501|1502|1504|1505|1506|1507|1509|1512|1513|1516
North	1505
Not	1514
November	1504|1515
Now	1513|1514|1516
Number	1516
Number-one	1516
O	1497|1499|1501|1503|1504|1505|1508|1513|1514|1516
Occitan	1497|1499|1501|1509
Occupations	1501|1502
October	1511|1512|1516
Odds	1516
Off	1513
Oh	1516
Olav	1501|1502
Olemba	1508
Oliver	1509|1510
Olof	1504
On	1514|1516
On-Board	1503
One	1513|1514|1516
Only	1513
Oogie	1516
Oop	1516
Operational	1503
Operations	1505
Order	1503|1504|1505
Ordre	1505
Organisation	1503
Origami	1497
Orleans	1516
Oscar	1509
Our	1514
Ours	1514
Out	1513|1516
Over	1513|1516
P	1497|1498|1499|1500|1501|1502|1503|1504|1505|1506|1507|1508|1509|1510|1511|1512|1513|1514|1515|1516
PDF	1497|1498|1499|1500|1501|1502|1503|1504|1505|1506|1507|1508|1509|1510|1511|1512|1513|1514|1515|1516
Page	1499|1500|1501|1502|1503|1504|1505|1506|1507|1508|1509|1510|1511|1512|1513|1514|1515|1516
Pages	1497|1498|1499|1500|1501|1502|1503|1504|1505|1506|1507|1508|1509|1510|1511|1512|1513|1514|1515|1516
Palme	1504
Pan	1504
Papal	1504
Paparazzi	1503
Papiamentu	1499
Parachuting	1501
Paradise	1516
Park	1508
Parker	1510
Parkwood	1511
Part	1513|1516
Parton	1516
Party	1513
Path	1513
Patti	1516
Paul	1510
Peabody	1504
Peace	1504
Pedro	1510
Pell	1505
Penrose	1504
People	1500|1502|1504
Percussion	1497
Performance	1505
Performing	1498
Permanent	1497|1498|1499|1500|1501|1502|1503|1504|1505|1506|1507|1508|1509|1510|1511|1512|1513|1514|1515|1516
Personal	1497|1498|1499|1500|1501|1502|1503|1504|1505|1506|1507|1508|1509|1510|1511|1512|1513|1514|1515|1516
Peter	1509|1510
Philip	1504
Philosophy	1504
Phone	1513
Photography	1497
Physician	1500
Picture	1509|1514
Pie	1516
Pilot	1505
Plattd	1500
Player	1507|1516
Poetry	1504
Poland	1504
Polanski	1509|1510
Pollack	1509
Polski	1499|1500|1501|1502|1504|1506|1507|1508|1509|1511|1512|1513|1515
Pop	1515
Portable	1503
Portal	1497|1501|1511
Portugu	1497|1499|1500|1501|1502|1503|1504|1506|1507|1508|1509|1511|1512|1513|1515|1516
Postman	1516
Pow	1516
Power	1514
Powered	1501
Powter	1516
Pr	1505
Pray	1514
Pre	1504
Preservation	1504
Pride	1505
Priest	1516
Primary	1503
Prince	1504
Print	1497|1498|1499|1500|1501|1502|1503|1504|1505|1506|1507|1508|1509|1510|1511|1512|1513|1514|1515|1516
Printable	1497|1498|1499|1500|1501|1502|1503|1504|1505|1506|1507|1508|1509|1510|1511|1512|1513|1514|1515|1516
Privacy	1497|1498|1499|1500|1501|1502|1503|1504|1505|1506|1507|1508|1509|1510|1511|1512|1513|1514|1515|1516
Prix	1504|1505
Prize	1504|1505
Program	1500
Project	1503
Proud	1516
Puppet	1504
Purple	1516
Put	1513
Q	1501|1504|1516
Qaboos	1504
Qantas	1501
Qaraqalpaqsha	1499|1500
Queen	1516
Questions	1516
R	1503|1504|1508|1509|1510|1512|1513|1514|1515|1516
R-2508	1503
Rabiya	1504
Rachel	1504
Radar	1503
RadarBox	1503
Radford	1510
Radio	1503|1504|1513|1514|1515
Rain	1516
Random	1497|1498|1499|1500|1501|1502|1503|1504|1505|1506|1507|1508|1509|1510|1511|1512|1513|1514|1515|1516
Rap	1515
Rascal	1514
Rather	1513
Read	1497|1498|1499|1500|1501|1502|1503|1504|1505|1506|1507|1508|1509|1510|1511|1512|1513|1514|1515|1516
Really	1516
Reba	1514
Receiver	1503
Recent	1497|1498|1499|1500|1501|1502|1503|1504|1505|1506|1507|1508|1509|1510|1511|1512|1513|1514|1515|1516
Recipients	1504
Records	1514
Red	1505|1514
Redford	1509
Reds	1505
Reed	1509
Related	1497|1498|1499|1500|1501|1502|1503|1504|1505|1506|1507|1508|1509|1510|1511|1512|1513|1514|1515|1516
Replacement	1503
Reporting	1503
Resentment	1513
Retrieved	1497|1498|1499|1500|1501|1502|1503|1504|1505|1506|1507|1508|1509|1510|1511|1512|1513|1514|1515|1516
Rhythm	1513|1515
Rhythmic	1515
Ribbon	1505
Richard	1509|1510
Richardson	1509
Rick	1508
Ricky	1508
Rihanna	1516
Ring	1513
RingMasters	1515
Ripley	1504
Ripoarisch	1500|1501
Rising	1504
Ro	1504
Robbins	1509
Robert	1509|1510
Rock	1515|1516
Rolf	1504
Rom	1499|1501|1503|1504|1509|1511|1512|1513
Roman	1509|1510
Ron	1509|1516
Ronan	1514
Rose	1504
Rosie	1516
Row	1503
Roy	1509|1510
Rumantsch	1499|1501
Run	1513|1516
Runway	1503
Russian	1503
S	1499|1500|1501|1502|1503|1504|1505|1506|1507|1508|1509|1510|1511|1513|1514|1515|1516
SAGEM	1503
SIGMOD	1504
STANAG	1503
Sacred	1504
Saharien	1505
Said	1514
Sakharov	1504
Sales	1515
Sam	1509
Sara	1514
Sardu	1499
Sasha	1511|1512
Satellite	1503
Satisfied	1514
Scaptia	1511
Schaffner	1509
Schiller	1504
Schlesinger	1509|1510
Schock	1504
Scholars	1504
Scholarship	1504
School	1501|1507
Schoolin'	1513
Sciences	1509
Scorsese	1509|1510
Sean	1516
Search	1497|1498|1499|1500|1501|1502|1503|1504|1505|1506|1507|1508|1509|1510|1511|1512|1513|1514|1515|1516
Searle	1504
Seasons	1516
Security	1505
See	1497|1498|1499|1500|1501|1502|1503|1504|1505|1506|1507|1508|1509|1510|1511|1512|1513|1514|1515|1516
Semi-professional	1506
Senior	1504
Serer	1507
Service	1505
Sexy	1516
Shaggy	1516
Shawty	1516
Sheena	1516
Shelf	1505
Shop	1516
Shot-down	1502
Should've	1514
Show	1515
Shqip	1499|1507|1511
SiSwati	1499
Sicilianu	1499
Sigma	1503
Simple	1499|1500|1502|1506|1507|1509|1511|1512|1513
Singers	1508
Singh	1504
Single	1513
Singles	1514|1515
Sir	1504
Skiller	1508
SkyFlying	1501
Sloven	1499|1500|1501|1502|1504|1506|1507|1509|1511|1512|1513|1515
Small	1514
SmartDeck	1503
Smile	1514
Snappin'	1516
So	1514
Social	1515
Soderbergh	1509
Softly	1516
Solange	1511
Somebody's	1514
Something	1514
Song	1513|1514|1516
Songs	1511|1513|1515
Sony	1504
Sorry	1514
Soul	1512
Soulja	1516
Sound	1516
Space	1500|1501|1503|1504
Spacecraft	1503
Spaceflight	1500
Sparks	1514
Speak	1514
Special	1497|1498|1499|1500|1501|1502|1503|1504|1505|1506|1507|1508|1509|1510|1511|1512|1513|1514|1515|1516
Spencer	1507
Spielberg	1509|1510
Spingarn	1504
Sports	1499|1505|1506|1507
Sportspeople	1505
Sportsperson	1505
Sranantongo	1499
Srpskohrvatski	1501|1502|1507|1509
Staff	1501
Stand	1513
Standard	1503
Stanley	1510
Star	1511|1512|1513
Starr	1516
Start	1513
State	1514
States	1500|1506|1507|1515|1516
Station	1500
Stay	1514
Steve	1516
Steven	1509|1510
Stevens	1509
Sticks	1514
Stoel	1504
Stone	1509|1510
Story	1514
Strange	1514
Street	1507
Stronger	1514
Styx	1516
Subcategories	1497|1498|1499|1500|1501|1502|1503|1504|1506|1507|1508|1509|1511|1512|1515|1516
Suga	1513
Sugar	1516
Sultan	1504
Summertime	1513
Sun	1504|1516
Sunshine	1516
Suomi	1499|1500|1501|1502|1503|1504|1506|1507|1509|1511|1512|1513|1515
Super	1511
Surveillance-Privacy	1503
Sutherland	1505
Svenska	1499|1500|1501|1502|1505|1506|1507|1509|1511|1512|1515
Sweet	1513
Swift	1514
Switched	1503
Sydney	1509
Sylvanus	1505
Synthetic	1503
System	1503
Systems	1503
T	1497|1498|1499|1500|1501|1502|1503|1504|1505|1506|1507|1508|1509|1510|1511|1512|1513|1514|1515|1516
T6NL	1503
TLC	1516
Tachometer	1503
Tactical	1503
Tagalog	1506|1511
Taiwan	1506
Take	1516
Takes	1514
Talented	1504
Talk	1497|1498|1499|1500|1501|1502|1503|1504|1505|1506|1507|1508|1509|1510|1511|1512|1513|1514|1515|1516
Talking	1514
Taurog	1509
Taylor	1514
Tchaikovsky	1505
Teardrop	1516
Teardrops	1514
Tears	1516
Technical	1503
Technology	1504
Telecommunication	1503
Telephone	1513
Television	1497
Template	1511
Templeton	1504
Temptation	1513
Ten	1514
Terminal	1503
Terms	1497|1498|1499|1500|1501|1502|1503|1504|1505|1506|1507|1508|1509|1510|1511|1512|1513|1514|1515|1516
Terrain	1503
Test	1502|1505
Texaco	1505
Text	1497|1498|1499|1500|1501|1502|1503|1504|1505|1506|1507|1508|1509|1510|1511|1512|1513|1514|1515|1516
Textile	1497
Tha	1516
Thacher	1508
Than	1514
That	1513|1514|1516
That's	1514
Thayer	1505
The	1497|1498|1499|1500|1501|1502|1503|1504|1505|1507|1508|1509|1510|1511|1512|1513|1514|1515|1516
Theatre	1497
Theatres	1498
Theme	1516
Thierry	1508
Thing	1513|1516
Think	1516
This	1497|1498|1499|1500|1501|1502|1503|1504|1505|1506|1507|1508|1509|1510|1511|1512|1513|1514|1515|1516
Those	1514
Three	1516
Ti	1499|1500|1501|1502|1504|1509|1511|1512|1513|1515|1516
Ticket	1504
Tidy	1505
Til	1514
Tim	1514
Timberlake	1513
Time	1513|1516
Tina	1511
To	1514
Today	1514
Together	1514|1516
Tom	1509
Tonight	1516
Tony	1509
Too	1514
Toolbox	1497|1498|1499|1500|1501|1502|1503|1504|1505|1506|1507|1508|1509|1510|1511|1512|1513|1514|1515|1516
Top	1504|1513|1515|1516
Toto	1516
Touil-Tartour	1504
Town	1514|1516
Towns	1505
Tracks	1515
Trade	1504
Traffic	1503
Trailing	1503
Trans-oceanic	1501
Transponder	1503
Transport	1500|1501
Treasure	1504
Trialist	1499
Trophy	1505
Trouble	1514
Troubled	1516
Truck	1514
True	1511|1512|1514
Truffaut	1510
Turn	1514
Turner	1508
U	1500|1501|1504|1513|1515|1516
UNESCO	1504
UNESCO-Madanjeet	1504
USA	1514
USSR	1503|1505
Ultralight	1501
Under	1513|1515
Union	1501
United	1500|1506|1507|1515|1516
University	1504
Unpowered	1501
Until	1513
Up	1513|1514|1516
Upgrade	1513
Upload	1497|1498|1499|1500|1501|1502|1503|1504|1505|1506|1507|1508|1509|1510|1511|1512|1513|1514|1515|1516
Us	1514|1516
Use	1497|1499|1500|1501|1502|1503|1504|1505|1506|1507|1508|1509|1510|1511|1512|1513|1514|1515|1516
Usher	1516
V	1497|1498|1499|1503|1504|1508|1511|1512|1513|1516
VHF	1503
VORTAC	1503
Vacate	1503
Variants	1497|1498|1499|1500|1501|1502|1503|1504|1505|1506|1507|1508|1509|1510|1511|1512|1513|1514|1515|1516
Variometer	1503
Velvet	1516
Veps	1499
Veronika	1504
Vi	1499|1500|1501|1502|1504|1509|1511|1512|1513|1515|1516
Victor	1509
Video	1513
Vietnam	1504
View	1497|1498|1499|1500|1501|1502|1503|1504|1505|1506|1507|1508|1509|1510|1511|1512|1513|1514|1515|1516
Views	1497|1498|1499|1500|1501|1502|1503|1504|1505|1506|1507|1508|1509|1510|1511|1512|1513|1514|1515|1516
Vilenica	1498
Vincent	1508
Vincente	1509
Vineeth	1508
Visitor	1498
Visual	1497
Volap	1499
Vu	1513
W	1497|1499|1501|1502|1504|1507|1509|1510|1511|1513|1514|1516
Wah	1516
Wait	1514
Wake	1514
Wall	1516
Want	1516
War	1502|1503
Warren	1509
Was	1513|1514
Wash	1516
Washington	1507
Wasn't	1514
Water	1516
Way	1514|1516
Wayne	1514
Ways	1516
We	1514|1516
Weir	1510
Wembley	1512
Wendell	1507
Wenders	1510
Were	1513|1514
West-Vlams	1499|1500|1501|1502|1507
What	1497|1498|1499|1500|1501|1502|1503|1504|1505|1506|1507|1508|1509|1510|1511|1512|1513|1514|1515|1516
Wheelchair	1507
When	1514
Wherever	1514
Whisper	1516
White	1504|1507|1514|1516
Why	1513|1514
Wide	1514
WikiProject	1497|1511
Wikimedia	1497|1498|1499|1500|1501|1502|1503|1504|1505|1506|1507|1508|1509|1510|1511|1512|1513|1514|1515|1516
Wikipedia	1497|1498|1499|1500|1501|1502|1503|1504|1505|1506|1507|1508|1509|1510|1511|1512|1513|1514|1515|1516
Wilder	1509
Will	1514
William	1509
Willie	1513
Wim	1510
Wind	1516
Wings	1514|1516
Winners	1504|1505
Wise	1509
Wishing	1513
Without	1516
Woman	1513|1514|1516
Women's	1499|1507
Won't	1514
Woody	1509|1510
Work	1513
Workin'	1514
Workout	1513
World	1502|1503|1504|1513
Wreath	1504
Writers	1504
Writing	1497
Wyler	1509
X	1504|1516
XLVII	1511
Y	1503|1504|1508|1513|1514|1516
Y-Ger	1503
Ya	1516
Yeah	1514
Year	1504|1505|1507
Year-End	1515
Years	1505
Yellow	1516
Yong	1508
Yoon	1508
Yor	1499
You	1513|1514|1516
You're	1514|1516
Young	1504|1513
Your	1513|1516
Yours	1511
Z	1501|1502|1504|1509|1516
Zazaki	1501|1502
Zemeckis	1509
Zinnemann	1509
Zipser	1501|1502
_Knowles	1511
_Knowles_albums	1512
_Knowles_songs	1513
a	1497|1498|1499|1500|1501|1502|1503|1504|1505|1506|1507|1508|1509|1510|1511|1512|1513|1514|1515|1516
abbreviations	1503
accidents	1502
account	1497|1498|1499|1500|1501|1502|1503|1504|1505|1506|1507|1508|1509|1510|1511|1512|1513|1514|1515|1516
aces	1502
achievements	1507|1515
acronyms	1503
activities	1501
additional	1497|1498|1499|1500|1501|1502|1503|1504|1505|1506|1507|1508|1509|1510|1511|1512|1513|1514|1515|1516
advisory	1503
after	1511
age	1509
air	1501|1503
aircraft	1501|1503
airplay	1515
ais	1497|1499|1500|1501|1502|1503|1504|1506|1507|1509|1511|1512|1513|1516
album	1511|1512
albums	1511|1512|1513|1515
alert	1503
also	1500|1512|1513|1516
alternative	1515
an	1514
analysis	1503
anc	1504
and	1497|1498|1499|1500|1501|1502|1503|1504|1505|1506|1507|1509|1511|1513|1514|1515|1516
any	1502|1506|1507
applicable	1502|1506|1507
application	1511
apply	1497|1498|1499|1500|1501|1502|1503|1504|1505|1506|1507|1508|1509|1510|1511|1512|1513|1514|1515|1516
are	1497|1498|1499|1500|1501|1502|1503|1504|1505|1507|1508|1509|1510|1511|1512|1513|1514|1515|1516
arrival	1503
article	1497|1498|1499|1500|1501|1502|1503|1504|1505|1506|1507|1508|1509|1510|1511|1512|1513|1514|1515|1516
articles	1502|1506|1507
artist	1512|1513
artists	1512|1515
arts	1497|1498
as	1497|1498|1499|1500|1501|1502|1503|1504|1505|1506|1507|1508|1509|1510|1511|1512|1513|1514|1515|1516
association	1499|1504
astronaut	1500
astronauts	1500
at	1497|1498|1499|1500|1501|1502|1503|1504|1505|1506|1507|1508|1509|1510|1511|1512|1513|1514|1515|1516
attractions	1498
audio	1511
augmentation	1503
autonomous	1503
available	1497|1498|1499|1500|1501|1502|1503|1504|1505|1506|1507|1508|1509|1510|1511|1512|1513|1514|1515|1516
aviation	1501|1502|1503
aviators	1502
avionics	1503
avoid	1502|1506|1507
avoidance	1503
award	1502|1504|1509|1510
award-winners	1504
awarded	1499|1509
awards	1501|1504|1511
awareness	1503
b	1499
bag	1503
baseball	1506
basketball	1507
be	1502|1506|1507
beacon	1503
beam	1503
beatboxers	1508
beatboxing	1508
becoming	1502|1506|1507
been	1509
best-charting	1515
beyonceae	1511
biography	1502|1506|1507
bleu	1516
blues	1513
bokm	1499|1500|1501|1502|1504|1505|1506|1507|1509|1512|1513
book	1497|1498|1499|1500|1501|1502|1503|1504|1505|1506|1507|1508|1509|1510|1511|1512|1513|1514|1515|1516
books	1501
brothers	1509|1510
by	1499|1500|1501|1502|1504|1505|1506|1507|1508|1509|1510|1511|1512|1513|1514|1515|1516
candidates	1500
cases	1499|1506|1507
categories	1499|1501|1502|1504|1506|1507|1511
category	1497|1498|1499|1500|1501|1502|1503|1504|1505|1506|1507|1508|1509|1510|1511|1512|1513|1514|1515|1516
center	1498
centers	1498
centralised	1503
centres	1498
certifications	1501
changes	1497|1498|1499|1500|1501|1502|1503|1504|1505|1506|1507|1508|1509|1510|1511|1512|1513|1514|1515|1516
chart	1515|1516
charts	1515
clothing	1501
club	1499|1507
cockpit	1503
code	1503
collected	1515
collision	1503
committed	1499|1502|1506|1507
communications	1501|1503
companies	1503
compass	1503
competition	1499|1506|1507
competitions	1501
competitors	1499|1506|1507
components	1503
computer	1503
computers	1503
concert	1511
cont	1497|1499|1500|1501|1503|1504|1506|1507|1508|1509|1510|1514|1515|1516
contain	1499|1501|1502|1504|1506|1507
container	1499|1501|1504
contains	1506|1512
content	1497|1498|1499|1500|1501|1502|1503|1504|1505|1506|1507|1508|1509|1510|1511|1512|1513|1514|1515|1516
continent	1501
control	1503
country	1499|1501|1506|1515
covers	1511
d'honneur	1504
dance	1515
data	1503
de	1505
deBenedet	1504
dealing	1515
decade	1515
dependent	1503
der	1504
details	1497|1498|1499|1500|1501|1502|1503|1504|1505|1506|1507|1508|1509|1510|1511|1512|1513|1514|1515|1516
detection	1503
detector	1503
deviation	1503
dicis	1505
died	1499
diffusion	1502|1506|1507
direction	1503
directly	1502|1506|1507
director	1503|1509|1510
directors	1509|1510
discography	1511
display	1503
drug	1506
du	1505
duPont	1504
dual	1499
dynamics	1503
e	1498|1499|1500|1501|1502|1503|1504|1506|1507|1509|1511|1512|1513|1514|1515|1516
emait	1499|1507
en	1497|1498|1499|1500|1501|1502|1503|1504|1505|1506|1507|1508|1509|1510|1511|1512|1513|1514|1515|1516
encyclopedia	1497|1498|1499|1500|1501|1502|1503|1504|1505|1506|1507|1508|1509|1510|1511|1512|1513|1514|1515|1516
entertainer	1508
envelope	1503
environment	1501
equipment	1501|1503
eren	1504
esky	1499|1500|1501|1502|1504|1506|1507|1509|1511|1512|1513|1515
est	1516
established	1505
establishment	1505
establishments	1505
ethnic	1499
events	1497|1498|1499|1500|1501|1502|1503|1504|1505|1506|1507|1508|1509|1510|1511|1512|1513|1514|1515|1516
export	1497|1498|1499|1500|1501|1502|1503|1504|1505|1506|1507|1508|1509|1510|1511|1512|1513|1514|1515|1516
fame	1504
few	1502|1506|1507
file	1497|1498|1499|1500|1501|1502|1503|1504|1505|1506|1507|1508|1509|1510|1511|1512|1513|1514|1515|1516
finance	1501
finder	1503
finding	1503
fixed	1503
flight	1501|1503
flying	1503
following	1497|1498|1499|1500|1501|1502|1503|1504|1505|1506|1507|1508|1509|1510|1511|1512|1513|1514|1515|1516
football	1499
footballers	1499
for	1497|1498|1499|1500|1501|1502|1503|1504|1505|1506|1507|1508|1509|1510|1511|1512|1513|1514|1515|1516
free	1497|1498|1499|1500|1501|1502|1503|1504|1505|1506|1507|1508|1509|1510|1511|1512|1513|1514|1515|1516
frequency	1503
frequent	1502|1506|1507
from	1497|1498|1499|1500|1501|1502|1503|1504|1505|1506|1507|1508|1509|1510|1511|1512|1513|1514|1515|1516
galleries	1498
generally	1506
genre	1508
gion	1504
graphics	1497
ground	1501
groups	1499|1506|1507
halftime	1511
has	1497|1498|1499|1500|1501|1502|1503|1504|1506|1507|1508|1509|1511|1512|1515|1516
have	1500|1509|1516
heading	1503
heads	1501
here	1497|1498|1499|1500|1501|1502|1503|1504|1505|1506|1507|1508|1509|1510|1511|1512|1513|1514|1515|1516
history	1497|1498|1499|1500|1501|1502|1503|1504|1505|1506|1507|1508|1509|1510|1511|1512|1513|1514|1515|1516
hit	1516
hits	1515|1516
honorees	1504
hop	1508
http	1497|1498|1499|1500|1501|1502|1503|1504|1505|1506|1507|1508|1509|1510|1511|1512|1513|1514|1515|1516
if	1502|1506|1507
in	1497|1498|1499|1500|1501|1502|1503|1504|1505|1506|1507|1508|1509|1510|1511|1512|1513|1514|1515|1516
ina	1499|1500|1501|1502|1504|1506|1507|1509|1511|1512|1513|1515
incidents	1502
included	1506
index	1497|1498|1499|1500|1501|1502|1503|1504|1505|1506|1507|1508|1509|1510|1511|1512|1513|1514|1515|1516
indicator	1503
individuals	1504|1507|1509
inductees	1502|1504|1506
inductor	1503
industry	1501
inertial	1503
information	1499|1500|1501|1502|1503|1504|1505|1506|1507|1508|1509|1510|1511|1512|1513|1514|1515|1516
infrastructure	1501
instead	1506
instructors	1502
instrument	1503
instrumental	1516
instruments	1503
integrity	1503
intended	1504
inventors	1502
is	1497|1498|1499|1500|1501|1502|1503|1504|1505|1506|1507|1508|1509|1510|1511|1512|1513|1514|1515|1516
it	1499|1501|1504
its	1499|1501|1504
j	1513
k	1499
ka	1499|1507
kel	1499
killed	1502
knighthoods	1499
l	1499|1500|1501|1502|1504|1505|1506|1507|1509|1512|1513
la	1499|1507
label	1514
landing	1503
languages	1503
large	1502|1506|1507
last	1497|1498|1499|1500|1501|1502|1503|1504|1505|1506|1507|1508|1509|1510|1511|1512|1513|1514|1515|1516
laureates	1504
law	1501
league	1506
learn	1497|1498|1499|1500|1501|1502|1503|1504|1505|1506|1507|1508|1509|1510|1511|1512|1513|1514|1515|1516
licenses	1501
lights	1501
link	1497|1498|1499|1500|1501|1502|1503|1504|1505|1506|1507|1508|1509|1510|1511|1512|1513|1514|1515|1516
links	1497|1498|1499|1500|1501|1502|1503|1504|1505|1506|1507|1508|1509|1510|1511|1512|1513|1514|1515|1516
list	1497|1498|1499|1500|1501|1502|1503|1504|1505|1506|1507|1508|1509|1510|1511|1512|1513|1514|1515|1516
listing	1511
lists	1501
m-g	1499|1500|1501|1504|1506
magazine	1515
main	1500|1501|1503|1506|1507|1511
mainly	1502|1506|1507
maintenance	1502|1506|1507
management	1503
managers	1506
manga	1497
markings	1501
may	1497|1498|1499|1500|1501|1502|1503|1504|1505|1506|1507|1508|1509|1510|1511|1512|1513|1514|1515|1516
mechanical	1501
medalists	1504
media	1499|1500|1501|1502|1503|1504|1506|1507|1508|1511
medicine	1501
megiella	1499|1501
members	1500
menu	1499|1500|1501|1502|1503|1504|1505|1506|1507|1508|1509|1510|1511|1512|1513|1514|1515|1516
meteorology	1501
meter	1503
milestones	1515
ministers	1501
mio	1505
mnemonics	1501
mobile	1511
mode	1501|1503
modified	1497|1498|1499|1500|1501|1502|1503|1504|1505|1506|1507|1508|1509|1510|1511|1512|1513|1514|1515|1516
modular	1503
module	1503
monitor	1503|1515
monitoring	1503
more	1497|1498|1499|1500|1501|1502|1503|1504|1505|1506|1507|1508|1509|1510|1511|1512|1513|1514|1515|1516
moved	1502|1506|1507
museums	1498
music	1515
musician	1508
musicians	1508|1511
n	1499|1501|1503|1504|1509|1511|1512|1513
n'	1516
n-l	1499|1500|1501|1504|1506
named	1511
national	1499
nationality	1499|1500|1502|1504|1506|1507
navigation	1497|1498|1499|1500|1501|1502|1503|1504|1505|1506|1507|1508|1509|1510|1511|1512|1513|1514|1515|1516
neto	1499
next	1515|1516
ng	1499|1500|1501|1502|1504|1509|1511|1512|1513|1515|1516
nguez	1504
no	1511
nominations	1511
non-profit	1497|1498|1499|1500|1501|1502|1503|1504|1505|1506|1507|1508|1509|1510|1511|1512|1513|1514|1515|1516
not	1497|1498|1499|1500|1501|1502|1503|1504|1505|1506|1507|1508|1509|1510|1511|1512|1513|1514|1515|1516
nski	1499|1500|1501|1513
number	1515|1516
number-one	1515|1516
nynorsk	1499|1500|1501|1502|1504|1507|1516
o'	1516
occupation	1500
occupations	1500
of	1497|1498|1499|1500|1501|1502|1503|1504|1505|1506|1507|1508|1509|1510|1511|1512|1513|1514|1515|1516
offenses	1506
officials	1499
ois	1510
ol	1497|1499|1500|1501|1502|1503|1506|1507|1509|1511|1512|1513|1515|1516
oldid	1497|1498|1499|1500|1501|1502|1503|1504|1505|1506|1507|1508|1509|1510|1511|1512|1513|1514|1515|1516
omnidirectional	1503
on	1497|1498|1499|1500|1501|1502|1503|1504|1505|1506|1507|1508|1509|1510|1511|1512|1513|1514|1515|1516
one	1506|1515|1516
only	1499|1501|1504|1506|1509|1512|1516
operations	1501
or	1499|1501|1502|1504|1506|1516
org	1497|1498|1499|1500|1501|1502|1503|1504|1505|1506|1507|1508|1509|1510|1511|1512|1513|1514|1515|1516
organization	1497|1498|1499|1500|1501|1502|1503|1504|1505|1506|1507|1508|1509|1510|1511|1512|1513|1514|1515|1516
organizations	1501
origin	1499
out	1497|1498|1499|1500|1501|1502|1503|1504|1505|1506|1507|1508|1509|1510|1511|1512|1513|1514|1515|1516
over	1516
page	1497|1498|1499|1500|1501|1502|1503|1504|1505|1506|1507|1508|1509|1510|1511|1512|1513|1514|1515|1516
pages	1497|1498|1499|1500|1501|1502|1503|1504|1505|1506|1507|1508|1509|1510|1511|1512|1513|1514|1515|1516
panel	1503
participant	1500
participants	1504
people	1499|1506|1507|1510
perfume	1511|1512
personnel	1502
php	1497|1498|1499|1500|1501|1502|1503|1504|1505|1506|1507|1508|1509|1510|1511|1512|1513|1514|1515|1516
pilot	1503
pilots	1502
pioneers	1502
placed	1507
player	1506
players	1499|1506|1507
playing	1499
policy	1497|1498|1499|1500|1501|1502|1503|1504|1505|1506|1507|1508|1509|1510|1511|1512|1513|1514|1515|1516
portal	1497|1498|1499|1500|1501|1502|1503|1504|1505|1506|1507|1508|1509|1510|1511|1512|1513|1514|1515|1516
portals	1497
position	1499|1506|1507
positions	1500
practitioners	1508
previous	1515|1516
prize	1504
programming	1503
protection	1503
providers	1501
proximity	1503
put	1506
racers	1502
radar	1503
radars	1503
radio	1503|1515
radiotelephone	1503
railway	1505
range	1503
ranks	1500
rbaycanca	1499|1500|1507|1511|1512
reached	1515
received	1511
recent	1497|1498|1499|1500|1501|1502|1503|1504|1505|1506|1507|1508|1509|1510|1511|1512|1513|1514|1515|1516
recipient	1504
recipients	1504
record	1514|1515
recorded	1511
recorder	1503
reference	1503
refers	1501
reflect	1497|1498|1499|1500|1501|1502|1503|1504|1505|1506|1507|1508|1509|1510|1511|1512|1513|1514|1515|1516
registered	1497|1498|1499|1500|1501|1502|1503|1504|1505|1506|1507|1508|1509|1510|1511|1512|1513|1514|1515|1516
related	1499|1500|1501|1502|1503|1504|1506|1507|1508|1511
require	1502|1506|1507
requiring	1502|1506|1507
rite	1505
rk	1498|1499|1500|1501|1502|1503|1504|1506|1507|1509|1511|1512|1513|1514|1515|1516
rkmen	1501
rock	1515
route	1503
royskt	1499
rules	1503
s	1497|1499|1500|1501|1502|1503|1504|1506|1507|1508|1509|1511|1512|1513|1515|1516
safety	1501
samples	1511
schools	1501
scope	1499|1501|1504
search	1497|1498|1499|1500|1501|1502|1503|1504|1505|1506|1507|1508|1509|1510|1511|1512|1513|1514|1515|1516
security	1501
see	1504|1513|1514
service	1501|1503
set	1511
shear	1503
should	1499|1501|1502|1504|1506|1507
show	1511
singles	1511|1514|1515|1516
situation	1503
slenska	1499|1500|1507
soccer	1499
software	1503
song	1513|1514|1516
songs	1511|1512|1513|1515
spaceflight	1500
sport	1499|1506|1507
squads	1499
srpski	1499|1500|1501|1502|1507|1511|1513
standards	1501
state	1501
statistics	1501
status	1504
stubs	1500|1501|1502|1506|1507
subcategories	1497|1498|1499|1500|1501|1502|1503|1504|1506|1507|1508|1511|1515
subcategory	1509|1512|1516
subject	1504
such	1506
suicide	1499|1502|1506|1507
support	1501
surrounding	1501
surveillance-broadcast	1503
suspended	1506
system	1503
systems	1503
t	1499|1500|1501|1502|1503|1504|1509|1511|1512|1513|1515|1516
tatar	1499|1500|1501
team	1499|1506
teams	1507
temp	1503
template	1511
templates	1515
terminal	1503
terms	1497|1498|1499|1500|1501|1502|1503|1504|1505|1506|1507|1508|1509|1510|1511|1512|1513|1514|1515|1516
test	1503
that	1509|1516
the	1497|1498|1499|1500|1501|1502|1503|1504|1505|1506|1507|1508|1509|1510|1511|1512|1513|1514|1515|1516
they	1507
this	1497|1498|1499|1500|1501|1502|1503|1504|1505|1506|1507|1508|1509|1510|1511|1512|1513|1514|1515|1516
those	1506
title	1497|1498|1499|1500|1501|1502|1503|1504|1505|1506|1507|1508|1509|1510|1511|1512|1513|1514|1515|1516
to	1497|1498|1499|1500|1501|1502|1503|1504|1505|1506|1507|1508|1509|1510|1511|1512|1513|1514|1515|1516
too	1502|1506|1507
tools	1497|1498|1499|1500|1501|1502|1503|1504|1505|1506|1507|1508|1509|1510|1511|1512|1513|1514|1515|1516
top	1515
total	1497|1498|1499|1500|1501|1502|1503|1504|1505|1506|1507|1508|1509|1510|1511|1512|1513|1514|1515|1516
tourists	1500
tournament	1499
tours	1511
track	1511
tracks	1515
trademark	1497|1498|1499|1500|1501|1502|1503|1504|1505|1506|1507|1508|1509|1510|1511|1512|1513|1514|1515|1516
traffic	1503
training	1501
transport	1500|1501|1502
tsch	1500
type	1504
tzebuergesch	1499|1500|1501|1502|1507
u	1497|1499|1500|1501|1502|1504|1506|1507|1512
under	1497|1498|1499|1500|1501|1502|1503|1504|1505|1506|1507|1508|1509|1510|1511|1512|1513|1514|1515|1516
unit	1503
us	1497|1498|1499|1500|1501|1502|1503|1504|1505|1506|1507|1508|1509|1510|1511|1512|1513|1514|1515|1516
use	1498
van	1504
var	1510
venues	1498
version	1497|1498|1499|1500|1501|1502|1503|1504|1505|1506|1507|1508|1509|1510|1511|1512|1513|1514|1515|1516
very	1502|1506|1507
video	1512
videography	1511
view	1497|1498|1499|1500|1501|1502|1503|1504|1505|1506|1507|1508|1509|1510|1511|1512|1513|1514|1515|1516
vision	1503
voice	1503
w	1497|1498|1499|1500|1501|1502|1503|1504|1505|1506|1507|1508|1509|1510|1511|1512|1513|1514|1515|1516
walked	1500
warfare	1502
warning	1503
was	1497|1498|1499|1500|1501|1502|1503|1504|1505|1506|1507|1508|1509|1510|1511|1512|1513|1514|1515|1516
where	1502|1506|1507
while	1499
who	1499|1500|1502|1506|1507|1515
whose	1509
wikipedia	1497|1498|1499|1500|1501|1502|1503|1504|1505|1506|1507|1508|1509|1510|1511|1512|1513|1514|1515|1516
wind	1503
wing	1503
winner	1504
winners	1502|1504|1509|1510
with	1499|1511|1514|1515|1516
won	1509
writers	1501
written	1511
year	1505
year-end	1515
zbekcha	1499
