'	1811
'Are'are	1811
-	1777|1778|1779|1780|1781|1782|1783|1784|1785|1786|1787|1788|1789|1790|1791|1792|1793|1794|1795|1796|1797|1798|1799|1800|1801|1802|1803|1804|1805|1806|1807|1808|1809|1810|1811|1812|1813|1814|1815|1816|1817|1818|1819|1820|1821|1822|1823|1824|1825|1826
0	1813|1823
00	1779|1806
01	1783|1791|1792|1797|1801|1805|1815
02	1808|1822
04	1825
05	1789
07	1816
08	1777|1787|1794|1795|1803|1805
09	1785|1788|1808|1817
1	1778|1781|1784|1786|1789|1791|1799|1800|1807|1808|1809|1812|1813|1817|1821|1823|1824|1826
10	1781|1782|1789|1791|1796|1809|1813|1816|1824
102	1826
104	1823
106	1822
11	1787|1789|1791|1799|1809|1812|1813|1823|1824|1825|1826
12	1785|1786|1789|1791|1796|1809|1820|1823|1825
125	1823
126	1809|1813
13	1777|1781|1785|1802|1808|1809|1811|1818|1822
13166	1813
134	1826
137	1822
14	1788|1789|1791|1802|1813|1814|1821|1826
147	1823
15	1782|1783|1784|1790|1791|1799|1802|1811|1813|1817
151	1822
1539	1822
16	1787|1798|1807|1812|1813|1821
17	1783|1791|1792|1793|1797|1804|1810|1812|1814|1820
173	1824
1759	1821
178	1823
18	1780|1786|1791|1792|1800|1802|1805|1806|1813|1815|1817|1818|1821|1824
1833	1823
19	1778|1779|1780|1784|1789|1798|1800|1801|1803|1807|1817|1819|1825|1826
1925	1823
1949	1823
1978	1823
2	1777|1784|1786|1787|1788|1789|1791|1793|1794|1795|1799|1800|1802|1805|1807|1808|1809|1812|1813|1815|1816|1817|1821|1822|1823|1824|1826
20	1791|1792|1793|1801|1803|1807|1819|1821|1824
200	1787|1791|1813|1821|1822|1823
2000	1825
2003	1822
2004	1825
2008	1825
2010	1825
2011	1825|1826
2012	1777|1781|1782|1785|1790|1791|1793|1799|1804|1805|1806|1808|1809|1810|1811|1813|1814|1815|1818|1819|1822|1823|1824|1825
2013	1778|1779|1780|1783|1784|1786|1787|1788|1789|1792|1794|1795|1796|1797|1798|1800|1801|1802|1803|1807|1812|1816|1817|1820|1821
204	1824
209	1813
21	1786|1789|1796|1813|1826
22	1786|1789|1791|1800|1804|1813|1823|1825|1826
222	1823
225	1787
23	1791|1793|1813|1824
24	1781|1809|1813|1815|1823
246	1823
25	1813|1826
253	1825
260	1822
264	1823
27	1779|1797|1809|1813|1823|1824
28	1804|1812|1813
29	1789|1791|1807
3	1781|1786|1789|1791|1794|1795|1797|1799|1800|1802|1804|1807|1809|1810|1812|1813|1814|1821|1826
30	1778|1790|1802|1813|1825
31	1789|1809|1818|1824
32	1784|1821
33	1787
336	1823
337	1821
34	1789|1821
341	1823
35	1795
353	1791
36	1794
362	1821
364	1823
367	1823
37	1782|1791
38	1809
39	1781|1798|1813|1818|1819
4	1781|1782|1784|1785|1787|1789|1791|1796|1802|1809|1812|1813|1818|1820|1821|1823|1824|1825|1826
40	1821|1822
41	1812
414852566	1826
422	1823
43	1820
432	1821
45	1789|1802|1809|1821
46	1791|1799|1816
47	1786|1817
48	1796|1812
49	1777
5	1781|1787|1789|1791|1799|1800|1809|1813|1817|1822|1825
50	1810
505083068	1809
51	1800|1809|1823
514033636	1813
518332474	1814
518359095	1810
518401571	1804
518408948	1793
518423357	1806
518424574	1805
518424829	1791
518426725	1815
519144969	1825
52	1791|1814
521833958	1811
521978420	1782
522057443	1819
522163292	1799
522751532	1822
526876805	1790
527347459	1781
527695597	1785
527833460	1777
527834199	1808
529964352	1823
53	1788|1801|1823
530595249	1824
530644955	1818
530883585	1816
530888068	1795
530888150	1794
531993182	1786
532357496	1796
533008664	1788
533456748	1783
533457162	1792
533458132	1797
533693416	1802
533883739	1780
533884080	1779
533885293	1817
533886106	1784
533886970	1800
533888001	1778
533889182	1798
533891859	1801
533892739	1803
533895323	1807
534036581	1821
535466962	1789
536174608	1812
536505232	1820
537397525	1787
54	1825
541	1822|1823
56	1823
57	1812
58	1780|1791
59	1791|1806|1818
597	1823
6	1783|1786|1787|1789|1790|1791|1792|1802|1803|1812|1813|1823|1824|1826
60	1813|1823
61	1791|1813
622	1823
63	1821
64	1821
65	1823
666	1823
69	1821
7	1778|1782|1789|1790|1791|1800|1809|1811|1812|1813|1817|1822|1823|1824
73	1825
74	1789|1821|1822
77	1811|1822
8	1778|1782|1786|1800|1813|1817|1819
81	1781|1791|1792
82	1821|1824
83	1823
844	1822
88	1823
9	1780|1787|1789|1791|1799|1812|1813|1823|1825|1826
91	1825
97	1821
99	1823
A	1781|1784|1787|1791|1794|1800|1801|1802|1809|1811|1812|1813|1816|1817|1818|1821|1822|1823|1824|1825
Aarbakke	1822
Aarhus	1823
Ab	1821
Abady	1822
Abaga	1791
Abai	1809
Abanyom	1787
Abatement	1823
Abdul	1822
Abdullah	1822
Abelam	1791
Abkhazia	1781|1789|1799|1809
Aborlan	1809
Abortion	1823
Abouhamad	1822
About	1777|1778|1779|1780|1781|1782|1783|1784|1785|1786|1787|1788|1789|1790|1791|1792|1793|1794|1795|1796|1797|1798|1799|1800|1801|1802|1803|1804|1805|1806|1807|1808|1809|1810|1811|1812|1813|1814|1815|1816|1817|1818|1819|1820|1821|1822|1823|1824|1825|1826
Abraham	1822
Abstractor	1823
Academy	1809|1813
Acadian	1813
Accident	1823
Accius	1822
Acholi	1801|1817
Acholonu	1822
Act	1823
Actions	1777|1778|1779|1780|1781|1782|1783|1784|1785|1786|1787|1788|1789|1790|1791|1792|1793|1794|1795|1796|1797|1798|1799|1800|1801|1802|1803|1804|1805|1806|1807|1808|1809|1810|1811|1812|1813|1814|1815|1816|1817|1818|1819|1820|1821|1822|1823|1824|1825|1826
Ad	1821
Adai	1813
Adama	1822
Adamawa	1787
Adhola	1817
Adjora	1791
Administration	1823
Administrative	1823
Admiralty	1791
Adoption	1823
Adult	1823
Advice	1823
Advisory	1823
Ae	1791
Afade	1787
Afemai	1787
Afghanistan	1781|1789|1799|1809|1823
Afitti	1802
Africa	1778|1779|1780|1783|1784|1787|1792|1797|1798|1800|1801|1802|1803|1807|1817|1819|1820|1824
African	1800|1823
AfricanLII	1823
Africana	1821
Afrikaans	1778|1784|1786|1787|1800|1803|1812|1813|1819|1820|1821|1824
Afro-Seminole	1813
Aftermath	1825
Afzelius	1822
Agacka-Indecka	1822
Against	1823
Agarabi	1791
Agger	1821
Agnoscere	1821
Agreement	1823
Agri	1821
Aguilar	1822
Agutaynen	1809
Ahmad	1822
Ahmadi	1822
Ahmed	1822|1824
Ahmet	1822
Aiome	1791
Airlines	1825
Aja	1801
Akadl	1822
Ake	1787
Akehurst	1822
Akhlaghi	1822
Akhoe	1784|1800
Akiwumi	1822
Akuffo	1822
Alabama	1813
Alada	1787
Alamblak	1791
Alamo	1825
Alankoja	1822
Alaska	1813
Albert	1822
Alea	1821
Alekano	1791
Alexander	1822
Alexei	1822
Algeria-law-bio-stub	1822
Algonquian	1813
Algonquin	1813
Alice	1822
Allan	1824
Alliance	1823
Alma	1821
Alo-Teqel	1818
Alter	1821
Alumu	1787
Alur	1817
Amal	1791
Amanab	1791
Amara	1791
Amasea	1824
Amba	1817
Ambae	1818
Ambakich	1791
Ambulance	1823
Ameganvi	1824
Amendment	1823
America	1813
American	1813|1822
Amin	1822
Aminoff	1822
Ammar	1822
Amor	1821
Amto	1791
Amylacea	1821
An	1791
Anaang	1787
Analytical	1823
Ancient	1821
Andai	1791
Andarum	1791
Anders	1822
Andrassy	1822
Andrew	1822|1824
Aneityum	1818
Angaataha	1791
Angan	1791
Anglo-Norman	1812
Anglo-Welsh	1812
Angloromani	1812|1813
Anguillan	1812
Animal	1823
Anishinaabe	1813
Ankave	1791
Annex	1823
Anno	1821
Annus	1821
Anor	1791
Ant	1822
Antedated	1823
Anthems	1826
Anthony	1822
Anti-discrimination	1823
Antillean	1794
Anton	1822
Antonio	1822
Antonius	1822
Antons	1822
Anuki	1791
Anuta	1811
Anwer	1822
Apache	1813
Apinelu	1822
Apma	1818
Appeal	1822|1823
Appearance	1823
April	1825
Arab	1781|1789|1799|1809
Arabia	1781|1789|1799|1809
Arabic	1787|1801|1802|1816
Arafundi	1791
Aragon	1784|1800|1802|1812|1813|1824
Araki	1818
Arapaho	1813
Arapahoan	1813
Arapesh	1791
Arbitration	1823
Arborea	1822
Archer	1822
Argentine	1823
Argentum	1821
Arguendo	1821
Ari	1791
Aringa	1817
Armenia	1781|1789|1799|1809
Armeniaca	1821
Armenian	1813
Arne	1822
Arnfinn	1822
Arnon	1822
Arop-Lokep	1791
Arosi	1811
Ars	1821
Arsan	1822
Art	1823
Articled	1823
Articles	1777|1788|1808|1810|1811|1815|1818|1823
Aruamu	1791
Arumaeus	1822
Asbj	1822
Asega-b	1823
Asher	1822
Ashraf	1822
Asia	1781|1789|1799|1809
Asian	1823
Askopan	1791
Aslian	1781
Asmat	1791
Asphalt	1821
Associate	1823
Association	1823
Asterius	1824
Asturianu	1824
Asu	1787
Asumboa	1811
Ata	1791
Atakapa	1813
Athanasios	1822
Atsugewi	1813
Attisso	1822
Attorney	1823|1824
Attorneys	1823|1824
Attribution-ShareAlike	1777|1778|1779|1780|1781|1782|1783|1784|1785|1786|1787|1788|1789|1790|1791|1792|1793|1794|1795|1796|1797|1798|1799|1800|1801|1802|1803|1804|1805|1806|1807|1808|1809|1810|1811|1812|1813|1814|1815|1816|1817|1818|1819|1820|1821|1822|1823|1824|1825|1826
Auckland	1823
Auctor	1821
Auctoritas	1821
Aulua	1818
Australia	1823
Australia-law-stub	1823
Australian	1822|1823
Austronesian	1791
Authority	1789
Autonomous	1791
Ave	1821
Aviation	1823
Avogadro	1822
Avokaya	1801
Avtonomov	1822
Awad	1791
Awak	1787
Awan	1822
Awin	1791
Awiyaana	1791
Ayensu	1822
Az	1778|1779|1781|1782|1784|1785|1786|1787|1789|1791|1792|1799|1800|1802|1803|1808|1809|1812|1813|1817|1819|1820
Azerbaijan	1781|1789|1799|1809|1823
Azerbaijani	1823
Azo	1822
Azuela	1822
B	1779|1781|1783|1784|1787|1789|1791|1798|1801|1802|1804|1807|1809|1811|1812|1813|1817|1818|1819|1821|1822|1823|1824|1825
Baa	1787
Babatana	1811
Bacama	1787
Bade	1787
Baeggu	1811
Bagirmi	1801
Bagobo	1809
Bahamas	1804
Bahamian	1804
Bahasa	1780|1781|1783|1784|1787|1791|1792|1800|1803|1807|1809|1812|1813|1821|1823|1824
Bahrain	1781|1789|1799|1809
Bai	1801
Baibai	1791
Baidu	1823
Baidya	1822
Bailiwick	1823
Baining	1791
Bajaw	1781|1809
Baka	1801
Balanta	1807
Baldo	1822
Balduinus	1822
Bali	1787
Balochi	1789
Balti	1789
Bambukic	1787
Banafsheh	1822
Banaro	1791
Banda	1801
Bandi	1779
Bang	1822
Banggi	1809
Bangladesh	1781|1789|1799|1809
Bangwinji	1787
Bankruptcy	1823
Bannerman	1822
Bannoni	1791
Bantu	1817
Bar	1823
Bar-Tov	1822
Barbados	1823
Barbosa	1822
Bari	1801|1817
Bariai	1791
Bariba	1787
Barkul	1787
Bart	1822
Barth	1822
Barton	1822
Barupu	1791
Basa	1787|1813
Basa-Benue	1787
Basin	1813
Bassa	1779
Bassam	1822
Bata	1787
Batek	1781
Battle	1825
Baudrit	1822
Bauro	1811
Bawang	1781
Bay	1791|1818|1823
Beboid	1787
Beja	1802
Bel	1791
Belait	1781
Belanda	1801
Belchior	1822
Beli	1801
Bella	1821
Belli	1822
Bellum	1821
Bellwether	1823
Bemba	1819
Bench	1823
Benjamin	1824
Beri	1781
Bermudian	1812
Bern	1822
Bernal	1822
Bernard	1822
Bernt	1822
Berom	1787
Berrefjord	1822
Berta	1802
Bete	1787
Beth	1822
Beware	1823
Bhojpuri	1783
Bhutan	1781|1789|1799|1809
Biatah	1781
Bible	1809
Bicol	1809
Bicycle	1823
Big	1818
Bikol	1809
Bil	1791
Bilingual	1813
Bill	1823
Billy	1822
Biloxi	1813
Bilua	1811
Bimbashi	1802
Bimin	1791
Binanderean	1791
Bing	1791
Bipi	1791
Birgid	1802
Birss	1822
Biseni	1787
Bisexual	1826
Bislama	1818
Blaan	1809
Blablanga	1811
Black	1784|1825
Blackfoot	1813
Blackie	1822
Board	1800
Boarisch	1800|1821
Bodies	1823
Body	1826
Boga	1787
Boghom	1787
Boiken	1791
Boka	1822
Bola	1791
Bole	1787
Bologna	1822
Bongo	1801
Bonus	1823
Border	1791
Bornean	1781
Boroevic	1822
Borong	1791
Bosanski	1784|1787|1792|1809|1817|1821|1824
Bosavi	1791
Bosmun	1791
Bossuyt	1822
Bougainville	1791
Boyac	1822
Braendli	1822
Brahman	1791
Brammertz	1822
Bratholm	1822
Brazil	1823
Bread	1821
Brehon	1823
Brendel	1822
Brenkman	1822
Breri	1791
Brezhoneg	1778|1779|1780|1781|1782|1784|1786|1787|1789|1791|1798|1799|1800|1801|1802|1803|1807|1809|1812|1813|1817|1818|1819|1820|1821
Britain	1791|1812
British	1781|1789|1799|1805|1809|1812
Broad	1826
Bronze	1825
Brummie	1812
Brunei	1781|1789|1799|1809
Brusho	1789
Brusiin	1822
Brute	1821
Bughotu	1811
Buginese	1781
Bukar	1781
Bukawa	1791
Bulaka	1791
Bullom	1798
Bulu	1791
Bumin	1822
Bura	1787
Bure	1787
Buried	1823
Burig	1789
Burkard	1822
Burlaw	1823
Burma	1781|1789|1799|1809
Burmbar	1818
Buru	1787
Burum	1791
Burushaski	1789
Busa	1791
Butrio	1822
Bwile	1784|1819
C	1778|1780|1781|1782|1786|1787|1789|1791|1792|1799|1800|1802|1807|1808|1809|1811|1812|1813|1816|1817|1818|1819|1820|1821|1822|1823|1824|1825|1826
CAR	1801
COFEPOSA	1823
Cab-rank	1823
Cabedo	1822
Cables	1823
Caddell	1822
Caddo	1813
Caflisch	1822
Cahto	1813
Caicos	1812
Cajun	1813
Cakfem-Mushere	1787
Calamian	1809
California	1813|1823
Call	1823
Calonius	1822
Calvert	1822
Calvo	1822
Cambodia	1781|1789|1799|1809
Cameroon	1823
Campa	1822
Can	1822
CanLII	1823
Canada	1813|1823|1826
Canada-law-bio-stub	1823
Canada-law-stub	1823
Canada-related	1823
Canadian	1822|1823
Cangin	1807
Canon	1821
Cantonese	1781|1786|1809|1813
Cantor	1821
Cape	1800|1823
Capital	1823
Caput	1821
Cardiff	1812
Carib	1795|1816
Caribbean	1805|1814|1816
Carlos	1822
Carolina	1813|1822
Carpathian	1813
Carpizo	1822
Case	1823
CaseMap	1823
Cases	1823
Caspi	1822
Cassia	1821
Cassius	1822
Castro	1822
Castrum	1821
Catacombs	1826
Catal	1784|1787|1800|1819|1821|1823|1824
Catawban	1813
Categories	1777|1778|1779|1780|1781|1782|1783|1784|1785|1786|1787|1788|1789|1790|1791|1792|1793|1794|1795|1796|1797|1798|1799|1800|1801|1802|1803|1804|1805|1806|1807|1808|1809|1810|1811|1812|1813|1814|1815|1816|1817|1818|1819|1820|1821|1822|1823|1824|1825|1826
Category	1777|1778|1779|1780|1781|1782|1783|1784|1785|1786|1787|1788|1789|1790|1791|1792|1793|1794|1795|1796|1797|1798|1799|1800|1801|1802|1803|1804|1805|1806|1807|1808|1809|1810|1811|1812|1813|1814|1815|1816|1817|1818|1819|1820|1821|1822|1823|1824|1825|1826
Cathinco	1822
Cattan	1822
Cause	1823|1824
Cayman	1806
Caymanian	1806
Cayuga	1813
Cebuano	1809|1824
Cecil	1822
Celeritas	1821
Celsus	1821|1822
Census	1821
Centenarium	1821
Centlivres	1822
Central	1791|1809|1811|1813|1818
Ceremonial	1823
Cervix	1821
Cf	1821
Chaci	1822
Chad	1823
Chadian	1787|1802
Chamba	1787
Chan	1822
Charles	1822
Charter	1823
Chaudhry	1822
Chavacano	1809
Cheema	1822
Cheke	1811
Chemakum	1813
Chen	1822
Cheq	1781
Cher	1826
Chernobyl	1825
Cherokee	1813
Cheung	1822
Chevak	1813
Chewa	1780|1819|1820
Chhachi	1789
Chibly	1822
Chickasaw	1813
Chief	1823
Chieng	1822
Child	1823
Chilean	1823
Chimariko	1813
Chimbu	1791
Chin	1822
China	1781|1789|1799|1809|1823
Chinese	1781|1786|1799|1809|1813|1823
Chinookan	1813
Chippewa	1813
Chiriboga	1822
Chishti	1822
Chitimacha	1813
Choctaw	1813
Choiseul	1811
Chokwe	1819
Chomatenos	1822
Chong	1822
Choper	1823
Christiansen	1822
Christmas	1781|1789|1799|1809
Christus	1821
Chunga	1822
Cibak	1787
Cin	1822
Cineni	1787
Cipu	1787
Circa	1821
City	1823
Civil	1823
Civis	1821
Ciwogai	1787
Cleaner	1823
Clement	1822
Clerical	1823
Clericus	1821
Clive	1822
Coast	1813
Coastal	1781
Cobeham	1822
Cochlearium	1821
Cockar	1822
Cockney	1812
Cocos	1781|1789|1799|1809
Code	1823
Coded	1781
Coenaculum	1821
Coeur	1813
Coffee	1823
Cognoscere	1821
Cohen	1822
Colbj	1822
Colin	1822
Collateral	1823
Collectarium	1821
Collegatary	1823
Colonial	1813
Colorado	1813
Colors	1826
Comanche	1813
Combinatio	1821
Commercial	1823
Commission	1822|1823
Committee	1823
Commons	1777|1778|1779|1780|1781|1782|1783|1784|1785|1786|1787|1788|1789|1790|1791|1792|1793|1794|1795|1796|1797|1798|1799|1800|1801|1802|1803|1804|1805|1806|1807|1808|1809|1810|1811|1812|1813|1814|1815|1816|1817|1818|1819|1820|1821|1822|1823|1824|1825|1826
Commonwealth	1823
Communal	1823
Commune	1821
Communis	1821
Communitas	1821
Community	1777|1778|1779|1780|1781|1782|1783|1784|1785|1786|1787|1788|1789|1790|1791|1792|1793|1794|1795|1796|1797|1798|1799|1800|1801|1802|1803|1804|1805|1806|1807|1808|1809|1810|1811|1812|1813|1814|1815|1816|1817|1818|1819|1820|1821|1822|1823|1824|1825|1826
Compulsory	1823
Computational	1823
Computer-assisted	1823
Conation	1821
Concentrate	1826
Conciliabulum	1821
Condit	1822
Congress	1813
Connivance	1823
Consequences	1825
Constant	1823
Constitution	1823
Constitutional	1823
Construction	1823
Consubstantiality	1821
Consumer	1823
Contact	1777|1778|1779|1780|1781|1782|1783|1784|1785|1786|1787|1788|1789|1790|1791|1792|1793|1794|1795|1796|1797|1798|1799|1800|1801|1802|1803|1804|1805|1806|1807|1808|1809|1810|1811|1812|1813|1814|1815|1816|1817|1818|1819|1820|1821|1822|1823|1824|1825|1826
Contemptus	1821
Contents	1777|1778|1779|1780|1781|1782|1783|1784|1785|1786|1787|1788|1789|1790|1791|1792|1793|1794|1795|1796|1797|1798|1799|1800|1801|1802|1803|1804|1805|1806|1807|1808|1809|1810|1811|1812|1813|1814|1815|1816|1817|1818|1819|1820|1821|1822|1823|1824|1825|1826
Contiguous	1823
Continuing	1823
Control	1823
Convention	1823
Conveyancer	1823
Cook	1786
Copyright	1823
Corbett	1822
Corboz	1822
Core	1823
Cori	1787
Cornish	1812
Corporation	1823
Costa	1822
Cottle	1822
Council	1782|1823
Counter	1823
Countersign	1823
Country	1812
Court	1823
Courts	1823
Coverage	1823
Cowlitz	1813
Create	1777|1778|1779|1780|1781|1782|1783|1784|1785|1786|1787|1788|1789|1790|1791|1792|1793|1794|1795|1796|1797|1798|1799|1800|1801|1802|1803|1804|1805|1806|1807|1808|1809|1810|1811|1812|1813|1814|1815|1816|1817|1818|1819|1820|1821|1822|1823|1824|1825|1826
Creative	1777|1778|1779|1780|1781|1782|1783|1784|1785|1786|1787|1788|1789|1790|1791|1792|1793|1794|1795|1796|1797|1798|1799|1800|1801|1802|1803|1804|1805|1806|1807|1808|1809|1810|1811|1812|1813|1814|1815|1816|1817|1818|1819|1820|1821|1822|1823|1824|1825|1826
Credit	1823
Cree	1813
Creole	1783|1793|1794|1795|1797|1804|1805|1812|1813|1814|1816
Crime	1823
Criminal	1823
Crist	1822
Croatian	1823
Crop	1823
Crown	1823
Crump	1822
Cruz	1811
Cryptography	1823
Csemegi	1822
Cuba-law-bio-stub	1822
Cueva	1822
Cultural	1825
Culture	1813
Cup	1813
Cup'ig	1813
Current	1777|1778|1779|1780|1781|1782|1783|1784|1785|1786|1787|1788|1789|1790|1791|1792|1793|1794|1795|1796|1797|1798|1799|1800|1801|1802|1803|1804|1805|1806|1807|1808|1809|1810|1811|1812|1813|1814|1815|1816|1817|1818|1819|1820|1821|1822|1823|1824|1825|1826
Curriculum	1821
Custos	1821
Cutler	1822
Cymraeg	1787|1789|1800|1812|1813|1821|1823|1824
Cypriot	1823
Cyprus	1781|1782|1789|1799|1809
Czes	1822
Czypicki	1822
D	1779|1781|1787|1789|1791|1801|1802|1807|1811|1812|1813|1818|1821|1822|1823|1824|1825|1826
DRM	1823
Daba	1787
Dacorum	1821
Dadibi	1791
Dadiya	1787
Daka	1787
Dakaka	1818
Dakoid	1787
Damakawa	1787
Damaseb	1822
Damnatio	1821
Dams	1822
Dan	1779
Daniel	1822
Dano	1791
Dansk	1821|1822|1824
Dardic	1789
Dari	1789
Daro-Matu	1781
Dashdondog	1822
Dass	1787
Data	1823
Daughter	1826
David	1822
Dazawa	1787
De	1821|1822|1823
Death	1823|1825
December	1777|1781|1785|1790|1808|1818|1823|1824
Declaratio	1821
Decumates	1821
Dedua	1791
Deed	1823
Deepwater	1825
Defaka	1787
Defensive	1823
Deforce	1823
Defries	1822
Dei	1821
Delaware	1813
Delegated	1823
Deliberative	1823
Delphinion	1823
Demetrios	1822
Demographics	1777|1796
Deno	1787
Department	1823
Dependencies	1781|1789|1799|1809
Deputy	1823
Derivatives	1823
Design	1823
Despouy	1822
Destructibility	1823
Deutsch	1800|1821|1824
Development	1823
Devin	1822
Dewoin	1779
Dghwede	1787
Dhammasattha	1823
Dhani	1789
Dialect	1812
Dialects	1812
Diana	1822
Diaz-Silveira	1822
Didcott	1822
Didinga	1801
Dieng	1822
Dignitas	1821
Dijim-Bwilim	1787
Dima	1791
Dinka	1801|1802
Directorium	1821
Directors	1823
Disbarred	1824
Disciplinary	1823
Disclaimers	1777|1778|1779|1780|1781|1782|1783|1784|1785|1786|1787|1788|1789|1790|1791|1792|1793|1794|1795|1796|1797|1798|1799|1800|1801|1802|1803|1804|1805|1806|1807|1808|1809|1810|1811|1812|1813|1814|1815|1816|1817|1818|1819|1820|1821|1822|1823|1824|1825|1826
Disco	1826
Disjecta	1821
District	1823
Dividing	1823
Divine	1823
Division	1823
Dixon	1818|1822
Doabi	1789
Doctrine	1823
Doctrines	1823
Dog	1821
Doga	1791
Domaaki	1789
Domari	1802
Domestic	1823
Domestica	1821
Domini	1821
Dominicus	1822
Dominium	1821
Domung	1791
Donate	1777|1778|1779|1780|1781|1782|1783|1784|1785|1786|1787|1788|1789|1790|1791|1792|1793|1794|1795|1796|1797|1798|1799|1800|1801|1802|1803|1804|1805|1806|1807|1808|1809|1810|1811|1812|1813|1814|1815|1816|1817|1818|1819|1820|1821|1822|1823|1824|1825|1826
Dong	1781
Donga	1787
Dori'o	1811
Dorig	1818
Doromu	1791
Dorotheus	1822
Dost	1823
Double	1823
Downer	1822
Download	1777|1778|1779|1780|1781|1782|1783|1784|1785|1786|1787|1788|1789|1790|1791|1792|1793|1794|1795|1796|1797|1798|1799|1800|1801|1802|1803|1804|1805|1806|1807|1808|1809|1810|1811|1812|1813|1814|1815|1816|1817|1818|1819|1820|1821|1822|1823|1824|1825|1826
Dreyer	1822
Drezner	1822
Drion	1822
Drizhchany	1822
Drug	1823
Duckworth	1823
Duhwa	1787
Duke	1811
Dulbu	1787
Dulce	1821
Duli	1787
Dumbutshena	1822
Dumpor's	1823
Duna	1791
Dusun	1781
Dutch	1813
Dux	1821
Dyula	1807
E	1777|1778|1779|1780|1781|1782|1783|1784|1785|1786|1787|1788|1789|1790|1791|1792|1793|1794|1795|1796|1797|1798|1799|1800|1801|1802|1803|1804|1805|1806|1807|1808|1809|1810|1811|1812|1813|1814|1815|1816|1817|1818|1819|1820|1821|1822|1823|1824|1826
EAFanning	1824
EU-law-stub	1823
Eadem	1821
Eagan	1823
East	1781|1789|1791|1799|1809|1811|1812|1818
Eastern	1791|1800|1813|1821
Ebira	1787
Ecclesia	1821
Ecclesiastical	1823
Economic	1823|1825
Edis	1822
Edit	1777|1778|1779|1780|1781|1782|1783|1784|1785|1786|1787|1788|1789|1790|1791|1792|1793|1794|1795|1796|1797|1798|1799|1800|1801|1802|1803|1804|1805|1806|1807|1808|1809|1810|1811|1812|1813|1814|1815|1816|1817|1818|1819|1820|1821|1822|1823|1824|1825|1826
Edler	1822
Edmund	1822
Edoid	1787
Edvard	1822
Edward	1822
Eekelaar	1822
Eesti	1824
Efate	1818
Effects	1823|1825
Efik	1787
Eggon	1787
Egonda-Ntende	1822
Egypt	1781|1789|1799|1809
Eide	1822
Einar	1822
Eini	1800
Ekoid	1787
Ekpe	1822
Ekpeye	1787
Eleman	1791
Elgon	1817
Eliezer	1822
Ellicean	1791|1811
Emesa	1822
Emirates	1781|1789|1799|1809
Empire	1825
Empirical	1823
Enchanta	1809
Encomium	1821
Endangered	1813
Endresen	1822
Enforcement	1823
Enga	1791
Engan	1791
England	1812|1813
English	1777|1778|1779|1780|1781|1782|1783|1784|1785|1786|1787|1788|1789|1790|1791|1792|1793|1794|1795|1796|1797|1798|1799|1800|1801|1802|1803|1804|1805|1806|1807|1808|1809|1810|1811|1812|1813|1814|1815|1816|1817|1818|1819|1820|1821|1824
Enoch	1822
Ensour	1822
Entrenched	1823
Enuani	1787
Environmental	1823
Epigenius	1822
Equipment	1823
Equitable	1823
Erdeniin	1823
Ermita	1809
Ernest	1822
Erratum	1821
Erromanga	1818
Error	1823
Eselealofa	1822
Esguerra-B	1823
Eskeland	1822
Espa	1777|1778|1779|1780|1781|1782|1783|1784|1785|1786|1787|1788|1789|1790|1791|1792|1793|1794|1795|1796|1797|1798|1799|1800|1801|1802|1803|1804|1806|1807|1808|1809|1811|1812|1813|1814|1816|1817|1818|1819|1820|1821|1824|1826
Esperanto	1777|1778|1779|1780|1781|1782|1783|1784|1785|1786|1787|1788|1789|1790|1791|1792|1796|1797|1798|1799|1800|1802|1803|1807|1808|1809|1811|1812|1813|1814|1817|1818|1819|1820|1821|1822|1824
Esselen	1813
Essential	1823
Essex	1812
Estatuto	1823
Estreme	1812
Estuary	1812
Et	1821
Etchemin	1813
Ethelwood	1822
Europe	1782|1812
Europe-law-stub	1823
Europe-related	1823
European	1822|1823
Euskara	1781|1786|1787|1788|1789|1791|1800|1802|1807|1809|1812|1813|1821|1823|1824
Eusoff	1822
Everything	1823
Ex	1821
Ex-ante	1821
Examining	1823
Exchequer	1823
Exclusion	1823
Exclusive	1823
Excusable	1823
Exeat	1821
Executive	1813
Exit	1823
Expectation	1823
Expellee	1823
Expert	1823
Extra	1821
Extravagantes	1821
Eyjafjallaj	1825
F	1781|1783|1784|1787|1789|1791|1792|1797|1800|1802|1804|1807|1809|1811|1812|1813|1818|1819|1820|1821|1822|1823|1824|1825
Faber	1821
Fabi	1824
Facto	1821
Factual	1823
Fagani	1811
Fahad	1822
Faider	1822
Fair	1823
Faisalabad	1823
Faita	1791
Fali	1787
Falkland	1812
False	1823
Family	1823
Famine	1825
Fanagalo	1800|1819|1820
Fanoush	1822
Faraj	1822
Farooq	1822
Fas	1791
Fasu	1791
Favete	1821
Featured	1777|1778|1779|1780|1781|1782|1783|1784|1785|1786|1787|1788|1789|1790|1791|1792|1793|1794|1795|1796|1797|1798|1799|1800|1801|1802|1803|1804|1805|1806|1807|1808|1809|1810|1811|1812|1813|1814|1815|1816|1817|1818|1819|1820|1821|1822|1823|1824|1825|1826
Febos	1822
February	1787|1812|1820|1826
Federal	1823
Feetham	1822
Felix	1821
Felony	1823
Felos	1822
Female	1824
Ferdinandei	1821
Fergus	1822
Fernando	1822
Fex	1821
Fictional	1824
Fifth	1823
Fiji	1779|1783|1784|1787|1789|1792|1797|1798|1800|1817|1819|1820
Fijian	1825
Filioque	1821
Filipino	1809
Filipovi	1822
Finance	1823
Finch	1822
Finisterre	1791
Fire	1823
Fireman's	1823
First	1813|1823
Fiwaga	1791
Flight	1825
Florea	1821
Florilegium	1821
Floruit	1821
Fluctuat	1821
Foi	1791
Foia	1791
Fojnickij	1822
Folopa	1791
Fons	1821
Food	1823
For	1823
Ford	1822
Foreign-language	1813
Forfeiture	1823
Formal	1823
Fortes	1821
Foundation	1777|1778|1779|1780|1781|1782|1783|1784|1785|1786|1787|1788|1789|1790|1791|1792|1793|1794|1795|1796|1797|1798|1799|1800|1801|1802|1803|1804|1805|1806|1807|1808|1809|1810|1811|1812|1813|1814|1815|1816|1817|1818|1819|1820|1821|1822|1823|1824|1825|1826
Fox	1813
Fragilis	1821
Fran	1777|1778|1779|1780|1781|1782|1783|1784|1785|1786|1787|1789|1790|1791|1792|1794|1796|1797|1798|1799|1800|1802|1803|1807|1808|1809|1811|1812|1813|1816|1817|1818|1819|1820|1821|1823|1824|1826
France-law-bio-stub	1823
France-related	1823
Francis	1822
Francisco	1822
Franco	1822
Franconian	1784|1800
Frank	1822
Franz	1822
Frederick	1822
French	1783|1792|1794|1797|1813|1818
Fridthjof	1822
Friedmann	1822
From	1777|1778|1779|1780|1781|1782|1783|1784|1785|1786|1787|1788|1789|1790|1791|1792|1793|1794|1795|1796|1797|1798|1799|1800|1801|1802|1803|1804|1805|1806|1807|1808|1809|1810|1811|1812|1813|1814|1815|1816|1817|1818|1819|1820|1821|1822|1823|1824|1825|1826
Fromow	1822
Froneman	1822
Frost	1822
Frye	1822
Frysk	1824
Fujita	1822
Fula	1787|1807
Fur	1802
Furuta	1822
Fused	1824
Fuzhou	1781
Fwe	1784
Fyam	1787
Fyer	1787
G	1777|1779|1784|1785|1787|1789|1791|1802|1807|1808|1809|1811|1812|1813|1817|1818|1821|1822|1823|1824|1825|1826
Ga'anda	1787
Ga'dang	1809
Gaa	1787
Gaddang	1809
Gadsup	1791
Gaelg	1784|1786|1800|1812|1813
Gaikundi	1791
Galambu	1787
Galego	1821|1824
Gallo	1822
Gallura	1822
Galo	1822
Gama	1822
Gambia	1807
Gambian	1807
Gants	1791
Gao	1811
Gapp	1822
Garc	1822
Garus	1791
Gaudeamus	1821
Gay	1826
Gbe	1787
Gbii	1779
Gciriku	1784
Gedaged	1791
Geest	1822
Gela	1811
General	1813|1823
Gengle	1787
Gentile	1821
Gentry	1823
Genu	1821
Geordie	1812
George	1822
Georgia	1781|1789|1799|1809|1811
Gera	1787
German	1784|1813
Germania	1821
Germany	1823
Germany-law-bio-stub	1823
Germany-law-stub	1823
Germany-related	1823
Gernet	1822
Gerrit	1822
Geruma	1787
Gessen	1822
Ghanongga	1811
Ghari	1811
Ghost	1824
Ghulam	1822
Gibraltarian	1812
Giiwo	1787
Gilbertese	1777|1785|1808|1811|1818
Gilson	1823
Ginuman	1791
Gitua	1791
Gladiolus	1821
Glavda	1787
Glio-Ubi	1779
Gnau	1791
Godoy	1822
Goemai	1787
Gogodala	1791
Goic	1822
Gola	1779
Gold	1825
Goldberg	1822
Golden	1822
Gong	1822
Gonz	1822
Good	1799
Gor	1822
Goroka	1791
Gorovu	1791
Gosia	1822
Gould	1822
Gower	1822
Graciela	1822
Graham	1822
Grain	1821
Gravitas	1821
Great	1813|1825
Grebo	1779
Greek	1821
Grenadines	1795
Greve	1822
Griffiths	1822
Grocholski	1822
Groicki	1822
Grosschmid	1822
Grossman	1822
Grunis	1822
Guantanamo	1823
GuantanamoBay-detainee-stub	1823
Gude	1787
Gudu	1787
Guduf-Gava	1787
Guhu-Samane	1791
Guinea	1791
Guinean	1791
Gujarati	1789|1817
Gujari	1789
Gula'alaa	1811
Gule	1802
Gulf	1791
Gullah	1813
Gum	1791
Gumawana	1791
Gumuz	1802
Gungu	1817
Guriaso	1791
Guruntum	1787
Gvoko	1787
Gwahatike	1791
Gwandara	1787
Gwere	1817
H	1784|1787|1789|1791|1799|1800|1801|1802|1809|1811|1813|1816|1818|1821|1822|1823|1824|1825|1826
Habent	1821
Hagahai	1791
Hahon	1791
Hak	1791
Hakaona	1784
Hakka	1809
Halia	1791
Hamdi	1822
Hamtai	1791
Hanseman	1791
Haruai	1791
Hasha	1787
Hausa	1787|1802
Havasupai	1813
Hawaii	1813
Hawaiian	1813
Hazaragi	1789
Heinrich	1822
Help	1777|1778|1779|1780|1781|1782|1783|1784|1785|1786|1787|1788|1789|1790|1791|1792|1793|1794|1795|1796|1797|1798|1799|1800|1801|1802|1803|1804|1805|1806|1807|1808|1809|1810|1811|1812|1813|1814|1815|1816|1817|1818|1819|1820|1821|1822|1823|1824|1825|1826
Henniker	1813
Henri	1822
Henrik	1822
Henry	1822
Heracleum	1821
Herbis	1821
Herculem	1821
Herero	1784
Hermit	1791
Hewa	1791
Hiatus	1821
Hic	1821
Hidatsa	1813
Hidden	1824
Highlands	1791
Hill	1802
Hindi	1779|1783|1784|1787|1789|1792|1797|1798|1800|1816|1817|1819|1820
Hindu	1816
Hindustani	1789|1816
Hiri	1791
History	1825
Hiw	1818
Hoava	1811
Hobaica	1822
Hoia	1791
Hokkien	1781|1799|1809
Holma	1787
Holo	1811
Holocaust	1824|1825
Homa	1801
Homo	1826
Honduras	1823
Hong	1781|1789|1799|1809
HongKong-law-bio-stub	1822
Hopi	1813
Horizon	1825
Horom	1787
Horror	1821
Hortulus	1821
Howzit	1800
Hoya	1821
Hrvatski	1777|1779|1780|1781|1782|1783|1784|1785|1786|1787|1788|1789|1790|1791|1792|1797|1798|1799|1800|1802|1807|1808|1809|1810|1811|1812|1813|1814|1815|1817|1818|1819|1820
Huba	1787
Huib	1822
Human	1823
Humanrights-stub	1823
Hung-yee	1822
Huon	1791
Hupa	1813
Hurricane	1825
Hut	1781
Hwana	1787
Hya	1787
I	1781|1787|1789|1791|1795|1799|1800|1801|1812|1813|1816|1817|1819|1821|1822|1823|1825|1826
I'saka	1791
Iatm	1791
Iban	1781
Ibibio	1787
Ibibio-Efik	1787
Ibid	1821
Ibis	1821
Ida'an	1781
Idem	1821
Identifier	1823
Idne	1791
Ido	1778|1779|1780|1783|1784|1787|1792|1797|1798|1800|1801|1802|1803|1807|1817|1824
Idomoid	1787
If	1823
Iftikhar	1822
Igala	1787
Igbo	1787
Igede	1787
Ign	1822
Ignoramus	1821
Ihor	1822
Ijaw	1787
Ik	1817
Ika	1787
Ikobi	1791
Ikwerre	1787
Ila	1819
Ilokano	1809
Imperator	1821
In	1821
Inapang	1791
Inc	1777|1778|1779|1780|1781|1782|1783|1784|1785|1786|1787|1788|1789|1790|1791|1792|1793|1794|1795|1796|1797|1798|1799|1800|1801|1802|1803|1804|1805|1806|1807|1808|1809|1810|1811|1812|1813|1814|1815|1816|1817|1818|1819|1820|1821|1822|1823|1824|1825|1826
Indaba	1800
Independent	1823
India	1781|1789|1799|1809|1823
India-law-bio-stub	1823
India-law-stub	1823
India-related	1823
Indian	1781|1789|1799|1809|1813|1822
Indigenous	1813
Indo-European	1821
Indo-Greeks	1825
Indo-Pakistani	1789
Indonesia	1780|1781|1783|1784|1787|1789|1791|1792|1799|1800|1803|1807|1809|1812|1813|1821|1823|1824
Indorum	1821
Indra	1824
Indri	1801
Ingenui	1821
Inland	1791
Innovation	1823
Inquiry	1822
Instance	1823
Interaction	1777|1778|1779|1780|1781|1782|1783|1784|1785|1786|1787|1788|1789|1790|1791|1792|1793|1794|1795|1796|1797|1798|1799|1800|1801|1802|1803|1804|1805|1806|1807|1808|1809|1810|1811|1812|1813|1814|1815|1816|1817|1818|1819|1820|1821|1822|1823|1824|1825|1826
Interlingua	1813
International	1823
International-law-stub	1823
Inuktitut	1813
Inveniam	1821
Ipiko	1791
Ipili	1791
Ipse	1821
Ipso	1821
Iran	1781|1789|1799|1809
Iraq	1781|1789|1799|1809
Ireland	1791|1811|1812
Irish	1812|1825
Iroquoian	1813
Isabel	1811
Isabelle	1824
IsiNgqumo	1800
IsiZulu	1784|1800|1820
Island	1781|1789|1795|1799|1809|1816
Islands	1781|1786|1789|1791|1799|1805|1806|1808|1809|1810|1811|1812|1813|1814
Israel	1781|1789|1799|1809|1823
It	1824
It's	1826
Italian	1813
Italiano	1777|1778|1779|1780|1781|1782|1783|1784|1785|1786|1787|1788|1789|1790|1791|1792|1796|1798|1799|1800|1802|1803|1807|1808|1809|1811|1812|1813|1817|1818|1819|1820|1821|1822|1823|1824|1826
Itsekiri	1787
Iunctim	1821
Ius	1821
Iuventius	1822
Ivan	1822
Ivar	1822
Iwal	1791
Iwam	1791
Iyo	1791
Izon	1787
J	1779|1781|1787|1789|1790|1801|1812|1813|1821|1822|1823|1826
Jabo	1779
Jackson	1826
Jacobus	1822
Jacques	1822
Jadgali	1789
Jagoi	1781
Jah	1781
Jahaic	1781
Jaime	1822
Jakob	1822
Jakovlevich	1822
Jakun	1781
Jalaa	1787
Jamaica	1823
James	1822
Jan	1822
Janet	1826
Jangkang	1781
Janner	1812
January	1778|1779|1780|1783|1784|1786|1788|1789|1792|1794|1795|1796|1797|1798|1800|1801|1802|1803|1807|1816|1817|1821
Japan	1781|1789|1799|1809|1823
Japan-law-stub	1823
Japanese	1790|1813
Jara	1787
Jarawa	1787
Jargon	1813
Javanese	1781
Jawa	1813
Jean-Baptiste	1822
Jehai	1781
Jen	1822
Jersey	1813
Jesus	1821
Jhangvi	1789
Jhangvi-speaking	1789
Jijili	1787
Jilbe	1787
Jili	1787
Jimi	1787
Joanna	1822
Joaqu	1824
Johan	1822
Johann	1822
John	1822
Jordan	1781|1789|1799|1809
Jorge	1822
Jorto	1787
Jos	1822
Juan	1822
Juba	1801
Judges	1822
Judicial	1824
July	1809
Jump	1777|1778|1779|1780|1781|1782|1783|1784|1785|1786|1787|1788|1789|1790|1791|1792|1793|1794|1795|1796|1797|1798|1799|1800|1801|1802|1803|1804|1805|1806|1807|1808|1809|1810|1811|1812|1813|1814|1815|1816|1817|1818|1819|1820|1821|1822|1823|1824|1825|1826
Jur	1801
Juraj	1822
Jure	1821
Jurists	1822|1824
Justice	1823
Juvenile	1823
K	1779|1781|1784|1787|1789|1791|1792|1798|1799|1800|1801|1802|1807|1809|1811|1812|1813|1817|1818|1819|1820|1821|1822|1823|1825
Kacipo-Balesi	1801
Kadazan	1781
Kadir	1822
Kadugli	1802
Kahua	1811
Kainantu	1791
Kairiru	1791
Kakanda	1787
Kaki	1791
Kala	1791
Kalabari	1787
Kalam	1791
Kalami	1789
Kalanga	1820
Kalapuya	1813
Kaligi	1801
Kalou	1791
Kaluli	1791
Kambot	1791
Kamkata-viri	1789
Kamo	1787
Kamula	1791
Kamviri	1789
Kamwe	1787
Kanakuru	1787
Kanaq	1781
Kanasi	1791
Kanga	1802
Kanggape	1791
Kaniet	1791
Kaningra	1791
Kanowit	1781
Kanuri	1787
Kaonde	1819
Kapampangan	1809
Kapori	1791
Karami	1791
Karamojong	1817
Kare	1791
Karekare	1787
Kariya	1787
Karon	1807
Kashaya	1813
Kashmiri	1789
Kassonke	1807
Kata-vari	1789
Kathiyawadi	1789
Kathleen	1822
Katrina	1825
Kaugel	1791
Kaure	1791
Kawaiisu	1813
Kayagar	1791
Kayan	1781
Kazakhstan	1781|1789|1799|1809
Kedah	1781
Keeling	1781|1789|1799|1809
Keiga	1802
Kelabit	1781
Kelo	1802
Kenaboi	1781
Kenati	1791
Kensiu	1781
Kentish	1812
Kenya	1822
Keoru	1791
Keresan	1813
Kerinci	1781
Khalid	1822
Khalil	1822
Khayo	1817
Khetrani	1789
Khoe	1800
Khoekhoe	1784|1800
Khojki	1789
Kholok	1787
Khowar	1789
Khwe	1800
Kiai	1818
Kibaku	1787
Kiga	1817
Kikorian	1791
Kilivila	1791
Kimaghima	1791
Kinabatangan	1809
Kingdom	1812|1823
Kingdom-related	1823
Kintaq	1781
Kinyarwanda	1792|1817
Kiowa	1813
Kiput	1781
Kir-Balar	1787
Kire	1791
Kiribati	1777
Kirike	1787
Kiruki	1822
Kirundi	1817
Kirya-Konz	1787
Kissi	1779
Kiswahili	1779|1780|1784|1787|1798|1800|1802|1817|1819|1820|1823|1824
Kitara	1817
Kitts	1793
Kiwai	1791
Klamath	1813
Klao	1779|1798
Klondike	1825
Koasati	1813
Koenoem	1787
Kofa	1787
Kofyar	1787
Koiarian	1791
Kokon	1791
Kokota	1811
Koli	1789
Kolopom	1791
Koma	1787
Komba	1791
Komo	1802
Kong	1781|1789|1799|1809
Konjo	1817
Konkow	1813
Kono	1798
Korana	1800
Korap	1791
Kordofanian	1802
Korea	1781|1789|1799|1809
Korean	1813
Koro	1791|1818
Kovai	1791
Kove	1791
Kowan	1791
Koyo	1801
Kpasam	1787
Kpati	1787
Kpelle	1779
Krahn	1779
Kresh	1801
Kreyol	1779
Krio	1798
Kristang	1781|1799
Krongo	1802
Kru	1779
Kube	1791
Kubi	1787
Kugama	1787
Kuhane	1784|1819
Kujarg	1802
Kuku	1801|1817
Kulere	1787
Kuliak	1817
Kumba	1787
Kumeyaay	1813
Kunda	1819|1820
Kung	1784
Kupa	1787
Kurama	1787
Kusaghe	1811
Kushi	1787
Kutchi	1789
Kutto	1787
Kutubuan	1791
Kuwaa	1779
Kuwait	1781|1789|1799|1809
Kwaami	1787
Kwaio	1811
Kwale	1791
Kwalean	1791
Kwangali	1784
Kwangwa	1819
Kwara'ae	1811
Kwomtari	1791
Kx'a	1784
Kyaka	1791
Kyrgyzstan	1781|1789|1799|1809
L	1779|1781|1783|1784|1787|1789|1791|1798|1799|1800|1801|1802|1807|1809|1811|1812|1813|1817|1818|1819|1820|1821|1822|1823|1824|1825|1826
LGBT	1823|1826
LGBT-related	1826
LGBT-related_music	1826
LGBT-themed	1826
Labir	1787
Labor	1823
Labu	1791
Lacrimae	1821
Lacus	1821
Ladakhi	1789
Laghu	1811
Laguardia	1822
Lahnda	1789
Laka	1787
Lakes	1813
Lakon	1818
Lakota	1813
Lal	1822
Lala-Bisa	1819
Lamang	1787
Lamba	1819
Lamogai	1791
Lamus	1821
Langam	1791
Lango	1801|1817
Language	1781|1782|1786|1787|1789|1799|1800|1809|1811|1812|1813|1818|1819
Languages	1777|1778|1779|1780|1781|1782|1783|1784|1785|1786|1787|1788|1789|1790|1791|1792|1793|1794|1795|1796|1797|1798|1799|1800|1801|1802|1803|1804|1805|1806|1807|1808|1809|1810|1811|1812|1813|1814|1815|1816|1817|1818|1819|1820|1821|1822|1823|1824|1825|1826
Languages_of_Kiribati	1777
Languages_of_Lesotho	1778
Languages_of_Liberia	1779
Languages_of_Malawi	1780
Languages_of_Malaysia	1781
Languages_of_Malta	1782
Languages_of_Mauritius	1783
Languages_of_Namibia	1784
Languages_of_Nauru	1785
Languages_of_New_Zealand	1786
Languages_of_Nigeria	1787
Languages_of_Niue	1788
Languages_of_Pakistan	1789
Languages_of_Palau	1790
Languages_of_Papua_New_Guinea	1791
Languages_of_Rwanda	1792
Languages_of_Saint_Kitts_and_Nevis	1793
Languages_of_Saint_Lucia	1794
Languages_of_Saint_Vincent_and_the_Grenadines	1795
Languages_of_Samoa	1796
Languages_of_Seychelles	1797
Languages_of_Sierra_Leone	1798
Languages_of_Singapore	1799
Languages_of_South_Africa	1800
Languages_of_South_Sudan	1801
Languages_of_Sudan	1802
Languages_of_Swaziland	1803
Languages_of_Tokelau	1815
Languages_of_Trinidad_and_Tobago	1816
Languages_of_Uganda	1817
Languages_of_Vanuatu	1818
Languages_of_Zambia	1819
Languages_of_Zimbabwe	1820
Languages_of_the_Bahamas	1804
Languages_of_the_British_Virgin_Islands	1805
Languages_of_the_Cayman_Islands	1806
Languages_of_the_Gambia	1807
Languages_of_the_Marshall_Islands	1808
Languages_of_the_Philippines	1809
Languages_of_the_Pitcairn_Islands	1810
Languages_of_the_Solomon_Islands	1811
Languages_of_the_United_Kingdom	1812
Languages_of_the_United_States	1813
Languages_of_the_United_States_Virgin_Islands	1814
Lanka	1781|1789|1799|1809|1823
Lanoh	1781
Lanquaye	1822
Laos	1781|1789|1799|1809
Lasi	1789
Latin	1821|1823
Latin-language	1821
Latin-legal-phrase-stub	1823
Latin_words_and_phrases	1821
Latina	1781|1786|1789|1796|1799|1802|1807|1809|1818|1821|1824
Latvie	1777|1782|1783|1784|1785|1786|1787|1789|1790|1792|1796|1799|1804|1807|1812|1813|1817|1818|1821|1823|1824
Lau	1811
Laudetur	1821
Laureano	1813
Lavabo	1821
Lavukaleve	1811
Law	1822|1823|1824
Law-bio-stub	1822
Law-stub	1823
Law_biography_stubs	1822
Law_stubs	1823
Lawunuia	1791
Lawyer	1824
Lawyers	1824
Leandro	1822
Lebanon	1781|1789|1799|1809
Lector	1821
Left	1791
Legacies	1825
Legacy	1825
Legal	1823|1824
Legislation	1823
Legitime	1821
Leif	1822
Leiva	1822
Leko	1787
Lelak	1781
Lembena	1791
Lemerig	1818
Lendu	1801
Lengilu	1781
Lenje	1819
Leone	1798
Leonean	1798
Leonel	1822
Leonor	1822
Lesbian	1826
Lese	1801
Lesotho	1778
Letemboi	1818
Lex	1821
Libellus	1821
Liberia	1779
Liberian	1779
Libris	1821
License	1777|1778|1779|1780|1781|1782|1783|1784|1785|1786|1787|1788|1789|1790|1791|1792|1793|1794|1795|1796|1797|1798|1799|1800|1801|1802|1803|1804|1805|1806|1807|1808|1809|1810|1811|1812|1813|1814|1815|1816|1817|1818|1819|1820|1821|1822|1823|1824|1825|1826
Lietuvi	1821|1823|1824
Likum	1791
Limba	1798
Limburgs	1824
Linguistic	1783|1789
List	1800|1809|1813|1821|1823
Lists	1799|1813
Litigation	1823
Litra	1821
Llanito	1812
Lo-Toga	1818
Loan	1823
Location	1791
Locus	1821
Log	1777|1778|1779|1780|1781|1782|1783|1784|1785|1786|1787|1788|1789|1790|1791|1792|1793|1794|1795|1796|1797|1798|1799|1800|1801|1802|1803|1804|1805|1806|1807|1808|1809|1810|1811|1812|1813|1814|1815|1816|1817|1818|1819|1820|1821|1822|1823|1824|1825|1826
Lohani	1824
Loko	1798
Lomwe	1780
London	1825
Longinus	1822
Longuda	1787
Lopez	1822
Lopit	1801
Lorediakarkar	1818
Lorem	1821
Lote	1791
Lotuko	1801
Louisiana	1813
Loup	1813
Low	1784|1800
Lozi	1784|1800|1819|1820
Lubanki	1789
Lucia	1794
Lucian	1794
Lucis	1821
Lucius	1822
Ludens	1821
Ludibrium	1821
Ludus	1821
Lufu	1787
Luganda	1817
Lugbara	1817
Luhya	1817
Luis	1822
Lun	1781
Lunda	1819
Lungga	1811
Luo	1802|1817
Lusi	1791
Luso-American	1813
Luvale	1819
Luwo	1801
Luyana	1784|1819
M	1779|1780|1781|1782|1783|1784|1786|1787|1789|1791|1798|1799|1800|1801|1802|1807|1809|1811|1812|1813|1817|1818|1819|1821|1822|1823|1824|1825|1826
Maaka	1787
Maban	1801|1802
Mabuso	1791
Macau	1781|1789|1799|1809|1823
Madang	1791
Madi	1801|1817
Madonna	1826
Madrid	1825
Mafa	1787
Magis	1821
Magistra	1821
Magnus	1822
Magyar	1791|1821|1823
Mah	1781
Mahican	1813
Maiduan	1813
Mailu	1791
Mailuan	1791
Main	1777|1778|1779|1780|1781|1782|1783|1784|1785|1786|1787|1788|1789|1790|1791|1792|1793|1794|1795|1796|1797|1798|1799|1800|1801|1802|1803|1804|1805|1806|1807|1808|1809|1810|1811|1812|1813|1814|1815|1816|1817|1818|1819|1820|1821|1822|1823|1824|1825|1826
Maisin	1791
Maiwa	1791
Maiya	1789
Majid	1822
Malaita	1811
Malalamai	1791
Malasanga	1791
Malawi	1780
Malawian	1780
Malay	1781|1799|1809
Malayan	1781
Malaysia	1781|1789|1799|1809
Malaysian	1781
Maldives	1781|1789|1799|1809
Malecite-Passamaquoddy	1813
Maleficium	1821
Malekula	1818
Malfaxal	1818
Malta	1782
Maltese	1782
Malwi	1789
Mambwe-Lungu	1819
Mamusi	1791
Manam	1791
Mandan	1813
Mandar	1821
Mandarin	1781|1799|1809
Mandinka	1807
Mandjak	1807
Mangas	1787
Mangaya	1801
Mangbetu	1801
Mangbutu	1801
Manglish	1781
Maninka	1779|1798
Mano	1779
Manu	1821
Manually	1781
Manubaran	1791
Manus	1791|1821
Manyika	1800
Mape	1791
Mapena	1791
Mar	1822
Marachi	1817
Marangis	1791
Marc	1822
Mare	1821
Marghi	1787
Margi	1787
Maria	1791
Marianne	1822
Mariano	1822
Maricopa	1813
Marik	1791
Marina	1821
Marind	1791
Maring	1791
Mario	1822
Markham	1791
Maro	1791
Marovo	1811
Marshall	1808
Marshallese	1808
Marta	1813
Martin	1822
Martinus	1822
Marwari	1789
Masaba	1817
Masalit	1802
Masood	1822
Masoud	1822
Massachusett	1813
Matthias	1822
Mattole	1813
Matukar	1791
Matveevich	1822
Mauritian	1783
Mauritius	1783
Mavea	1818
Mawa	1787
May	1791|1825
Mbe	1787
Mbembe	1787
Mbore	1791
Mbowe	1784|1819
Mbukushu	1784|1819
Mbula	1791
Mbunda	1819
Mburku	1787
McGregor	1822
Medicinalibus	1821
Mehek	1791
Mek	1791
Mekeo	1791
Melanau	1781
Melayu	1781
Memoni	1789
Mende	1779|1798
Menominee	1813
Meri	1781
Merico	1779
Meroitic	1802
Mewari	1789
Mexican	1813
Mexico-law-bio-stub	1822
Mi'kmaq	1813
Miami-Illinois	1813
Micha	1822
Michael	1822
Midlands	1812
Midob	1802
Mikasuki	1813
Mikhail	1822
Milford	1813
Miller	1822
Milne	1791
Min	1781|1799|1809
Minangkabau	1781
Minriq	1781
Mintil	1781
Mirabilis	1821
Miship	1787
Missouri	1813
Mitchell	1824
Miya	1787
Mobile	1777|1778|1779|1780|1781|1782|1783|1784|1785|1786|1787|1788|1789|1790|1791|1792|1793|1794|1795|1796|1797|1798|1799|1800|1801|1802|1803|1804|1805|1806|1807|1808|1809|1810|1811|1812|1813|1814|1815|1816|1817|1818|1819|1820|1821|1822|1823|1824|1825|1826
Mobilian	1813
Modo	1801
Moghaddasi	1822
Mohammad	1822
Mohammed	1822
Mohawk	1813
Mohegan-Pequot	1813
Molo	1802
Mongolia	1781|1789|1799|1809
Mono	1811
Montana	1813
Montes	1822
Montol	1787
Montserrat	1812
Morales	1822
Morehead	1791
Moriori	1786
Morobe	1791
Moru	1801|1817
Mos	1781
Mota	1818
Motu	1791
Movement	1799
Moya-Angeler	1824
Muhlenberg	1813
Multani	1789
Mumbai	1825
Mumuye	1787
Mumviri	1789
Mundat	1787
Mundi	1821
Munji	1789
Munsee	1813
Murdered	1824
Murik	1781
Murle	1801
Musan	1791
Muscogee	1813
Mustafa	1822
Mwaghavul	1787
Mwanga	1819
Mwerlap	1818
Mwotlap	1818
My	1826
Myanmar	1781|1789|1799|1809
N	1780|1781|1782|1784|1785|1786|1787|1788|1789|1791|1800|1801|1802|1803|1811|1812|1813|1814|1817|1818|1819|1820|1821|1822|1823|1824|1825
Nagorno-Karabakh	1781|1789|1799|1809
Nahavaq	1818
Naka	1801
Namakura	1818
Nambas	1818
Namespaces	1777|1778|1779|1780|1781|1782|1783|1784|1785|1786|1787|1788|1789|1790|1791|1792|1793|1794|1795|1796|1797|1798|1799|1800|1801|1802|1803|1804|1805|1806|1807|1808|1809|1810|1811|1812|1813|1814|1815|1816|1817|1818|1819|1820|1821|1822|1823|1824|1825|1826
Namibia	1784
Namibian	1784
Namlish	1784
Nan	1809
Nanggu	1811
Nanticoke	1813
Narcotics	1823
Narim	1801
Narom	1781
Narragansett	1813
National	1782|1789|1800
Natural	1826
Nauru	1785
Nauruan	1785
Navigation	1777|1778|1779|1780|1781|1782|1783|1784|1785|1786|1787|1788|1789|1790|1791|1792|1793|1794|1795|1796|1797|1798|1799|1800|1801|1802|1803|1804|1805|1806|1807|1808|1809|1810|1811|1812|1813|1814|1815|1816|1817|1818|1819|1820|1821|1822|1823|1824|1825|1826
Nawathinehena	1813
Ndali	1780
Ndebele	1800|1820
Ndogo	1801
Nederlands	1777|1778|1779|1780|1781|1784|1785|1786|1787|1789|1791|1799|1800|1807|1809|1812|1813|1819|1821|1824
Negerhollands	1814
Nembao	1811
Nembe	1787
Nepal	1781|1789|1799|1809
Nepal-law-bio-stub	1822
Nese	1818
Neves	1822
Nevis	1793
New	1786|1788|1791|1811|1813|1815|1822
Nez	1813
Ngamo	1787
Ngas	1787
Nggwahyi	1787
Ngizim	1787
Nguni	1800|1803|1820
Ngwaba	1787
Nigeria	1787|1823
Nigerian	1787
Night	1825
Nightclub	1826
Nikolaevich	1822
Nilo-Saharan	1801
Nilotic	1801|1802|1817
Ninde	1818
Niue	1786|1788
Niuean	1786|1788
Nkangala	1819
Nkore	1817
Nkore-Kiga	1817
Nkoroo	1787
Nkoya	1819
Nobiin	1802
Nooksack	1813
Norfolk	1812
Norman	1812
Norsk	1777|1778|1779|1780|1781|1782|1783|1784|1785|1786|1787|1789|1790|1791|1792|1793|1794|1795|1796|1797|1798|1799|1800|1801|1802|1803|1807|1808|1809|1811|1812|1813|1816|1817|1818|1819|1820|1821|1823|1824
North	1781|1789|1799|1809|1813|1818
Northeastern	1813
Northern	1781|1789|1799|1800|1809|1812|1813|1818|1820
Northwest	1811|1813|1825
Nostrum	1821
November	1782|1799|1811|1819|1822
Nsenga	1819|1820
Nsue	1824
Nubi	1817
Nubian	1802
Nuer	1801
Nume	1818
Numic	1813
Nunivak	1813
Nupe	1787
Nuristani	1789
Nyam	1787
Nyangia	1817
Nyasa	1780
Nyimang	1802
Nyingwom	1787
Nyole	1817
Nyong	1787
Nyoro	1817
Nzanyi	1787
O	1781|1784|1787|1789|1791|1801|1811|1813|1817|1818|1821|1822|1823
O'odham	1813
Obispe	1813
Occitan	1782|1784|1789|1799|1800|1802|1812|1813|1824|1826
Ocean	1781|1789|1799|1809
Oceania	1777|1785|1786|1788|1790|1791|1796|1808|1810|1811|1815|1818
Oceanic	1791|1811
October	1791|1793|1804|1805|1806|1810|1814|1815|1825
Odawa	1813
Oddvar	1822
Odual	1787
Official	1800
Ohio	1823
Ojibwe	1813
Ok	1791
Okanagan	1813
Okodia	1787
Old	1802|1812
Olrat	1818
Olu	1801
Olympic	1825
Oman	1781|1789|1799|1809
Oneida	1813
Only	1826
Onondaga	1813
Opuo	1801
Orang	1781|1799
Order	1813
Org	1823
Organic	1823
Ormuri	1789
Oroha	1811
Oropom	1817
Orthodox	1821
Oruma	1787
Osman	1822
Ossetia	1781|1789|1799|1809
Other	1813
Ottawa	1813
Otto	1822
Ovambo	1784
Owa	1811
P	1778|1781|1782|1784|1786|1787|1789|1790|1791|1792|1796|1799|1800|1802|1807|1808|1809|1810|1811|1812|1813|1817|1818|1821|1822|1823|1824|1825|1826
PDF	1777|1778|1779|1780|1781|1782|1783|1784|1785|1786|1787|1788|1789|1790|1791|1792|1793|1794|1795|1796|1797|1798|1799|1800|1801|1802|1803|1804|1805|1806|1807|1808|1809|1810|1811|1812|1813|1814|1815|1816|1817|1818|1819|1820|1821|1822|1823|1824|1825|1826
Pa	1791
Pa'a	1787
Pacific	1813
Page	1777|1778|1779|1780|1781|1782|1783|1784|1785|1786|1787|1788|1789|1790|1791|1792|1793|1794|1795|1796|1797|1798|1799|1800|1801|1802|1803|1804|1805|1806|1807|1808|1809|1810|1811|1812|1813|1814|1815|1816|1817|1818|1819|1820|1821|1822|1823|1824|1825|1826
Pages	1777|1778|1779|1780|1781|1782|1783|1784|1785|1786|1787|1788|1789|1790|1791|1792|1793|1794|1795|1796|1797|1798|1799|1800|1801|1802|1803|1804|1805|1806|1807|1808|1809|1810|1811|1812|1813|1814|1815|1816|1817|1818|1819|1820|1821|1822|1823|1824|1825|1826
Pahoturi	1791
Paiute	1813
Pakistan	1781|1789|1799|1809|1823
Pakistan-law-bio-stub	1822
Pakistani	1789
Palau	1790
Palauan	1790
Palestine	1781|1789|1799|1809
Palestine-law-bio-stub	1822
Palula	1789
Pamir	1789
Pan	1800
Pan-Nigerian	1787
Pangseng	1787
Pangutaran	1809
Papua	1791
Papuan	1791|1811
Parkari	1789
Pashto	1789
Passamaquoddy	1813
Patent	1823
Patents	1823
Patience	1826
Patrick	1822
Pats	1822
Paul	1822
Pauli	1822
Pauwasi	1791
Pawnee	1813
Pe	1787
Pedro	1822
Pella	1813
Penang	1781
Pennsylvania	1813
Penrhyn	1786
People	1822
People's	1781|1789|1799|1809|1823
Perce	1813
Pereira	1822
Permanent	1777|1778|1779|1780|1781|1782|1783|1784|1785|1786|1787|1788|1789|1790|1791|1792|1793|1794|1795|1796|1797|1798|1799|1800|1801|1802|1803|1804|1805|1806|1807|1808|1809|1810|1811|1812|1813|1814|1815|1816|1817|1818|1819|1820|1821|1822|1823|1824|1825|1826
Pero	1787
Persian	1789
Persistent	1823
Personal	1777|1778|1779|1780|1781|1782|1783|1784|1785|1786|1787|1788|1789|1790|1791|1792|1793|1794|1795|1796|1797|1798|1799|1800|1801|1802|1803|1804|1805|1806|1807|1808|1809|1810|1811|1812|1813|1814|1815|1816|1817|1818|1819|1820|1821|1822|1823|1824|1825|1826
Peru	1823
Petrus	1822
Philadelphia	1826
Philip	1822
Philippine	1809
Philippines	1781|1789|1799|1809
Phuthi	1778|1800
Phyllis	1822
Piawi	1791
Picuris	1813
Pidgin	1785|1796|1807|1813
Piemont	1779|1781|1783|1784|1786|1787|1789|1794|1797|1800|1802|1804|1809|1812|1813|1817|1819|1820
Pierino	1822
Pierre-Ernest	1822
Pijin	1811
Piman	1813
Piro	1813
Piscataway	1813
Pisin	1791|1818
Pitcairn	1810
Pitkern	1810|1812
Pixiang	1822
Piya	1787
Place	1823
Plains	1813
Plantation	1796
Plateau	1813
Plautdietsch	1813
Please	1822|1823
Plus	1813
Pogaya	1791
Police	1823
Pollutants	1823
Polski	1781|1789|1799|1802|1809|1817|1821|1824|1826
Pomo	1813
Pomoan	1813
Pongu	1787
Porome	1791
Portugu	1777|1778|1779|1780|1781|1782|1783|1784|1785|1786|1787|1789|1790|1791|1792|1793|1794|1795|1796|1797|1798|1799|1800|1801|1802|1803|1804|1807|1808|1809|1811|1812|1813|1816|1817|1818|1819|1820|1821|1823|1824
Potawatomi	1813
Pothohari	1789
Powhatan	1813
Presidents	1813
Print	1777|1778|1779|1780|1781|1782|1783|1784|1785|1786|1787|1788|1789|1790|1791|1792|1793|1794|1795|1796|1797|1798|1799|1800|1801|1802|1803|1804|1805|1806|1807|1808|1809|1810|1811|1812|1813|1814|1815|1816|1817|1818|1819|1820|1821|1822|1823|1824|1825|1826
Printable	1777|1778|1779|1780|1781|1782|1783|1784|1785|1786|1787|1788|1789|1790|1791|1792|1793|1794|1795|1796|1797|1798|1799|1800|1801|1802|1803|1804|1805|1806|1807|1808|1809|1810|1811|1812|1813|1814|1815|1816|1817|1818|1819|1820|1821|1822|1823|1824|1825|1826
Prison	1823
Prison-stub	1823
Privacy	1777|1778|1779|1780|1781|1782|1783|1784|1785|1786|1787|1788|1789|1790|1791|1792|1793|1794|1795|1796|1797|1798|1799|1800|1801|1802|1803|1804|1805|1806|1807|1808|1809|1810|1811|1812|1813|1814|1815|1816|1817|1818|1819|1820|1821|1822|1823|1824|1825|1826
Procedure	1823
Production	1823
Project	1823
Promotion	1823
Proposals	1823
Proposition	1823
Prosecutor	1823
Protection	1823
Protocol	1823
Province	1791
Provincial	1789
Psiky	1787
Pu-Xian	1781|1799
Publius	1822
Pueblos	1813
Puisne	1822
Pulaar	1807
Punjabi	1789
Putai	1787
Pyapun	1787
Q	1813|1821|1822|1823|1826
Qadeeruddin	1822
Qatar	1781|1789|1799|1809
Quartus	1822
Queercore	1826
Quileute	1813
Quinault	1813
Quiripi	1813
R	1783|1786|1787|1789|1792|1802|1811|1813|1817|1818|1821|1822|1823|1825|1826
RC-Canon-law-bio-stub	1822
Raga	1818
Raghav	1822
Rajasthani	1789
Rakahanga-Manihiki	1786
Ram	1822
Ramu	1791
Random	1777|1778|1779|1780|1781|1782|1783|1784|1785|1786|1787|1788|1789|1790|1791|1792|1793|1794|1795|1796|1797|1798|1799|1800|1801|1802|1803|1804|1805|1806|1807|1808|1809|1810|1811|1812|1813|1814|1815|1816|1817|1818|1819|1820|1821|1822|1823|1824|1825|1826
Rang	1787
Rangel	1822
Reactions	1825
Read	1777|1778|1779|1780|1781|1782|1783|1784|1785|1786|1787|1788|1789|1790|1791|1792|1793|1794|1795|1796|1797|1798|1799|1800|1801|1802|1803|1804|1805|1806|1807|1808|1809|1810|1811|1812|1813|1814|1815|1816|1817|1818|1819|1820|1821|1822|1823|1824|1825|1826
Recent	1777|1778|1779|1780|1781|1782|1783|1784|1785|1786|1787|1788|1789|1790|1791|1792|1793|1794|1795|1796|1797|1798|1799|1800|1801|1802|1803|1804|1805|1806|1807|1808|1809|1810|1811|1812|1813|1814|1815|1816|1817|1818|1819|1820|1821|1822|1823|1824|1825|1826
Reconstruction	1823
Reef	1818
Reefs	1811
Region	1791
Regional	1809
Related	1777|1778|1779|1780|1781|1782|1783|1784|1785|1786|1787|1788|1789|1790|1791|1792|1793|1794|1795|1796|1797|1798|1799|1800|1801|1802|1803|1804|1805|1806|1807|1808|1809|1810|1811|1812|1813|1814|1815|1816|1817|1818|1819|1820|1821|1822|1823|1824|1825|1826
Rennellese	1811
Republic	1781|1789|1799|1800|1809|1823
Rerep	1818
Retrieved	1777|1778|1779|1780|1781|1782|1783|1784|1785|1786|1787|1788|1789|1790|1791|1792|1793|1794|1795|1796|1797|1798|1799|1800|1801|1802|1803|1804|1805|1806|1807|1808|1809|1810|1811|1812|1813|1814|1815|1816|1817|1818|1819|1820|1821|1822|1823|1824|1825|1826
Revenue	1823
Revolution	1825
Riasti	1789
Richard	1822
Right	1826
Ririo	1811
River	1791|1813
Rizgar	1822
Roberto	1822
Rodriguan	1783
Rojak	1781
Rom	1813|1821|1824
Roman	1821|1825
Romani	1789|1813
Romanum	1821
Rome	1821
Ron	1787
Ross	1824
Roviana	1811
Rule	1823
Runa	1813|1824
Rush	1825
Russia	1781|1789|1799|1809
Russian	1813
Rutana	1802
Ruuli	1817
Rwanda	1792
Rwanda-Rundi	1792
Rwandan	1792
S	1778|1779|1781|1786|1787|1789|1790|1791|1793|1794|1796|1797|1798|1799|1800|1801|1802|1803|1807|1809|1811|1812|1813|1816|1817|1818|1819|1820|1821|1822|1823|1824|1825
Sa'a	1811
Sa'ban	1781
Saa	1818
Sab	1781
Sabah	1781
Sadong	1781
Safety	1823
Sahaptian	1813
Saint	1793|1794|1795
Sakao	1818
Salinan	1813
Salish	1813
Sama	1781|1809
Sambali	1809
Sambe	1787
Samia	1817
Samoa	1796
Samoan	1796
Samoic	1811
Sandaun	1791
Sandt	1822
Sandy	1813
Sangirese	1809
Sangor	1824
Sansi	1789
Santa	1811
Santo	1818
Sapo	1779
Sarah	1826
Saraiki	1789
Saudi	1781|1789|1799|1809
Savosavo	1811
Saxa	1821
Scamto	1800
Science	1823
Scotland	1812
Scotland-law-stub	1823
Scots	1781|1782|1784|1789|1800|1809|1812|1813|1820|1823
Scouse	1812
Sea	1823
Search	1777|1778|1779|1780|1781|1782|1783|1784|1785|1786|1787|1788|1789|1790|1791|1792|1793|1794|1795|1796|1797|1798|1799|1800|1801|1802|1803|1804|1805|1806|1807|1808|1809|1810|1811|1812|1813|1814|1815|1816|1817|1818|1819|1820|1821|1822|1823|1824|1825|1826
Second	1813
See	1777|1778|1779|1780|1781|1782|1783|1784|1785|1786|1787|1788|1789|1790|1791|1792|1793|1794|1795|1796|1797|1798|1799|1800|1801|1802|1803|1804|1805|1806|1807|1808|1809|1810|1811|1812|1813|1814|1815|1816|1817|1818|1819|1820|1821|1822|1823|1824|1825|1826
Sekani	1813
Selangor	1781
Selecto	1821
Seletar	1781|1799
Semai	1781
Semaq	1781
Semelai	1781
Semelaic	1781
Semi-Bantu	1787
Semnam	1781
Senagi	1791
Senegal	1823
Senoic	1781
Sepik	1791
September	1813|1825
Serer	1807
Serge	1822
Seroa	1800
Seru	1781
Services	1800
Seychelles	1797
Seychellois	1797
Sha	1787
Shadow	1824
Shah	1789
Shahmukh	1789
Shanjo	1819
Shariat	1823
Shark	1818
Shawnee	1813
Shebaya	1816
Sherbro	1798
Shiki	1787
Shilluk	1801
Shina	1789
Shona	1800|1819|1820
Shoshoni	1813
Shughni	1789
Shumashti	1789
Shuswap	1813
Siculish	1813
Sierra	1798
Sifre	1822
Sign	1781|1782|1786|1787|1789|1799|1800|1809|1811|1812|1813|1819
Sillok	1802
Simbo	1811
Simbu	1791
Simeon	1822
Simi	1813|1824
Simple	1789|1800|1821|1824
Sindhi	1789
Singa	1817
Singapore	1781|1789|1799|1809
Singaporean	1799
Singdarin	1799
Singlish	1799
Siri	1787
Ske	1818
Skou	1791
Slave	1823
Slavica	1821
Sloven	1821|1823|1824
Society	1823
Sociological	1826
Soga	1817
Solera	1822
Soli	1819
Solomon	1811
Solomonic	1811
Soninke	1807
Sonsorolese	1790
Sophia	1822
Sotho	1778|1800
South	1781|1787|1789|1791|1799|1800|1801|1809|1818|1822|1823|1824
Southeast	1781|1791|1799|1809|1811|1813
Southeastern	1813
Southern	1781|1791|1800|1813|1817
Southwestern	1813
Sovereign	1781|1789|1799|1809
Sowa	1818
Spanglish	1813
Spanish	1809|1813
Speak	1799
Special	1777|1778|1779|1780|1781|1782|1783|1784|1785|1786|1787|1788|1789|1790|1791|1792|1793|1794|1795|1796|1797|1798|1799|1800|1801|1802|1803|1804|1805|1806|1807|1808|1809|1810|1811|1812|1813|1814|1815|1816|1817|1818|1819|1820|1821|1822|1823|1824|1825|1826
Sranantongo	1824
Sri	1781|1789|1799|1809|1823
Srpskohrvatski	1777|1786|1797|1802|1808|1812|1818|1821|1824|1826
St	1822
Standard	1787
Standards	1823
Stanislavovich	1822
States	1781|1789|1799|1809|1813|1814|1823
States-related	1823
Statute	1823
Stephen	1822
Strickland	1791
Stub	1822|1823
Sua	1798
Subcategories	1778|1781|1782|1784|1786|1787|1789|1791|1792|1796|1799|1800|1802|1807|1808|1809|1812|1813|1817|1818|1821|1822|1823|1824|1825|1826
Submarine	1823
Sudan	1801|1802
Sudanese	1801|1802
Suffolk	1812
Suki	1791
Sukur	1787
Sungai	1809
Sungor	1802
Sunguh	1822
Suomi	1777|1778|1779|1780|1781|1782|1783|1784|1785|1786|1787|1788|1789|1790|1791|1792|1793|1794|1796|1797|1798|1799|1800|1801|1802|1803|1807|1808|1809|1810|1811|1812|1813|1815|1817|1818|1819|1820|1821|1824
Support	1823
Sur	1787
Suri	1801
Surmic	1801
Survey	1812|1813
Susquehannock	1813
Susu	1798
Svenska	1778|1781|1784|1786|1789|1791|1792|1799|1800|1803|1809|1812|1813|1817|1818|1819|1820|1821|1822|1823|1824
Swahili	1817
Swardspeak	1809
Swazi	1778|1800|1803
Swaziland	1803
Syria	1781|1789|1799|1809
T	1779|1780|1781|1782|1784|1786|1787|1789|1790|1791|1792|1797|1798|1800|1801|1802|1803|1809|1811|1812|1813|1815|1816|1817|1818|1819|1820|1821|1822|1823|1824|1825|1826
Taa	1784
Tabwa	1819
Tagalog	1809
Tagbanwa	1809
Taiwan	1781|1789|1799|1809
Tajikistan	1781|1789|1799|1809|1823
Tajuasohn	1779
Tal	1787
Talinga	1817
Talk	1777|1778|1779|1780|1781|1782|1783|1784|1785|1786|1787|1788|1789|1790|1791|1792|1793|1794|1795|1796|1797|1798|1799|1800|1801|1802|1803|1804|1805|1806|1807|1808|1809|1810|1811|1812|1813|1814|1815|1816|1817|1818|1819|1820|1821|1822|1823|1824|1825|1826
Tama	1802
Tamambo	1818
Tambas	1787
Tamil	1781
Tanema	1811
Tangale	1787
Tanimbili	1811
Taos	1813
Taram	1787
Tarok	1787
Tausug	1781
Tboli	1809
Teanu	1811
Teberan	1791
Teda	1787
Telegraph	1823
Teme	1787
Temein	1802
Temiar	1781
Temne	1798
Temoq	1781
Temotu	1811
Template	1778|1784|1789|1792|1800|1803|1809|1813|1817|1819|1820|1822|1823
Temuan	1781
Tennet	1802
Teodor	1822
Tepes	1817
Terms	1777|1778|1779|1780|1781|1782|1783|1784|1785|1786|1787|1788|1789|1790|1791|1792|1793|1794|1795|1796|1797|1798|1799|1800|1801|1802|1803|1804|1805|1806|1807|1808|1809|1810|1811|1812|1813|1814|1815|1816|1817|1818|1819|1820|1821|1822|1823|1824|1825|1826
Territorial	1823
Territory	1781|1789|1799|1809
Teso	1817
Tetepare	1811
Tewa	1813
Texas	1813
Text	1777|1778|1779|1780|1781|1782|1783|1784|1785|1786|1787|1788|1789|1790|1791|1792|1793|1794|1795|1796|1797|1798|1799|1800|1801|1802|1803|1804|1805|1806|1807|1808|1809|1810|1811|1812|1813|1814|1815|1816|1817|1818|1819|1820|1821|1822|1823|1824|1825|1826
Thai	1781
Thailand	1781|1789|1799|1809
Thalochi	1789
Thank	1823
The	1777|1778|1779|1780|1781|1782|1783|1784|1785|1786|1787|1788|1789|1790|1791|1792|1793|1794|1795|1796|1797|1798|1799|1800|1801|1802|1803|1804|1805|1807|1808|1809|1810|1811|1812|1813|1814|1815|1816|1817|1818|1819|1820|1821|1822|1823|1824|1825|1826
Third	1813
This	1777|1778|1779|1780|1781|1782|1783|1784|1785|1786|1787|1788|1789|1790|1791|1792|1793|1794|1795|1796|1797|1798|1799|1800|1801|1802|1803|1804|1805|1806|1807|1808|1809|1810|1811|1812|1813|1814|1815|1816|1817|1818|1819|1820|1821|1822|1823|1824|1825|1826
Thomas	1822
Thompson	1813
Ti	1781|1821|1824
Tic-tac	1812
Tikopia	1811
Timor	1781|1789|1799|1809
Timor-Leste	1781|1789|1799|1809
Tip	1791|1824
Tirio	1791
Tiruray	1809
Titus	1822
Tiwa	1813
Tlingit	1813
To	1822|1823
Tobago	1816
Tobagonian	1816
Tobchi	1823
Tobian	1790
Togoyo	1801
Tok	1791|1818
Tokelau	1786|1815
Tokelauan	1815
Tokiyasu	1822
Tolomako	1818
Tomasz	1822
Tombonuwo	1809
Tonga	1780|1819|1820|1823
Tongva	1813
Toolbox	1777|1778|1779|1780|1781|1782|1783|1784|1785|1786|1787|1788|1789|1790|1791|1792|1793|1794|1795|1796|1797|1798|1799|1800|1801|1802|1803|1804|1805|1806|1807|1808|1809|1810|1811|1812|1813|1814|1815|1816|1817|1818|1819|1820|1821|1822|1823|1824|1825|1826
Tooro	1817
Top	1813|1821|1822|1823
Top-level	1823
Toposa	1801
Torricelli	1791
Torwali	1789
Touo	1811
Tour	1826
Trade	1824
Training	1824
Trans-Fly	1791
Transgender	1824|1826
Treaty	1823
Tribunal	1822
Tring	1781
Tringgus	1781
Trinidad	1816
Trinidadian	1816
True	1826
Tshwa	1820
Tsimshianic	1813
Tsonga	1800|1803|1820
Tswana	1778|1784|1800|1820
Tulishi	1802
Tumbuka	1780|1819
Tumtum	1802
Turama	1791
Turkey	1781|1789|1799|1809|1823
Turkmenistan	1781|1789|1799|1809
Turks	1812
Tuscarora	1813
Tuu	1800
Twana	1813
Tweebuffelsmeteenskootmorsdoodgeskietfontein	1800
U	1784|1789|1801|1811|1813|1818|1821|1822|1823
UK-law-bio-stub	1823
UK-law-stub	1823
US-fed-statute-stub	1823
US-judge-stub	1823
US-law-bio-stub	1823
US-law-stub	1823
US-legal-academic-bio-stub	1823
Uduk	1801
Uganda	1817
Ugandan	1817
Ughele	1811
Ukrainian	1813
Umbundu	1784
Unami	1813
Ungkue	1800
Union-related	1823
United	1781|1789|1799|1809|1812|1813|1814|1823
Upload	1777|1778|1779|1780|1781|1782|1783|1784|1785|1786|1787|1788|1789|1790|1791|1792|1793|1794|1795|1796|1797|1798|1799|1800|1801|1802|1803|1804|1805|1806|1807|1808|1809|1810|1811|1812|1813|1814|1815|1816|1817|1818|1819|1820|1821|1822|1823|1824|1825|1826
Upper	1791
Uprising	1825
Urdu	1789
Uripiv	1818
Use	1777|1778|1779|1780|1781|1782|1783|1784|1785|1786|1787|1788|1789|1790|1791|1792|1793|1794|1795|1796|1797|1798|1799|1800|1801|1802|1803|1804|1805|1806|1807|1808|1809|1810|1811|1812|1813|1814|1815|1816|1817|1818|1819|1820|1821|1822|1823|1824|1825|1826
User	1824
Ushoji	1789
Ute	1813
Uto-Aztecan	1813
Utupua	1811
Uyghur	1789
Uzbekistan	1781|1789|1799|1809
V	1779|1789|1795|1800|1805|1811|1813|1814|1820|1821|1822|1823
Vaeakau-Taumako	1811
Vaghua	1811
Vai	1779
Valley	1813
Vangunu	1811
Vanikoro	1811
Vanji	1789
Vano	1811
Vanuatu	1818
Vanuatuan	1818
Variants	1777|1778|1779|1780|1781|1782|1783|1784|1785|1786|1787|1788|1789|1790|1791|1792|1793|1794|1795|1796|1797|1798|1799|1800|1801|1802|1803|1804|1805|1806|1807|1808|1809|1810|1811|1812|1813|1814|1815|1816|1817|1818|1819|1820|1821|1822|1823|1824|1825|1826
Varisi	1811
Venda	1800|1820
Venture	1813
Verde	1823
Vermont	1823
Vi	1781|1821|1824
Vietnam	1781|1789|1799|1809|1823
View	1777|1778|1779|1780|1781|1782|1783|1784|1785|1786|1787|1788|1789|1790|1791|1792|1793|1794|1795|1796|1797|1798|1799|1800|1801|1802|1803|1804|1805|1806|1807|1808|1809|1810|1811|1812|1813|1814|1815|1816|1817|1818|1819|1820|1821|1822|1823|1824|1825|1826
Views	1777|1778|1779|1780|1781|1782|1783|1784|1785|1786|1787|1788|1789|1790|1791|1792|1793|1794|1795|1796|1797|1798|1799|1800|1801|1802|1803|1804|1805|1806|1807|1808|1809|1810|1811|1812|1813|1814|1815|1816|1817|1818|1819|1820|1821|1822|1823|1824|1825|1826
Vincent	1795
Vincentian	1795
Virgin	1805|1813|1814
Virginia	1823
Viri	1801
Vladimir	1822
Vladislav	1822
Vulgate	1821
W	1779|1781|1789|1791|1801|1807|1809|1811|1812|1813|1818|1819|1821|1822|1823|1824|1825
Wahgi	1791
Wahlah	1822
Waigali	1789
Wailaki	1813
Wakhi	1789
Wala	1811
Wales	1812
Wanda	1819
Wappo	1813
Waray-Waray	1809
Warsaw	1825
Washington	1823
Washo	1813
Wayne	1822
Wazirwola	1789
Wee	1779
Welsh	1812|1824
Welsh-Romani	1812
West	1791|1801|1812|1813|1818|1823
Western	1791|1800
Wet	1822
What	1777|1778|1779|1780|1781|1782|1783|1784|1785|1786|1787|1788|1789|1790|1791|1792|1793|1794|1795|1796|1797|1798|1799|1800|1801|1802|1803|1804|1805|1806|1807|1808|1809|1810|1811|1812|1813|1814|1815|1816|1817|1818|1819|1820|1821|1822|1823|1824|1825|1826
Whitesands	1818
Wichita	1813
WikiProject	1822|1823
Wikimedia	1777|1778|1779|1780|1781|1782|1783|1784|1785|1786|1787|1788|1789|1790|1791|1792|1793|1794|1795|1796|1797|1798|1799|1800|1801|1802|1803|1804|1805|1806|1807|1808|1809|1810|1811|1812|1813|1814|1815|1816|1817|1818|1819|1820|1821|1822|1823|1824|1825|1826
Wikipedia	1777|1778|1779|1780|1781|1782|1783|1784|1785|1786|1787|1788|1789|1790|1791|1792|1793|1794|1795|1796|1797|1798|1799|1800|1801|1802|1803|1804|1805|1806|1807|1808|1809|1810|1811|1812|1813|1814|1815|1816|1817|1818|1819|1820|1821|1822|1823|1824|1825|1826
Wila'	1781
Winnebago	1813
Wolof	1807
Wolofal	1807
Wong	1781
Worldwide	1823
Wyoming	1823
X	1784|1800|1813|1821|1822|1823
Xam	1800
Xavier	1822
Xegwi	1800
Xhosa	1800
Xiri	1784|1800
Y	1780|1781|1784|1786|1798|1809|1812|1813|1816|1819|1821|1822|1823
Yakan	1809
Yalunka	1798
Yan	1812
Yao	1780|1816
Yauma	1819
Yehuda	1822
Yemen	1781|1789|1799|1809|1823
Yeyi	1784
Yigal	1822
Yor	1787
You	1822|1823
Yue	1781|1786|1809
Yuki	1822
Yusuf	1822
Z	1784|1789|1800|1801|1802|1811|1813|1819|1821|1822|1823|1824
Zabana	1811
Zaghawa	1802
Zambia	1819|1820
Zambian	1819
Zambian-language	1819
Zande	1801
Zargari	1789
Zazao	1811
Zealand	1786|1788|1815|1822
Zemba	1784
Ziauddin	1824
Zimbabwe	1820
Zimbabwean	1820
Zone	1823
Zulu	1800
a	1777|1778|1779|1780|1781|1782|1783|1784|1785|1786|1787|1788|1789|1790|1791|1792|1793|1794|1795|1796|1797|1798|1799|1800|1801|1802|1803|1804|1805|1806|1807|1808|1809|1810|1811|1812|1813|1814|1815|1816|1817|1818|1819|1820|1821|1822|1823|1824|1825|1826
abbreviations	1799|1813|1821
abolition	1823
academic	1823
account	1777|1778|1779|1780|1781|1782|1783|1784|1785|1786|1787|1788|1789|1790|1791|1792|1793|1794|1795|1796|1797|1798|1799|1800|1801|1802|1803|1804|1805|1806|1807|1808|1809|1810|1811|1812|1813|1814|1815|1816|1817|1818|1819|1820|1821|1822|1823|1824|1825|1826
ad	1821
add	1822|1823
additional	1777|1778|1779|1780|1781|1782|1783|1784|1785|1786|1787|1788|1789|1790|1791|1792|1793|1794|1795|1796|1797|1798|1799|1800|1801|1802|1803|1804|1805|1806|1807|1808|1809|1810|1811|1812|1813|1814|1815|1816|1817|1818|1819|1820|1821|1822|1823|1824|1825|1826
adiuvat	1821
adjectives	1821
adjustment	1823
administrative	1789
adoption	1823
agency	1823
ais	1777|1778|1779|1780|1781|1782|1783|1784|1785|1786|1787|1789|1790|1791|1792|1794|1796|1797|1798|1799|1800|1802|1803|1807|1808|1809|1811|1812|1813|1816|1817|1818|1819|1820|1821|1823|1824|1826
al-Amiri	1822
al-Bakri	1822
al-Duleimi	1822
al-Fara	1822
album	1821
alet	1821
allowed	1823
alphabet	1787|1789|1802
also	1821
amoris	1821
an	1822|1823
ancient	1821
and	1781|1789|1791|1793|1795|1796|1799|1809|1812|1813|1816|1818|1821|1822|1823|1824|1825|1826
anthem	1826
any	1824
applicable	1824
apply	1777|1778|1779|1780|1781|1782|1783|1784|1785|1786|1787|1788|1789|1790|1791|1792|1793|1794|1795|1796|1797|1798|1799|1800|1801|1802|1803|1804|1805|1806|1807|1808|1809|1810|1811|1812|1813|1814|1815|1816|1817|1818|1819|1820|1821|1822|1823|1824|1825|1826
are	1777|1778|1779|1780|1781|1782|1783|1784|1785|1786|1787|1788|1789|1790|1791|1792|1793|1794|1795|1796|1797|1798|1799|1800|1801|1802|1803|1804|1805|1807|1808|1809|1810|1811|1812|1813|1814|1815|1816|1817|1818|1819|1820|1821|1822|1823|1824|1825|1826
areas	1789
art	1821
article	1777|1778|1779|1780|1781|1782|1783|1784|1785|1786|1787|1788|1789|1790|1791|1792|1793|1794|1795|1796|1797|1798|1799|1800|1801|1802|1803|1804|1805|1806|1807|1808|1809|1810|1811|1812|1813|1814|1815|1816|1817|1818|1819|1820|1821|1822|1823|1824|1825|1826
articles	1822|1823|1824
as	1777|1778|1779|1780|1781|1782|1783|1784|1785|1786|1787|1788|1789|1790|1791|1792|1793|1794|1795|1796|1797|1798|1799|1800|1801|1802|1803|1804|1805|1806|1807|1808|1809|1810|1811|1812|1813|1814|1815|1816|1817|1818|1819|1820|1821|1822|1823|1824|1825|1826
assignment	1823
at	1777|1778|1779|1780|1781|1782|1783|1784|1785|1786|1787|1788|1789|1790|1791|1792|1793|1794|1795|1796|1797|1798|1799|1800|1801|1802|1803|1804|1805|1806|1807|1808|1809|1810|1811|1812|1813|1814|1815|1816|1817|1818|1819|1820|1821|1822|1823|1824|1825|1826
attack	1825
attacks	1825
available	1777|1778|1779|1780|1781|1782|1783|1784|1785|1786|1787|1788|1789|1790|1791|1792|1793|1794|1795|1796|1797|1798|1799|1800|1801|1802|1803|1804|1805|1806|1807|1808|1809|1810|1811|1812|1813|1814|1815|1816|1817|1818|1819|1820|1821|1822|1823|1824|1825|1826
avoid	1824
aw	1822
b	1787
baltici	1821
barrister	1824
basis	1823
batulabal	1813
be	1824
because	1816
becoming	1824
before	1822|1823
bella	1821
below	1823
bench	1823
bestias	1821
bio	1823
biographical	1823
biography	1822|1823
biological	1821
bo	1801
bokm	1777|1778|1779|1780|1781|1782|1783|1784|1785|1786|1787|1789|1790|1791|1792|1793|1794|1795|1796|1797|1798|1799|1800|1801|1802|1803|1807|1808|1809|1811|1812|1813|1816|1817|1818|1819|1820|1821|1823|1824
bombings	1825
bonum	1821
book	1777|1778|1779|1780|1781|1782|1783|1784|1785|1786|1787|1788|1789|1790|1791|1792|1793|1794|1795|1796|1797|1798|1799|1800|1801|1802|1803|1804|1805|1806|1807|1808|1809|1810|1811|1812|1813|1814|1815|1816|1817|1818|1819|1820|1821|1822|1823|1824|1825|1826
brevis	1821
by	1777|1778|1779|1780|1781|1782|1783|1784|1785|1786|1787|1788|1789|1790|1791|1792|1793|1794|1795|1796|1797|1798|1800|1801|1802|1803|1804|1806|1807|1808|1809|1810|1811|1812|1813|1815|1816|1817|1818|1819|1820|1822|1823|1824|1825
c	1822
can	1822|1823
card	1823
case	1823
case-law-stub	1823
categories	1781|1789|1799|1809|1822|1823|1824
category	1777|1778|1779|1780|1781|1782|1783|1784|1785|1786|1787|1788|1789|1790|1791|1792|1793|1794|1795|1796|1797|1798|1799|1800|1801|1802|1803|1804|1805|1806|1807|1808|1809|1810|1811|1812|1813|1814|1815|1816|1817|1818|1819|1820|1821|1822|1823|1824|1825|1826
causas	1821
century	1824
cetera	1821
chair	1823
changes	1777|1778|1779|1780|1781|1782|1783|1784|1785|1786|1787|1788|1789|1790|1791|1792|1793|1794|1795|1796|1797|1798|1799|1800|1801|1802|1803|1804|1805|1806|1807|1808|1809|1810|1811|1812|1813|1814|1815|1816|1817|1818|1819|1820|1821|1822|1823|1824|1825|1826
charge	1823
chasing	1823
choruses	1826
circuses	1821
civil	1823
classical	1821
clause	1823
clerk	1823
cognoscere	1821
commendam	1821
commonly	1821
complexity	1818
concept	1821
condita	1821
conscription	1823
consequences	1825
consul	1822
cont	1779|1780|1781|1786|1787|1789|1791|1798|1799|1800|1801|1802|1811|1812|1813|1816|1817|1818|1819|1820|1821|1822|1823|1824|1826
contain	1824
contains	1806|1823
content	1777|1778|1779|1780|1781|1782|1783|1784|1785|1786|1787|1788|1789|1790|1791|1792|1793|1794|1795|1796|1797|1798|1799|1800|1801|1802|1803|1804|1805|1806|1807|1808|1809|1810|1811|1812|1813|1814|1815|1816|1817|1818|1819|1820|1821|1822|1823|1824|1825|1826
context	1823
contingent	1823
contract	1823|1824
control	1823
corporation	1823
costs	1823
counsel	1823|1824
country	1777|1778|1779|1780|1781|1782|1783|1784|1785|1786|1787|1788|1789|1790|1791|1792|1793|1794|1795|1796|1797|1798|1800|1801|1802|1803|1804|1806|1807|1808|1809|1810|1811|1812|1813|1815|1816|1817|1818|1819|1820
coup	1825
court	1823
courts	1823
create	1823
creation	1822|1823
credit	1823
creole	1809
crime	1823
crime-org-stub	1823
crime-stub	1823
criminal	1823
criminal-law-stub	1823
culture	1777|1778|1779|1780|1781|1782|1783|1784|1785|1786|1787|1788|1789|1790|1791|1792|1793|1794|1795|1796|1797|1798|1799|1800|1801|1802|1803|1804|1805|1806|1807|1808|1809|1811|1812|1813|1814|1815|1816|1817|1818|1819|1820|1821|1823|1826
current	1821
cursu	1821
d	1822
d'	1825
d'Alene	1813
da	1822
damages	1823
das	1822
de	1821|1822|1823
death	1823
decorum	1821
der	1822
derivatives	1821
designation	1823
details	1777|1778|1779|1780|1781|1782|1783|1784|1785|1786|1787|1788|1789|1790|1791|1792|1793|1794|1795|1796|1797|1798|1799|1800|1801|1802|1803|1804|1805|1806|1807|1808|1809|1810|1811|1812|1813|1814|1815|1816|1817|1818|1819|1820|1821|1822|1823|1824|1825|1826
detainee	1823
determination	1823
dialect	1781|1784|1787|1789|1800|1801|1809|1812|1813|1817|1819
dialects	1812|1813
died	1824
diffusion	1824
directly	1824
disambiguation	1821
disaster	1825
discretion	1823
disputandum	1821
dixit	1821
do	1823
doctrine	1823
dog	1823
doloris	1821
dracones	1821
duodecim	1821
duty	1823
e	1780|1781|1782|1784|1786|1789|1792|1797|1799|1800|1802|1809|1812|1813|1817|1819|1820|1821|1823|1824
earthquake	1825
easement	1823
eastern	1813
ecclesiastical	1821
education	1789|1799|1812|1813|1824
eele	1787
effects	1825
ego	1821
en	1777|1778|1779|1780|1781|1782|1783|1784|1785|1786|1787|1788|1789|1790|1791|1792|1793|1794|1795|1796|1797|1798|1799|1800|1801|1802|1803|1804|1805|1806|1807|1808|1809|1810|1811|1812|1813|1814|1815|1816|1817|1818|1819|1820|1821|1822|1823|1824|1825|1826
encyclopedia	1777|1778|1779|1780|1781|1782|1783|1784|1785|1786|1787|1788|1789|1790|1791|1792|1793|1794|1795|1796|1797|1798|1799|1800|1801|1802|1803|1804|1805|1806|1807|1808|1809|1810|1811|1812|1813|1814|1815|1816|1817|1818|1819|1820|1821|1822|1823|1824|1825|1826
endangered	1813
enforcement	1823
error	1823
eruption	1825
esky	1781|1784|1789|1791|1792|1799|1800|1802|1809|1812|1813|1817|1819|1821|1824
est	1821
estoppel	1823
et	1821
ethnicity	1824
eundem	1821
events	1777|1778|1779|1780|1781|1782|1783|1784|1785|1786|1787|1788|1789|1790|1791|1792|1793|1794|1795|1796|1797|1798|1799|1800|1801|1802|1803|1804|1805|1806|1807|1808|1809|1810|1811|1812|1813|1814|1815|1816|1817|1818|1819|1820|1821|1822|1823|1824|1825|1826
exoneration	1823
expanding	1822|1823
export	1777|1778|1779|1780|1781|1782|1783|1784|1785|1786|1787|1788|1789|1790|1791|1792|1793|1794|1795|1796|1797|1798|1799|1800|1801|1802|1803|1804|1805|1806|1807|1808|1809|1810|1811|1812|1813|1814|1815|1816|1817|1818|1819|1820|1821|1822|1823|1824|1825|1826
extinct	1813
facere	1821
facto	1823
fall	1823
familias	1823
fata	1821
fati	1821
federal	1823
feminae	1821
few	1824
fide	1821
file	1777|1778|1779|1780|1781|1782|1783|1784|1785|1786|1787|1788|1789|1790|1791|1792|1793|1794|1795|1796|1797|1798|1799|1800|1801|1802|1803|1804|1805|1806|1807|1808|1809|1810|1811|1812|1813|1814|1815|1816|1817|1818|1819|1820|1821|1822|1823|1824|1825|1826
firm	1823
first	1823
following	1777|1778|1779|1780|1781|1782|1783|1784|1785|1786|1787|1788|1789|1790|1791|1792|1793|1794|1795|1796|1797|1798|1799|1800|1801|1802|1803|1804|1805|1806|1807|1808|1809|1810|1811|1812|1813|1814|1815|1816|1817|1818|1819|1820|1821|1822|1823|1824|1825|1826
fontes	1821
for	1777|1778|1779|1780|1781|1782|1783|1784|1785|1786|1787|1788|1789|1790|1791|1792|1793|1794|1795|1796|1797|1798|1799|1800|1801|1802|1803|1804|1805|1806|1807|1808|1809|1810|1811|1812|1813|1814|1815|1816|1817|1818|1819|1820|1821|1822|1823|1824|1825|1826
forbidden	1823
fortia	1821
fortuna	1821
found	1821
free	1777|1778|1779|1780|1781|1782|1783|1784|1785|1786|1787|1788|1789|1790|1791|1792|1793|1794|1795|1796|1797|1798|1799|1800|1801|1802|1803|1804|1805|1806|1807|1808|1809|1810|1811|1812|1813|1814|1815|1816|1817|1818|1819|1820|1821|1822|1823|1824|1825|1826
frequent	1824
from	1777|1778|1779|1780|1781|1782|1783|1784|1785|1786|1787|1788|1789|1790|1791|1792|1793|1794|1795|1796|1797|1798|1799|1800|1801|1802|1803|1804|1805|1806|1807|1808|1809|1810|1811|1812|1813|1814|1815|1816|1817|1818|1819|1820|1821|1822|1823|1824|1825|1826
full	1821
gay	1826
genres	1826
gift	1823
gloriam	1821
grammar	1789|1800|1813
groups	1826
gustibus	1821
has	1778|1779|1781|1782|1784|1786|1787|1789|1791|1792|1796|1799|1800|1801|1802|1807|1808|1809|1812|1813|1816|1817|1818|1821|1822|1823|1824|1825|1826
help	1822|1823
here	1777|1778|1779|1780|1781|1782|1783|1784|1785|1786|1787|1788|1789|1790|1791|1792|1793|1794|1795|1796|1797|1798|1799|1800|1801|1802|1803|1804|1805|1806|1807|1808|1809|1810|1811|1812|1813|1814|1815|1816|1817|1818|1819|1820|1821|1822|1823|1824|1825|1826
history	1777|1778|1779|1780|1781|1782|1783|1784|1785|1786|1787|1788|1789|1790|1791|1792|1793|1794|1795|1796|1797|1798|1799|1800|1801|1802|1803|1804|1805|1806|1807|1808|1809|1810|1811|1812|1813|1814|1815|1816|1817|1818|1819|1820|1821|1822|1823|1824|1825|1826
hoc	1821
hoku	1825
honorem	1821
honorum	1821
hop	1826
horribilis	1821
http	1777|1778|1779|1780|1781|1782|1783|1784|1785|1786|1787|1788|1789|1790|1791|1792|1793|1794|1795|1796|1797|1798|1799|1800|1801|1802|1803|1804|1805|1806|1807|1808|1809|1810|1811|1812|1813|1814|1815|1816|1817|1818|1819|1820|1821|1822|1823|1824|1825|1826
human	1823
iacta	1821
icon	1826
ictu	1821
if	1824
igitur	1821
ignorabimus	1821
ik	1813
immigrants	1813|1816
in	1777|1778|1779|1780|1781|1782|1783|1784|1785|1786|1787|1788|1789|1790|1791|1792|1793|1794|1795|1796|1797|1798|1799|1800|1801|1802|1803|1804|1805|1806|1807|1808|1809|1810|1811|1812|1813|1814|1815|1816|1817|1818|1819|1820|1821|1822|1823|1824|1825|1826
ina	1821|1823|1824
including	1813
index	1777|1778|1779|1780|1781|1782|1783|1784|1785|1786|1787|1788|1789|1790|1791|1792|1793|1794|1795|1796|1797|1798|1799|1800|1801|1802|1803|1804|1805|1806|1807|1808|1809|1810|1811|1812|1813|1814|1815|1816|1817|1818|1819|1820|1821|1822|1823|1824|1825|1826
indigenous	1813
infinitum	1821
influence	1799
information	1777|1778|1779|1780|1781|1782|1783|1784|1785|1786|1787|1788|1789|1790|1791|1792|1793|1794|1795|1796|1797|1798|1799|1800|1801|1802|1803|1804|1805|1806|1807|1808|1809|1810|1811|1812|1813|1814|1815|1816|1817|1818|1819|1820|1821|1822|1823|1824|1825|1826
instead	1822|1823
insurance	1823
into	1809|1823
introduced	1813
inveniendi	1821
ipsum	1821
is	1777|1778|1779|1780|1781|1782|1783|1784|1785|1786|1787|1788|1789|1790|1791|1792|1793|1794|1795|1796|1797|1798|1799|1800|1801|1802|1803|1804|1805|1806|1807|1808|1809|1810|1811|1812|1813|1814|1815|1816|1817|1818|1819|1820|1821|1822|1823|1824|1825|1826
it	1823
itr	1822
iwoo	1811
judge	1822|1823
judges	1822
jurisdiction	1823
jurisprudence	1823
jurist	1822
jurists	1822
jury	1823
juvantibus	1821
k	1823
kiting	1823
koot	1817
kull	1825
l	1777|1778|1779|1780|1781|1782|1783|1784|1785|1786|1787|1789|1790|1791|1792|1793|1794|1795|1796|1797|1798|1799|1800|1801|1802|1803|1807|1808|1809|1811|1812|1813|1816|1817|1818|1819|1820|1821|1822|1823|1824
la	1822
labeling	1823
labels	1826
lake	1780
lane	1823
language	1777|1778|1779|1780|1781|1782|1783|1784|1785|1786|1787|1788|1789|1790|1791|1792|1793|1794|1795|1796|1797|1798|1799|1800|1801|1802|1803|1804|1805|1806|1807|1808|1809|1810|1811|1812|1813|1814|1815|1816|1817|1818|1819|1820|1821
language-only	1813
languages	1777|1778|1779|1781|1784|1787|1788|1789|1791|1798|1799|1800|1801|1802|1803|1807|1808|1809|1810|1811|1813|1815|1817|1818|1820
large	1824
last	1777|1778|1779|1780|1781|1782|1783|1784|1785|1786|1787|1788|1789|1790|1791|1792|1793|1794|1795|1796|1797|1798|1799|1800|1801|1802|1803|1804|1805|1806|1807|1808|1809|1810|1811|1812|1813|1814|1815|1816|1817|1818|1819|1820|1821|1822|1823|1824|1825|1826
law	1822|1823|1824
law-bio-stub	1822|1823
law-enforcement-stub	1823
law-firm-stub	1823
law-related	1823
law-stub	1823
law-term-stub	1823
lawschool-stub	1823
lawyer	1823|1824
lawyers	1822|1824
le	1822
learn	1777|1778|1779|1780|1781|1782|1783|1784|1785|1786|1787|1788|1789|1790|1791|1792|1793|1794|1795|1796|1797|1798|1799|1800|1801|1802|1803|1804|1805|1806|1807|1808|1809|1810|1811|1812|1813|1814|1815|1816|1817|1818|1819|1820|1821|1822|1823|1824|1825|1826
lease	1823
legacy	1825
legal	1821|1822|1823
legend	1813
legislation	1823
levelling	1812
lex	1821
lez	1822
lez-Salas	1822
libelli	1821
libitum	1821
license	1823
lien	1823
liens	1823
limited	1781|1789|1799|1809
linguis	1821
link	1777|1778|1779|1780|1781|1782|1783|1784|1785|1786|1787|1788|1789|1790|1791|1792|1793|1794|1795|1796|1797|1798|1799|1800|1801|1802|1803|1804|1805|1806|1807|1808|1809|1810|1811|1812|1813|1814|1815|1816|1817|1818|1819|1820|1821|1822|1823|1824|1825|1826
links	1777|1778|1779|1780|1781|1782|1783|1784|1785|1786|1787|1788|1789|1790|1791|1792|1793|1794|1795|1796|1797|1798|1799|1800|1801|1802|1803|1804|1805|1806|1807|1808|1809|1810|1811|1812|1813|1814|1815|1816|1817|1818|1819|1820|1821|1822|1823|1824|1825|1826
list	1777|1778|1779|1780|1781|1782|1783|1784|1785|1786|1787|1788|1789|1790|1791|1792|1793|1794|1795|1796|1797|1798|1799|1800|1801|1802|1803|1804|1805|1806|1807|1808|1809|1810|1811|1812|1813|1814|1815|1816|1817|1818|1819|1820|1821|1822|1823|1824|1825|1826
literary	1821
literature	1812|1813
loanwords	1821
longa	1821
los	1822
lu	1822
m	1781|1791
m-g	1809|1824
magazine	1823
magistrate	1823
main	1778|1781|1786|1787|1789|1791|1799|1803|1809|1812|1813|1817|1821|1824
mainly	1824
maintained	1822|1823
maintenance	1824
maiorem	1821
many	1816
maris	1821
marriage	1823
mater	1821
matris	1821
may	1777|1778|1779|1780|1781|1782|1783|1784|1785|1786|1787|1788|1789|1790|1791|1792|1793|1794|1795|1796|1797|1798|1799|1800|1801|1802|1803|1804|1805|1806|1807|1808|1809|1810|1811|1812|1813|1814|1815|1816|1817|1818|1819|1820|1821|1822|1823|1824|1825|1826
media	1779|1781|1784|1786|1787|1789|1791|1799|1800|1801|1802|1809|1812|1813|1816|1817|1824
medical	1821
medieval	1821
membra	1821
memorandum	1823
men's	1826
menu	1777|1778|1779|1780|1781|1782|1783|1784|1785|1786|1787|1788|1789|1790|1791|1792|1793|1794|1795|1796|1797|1798|1799|1800|1801|1802|1803|1804|1805|1806|1807|1808|1809|1810|1812|1813|1814|1815|1816|1817|1818|1819|1820|1821|1822|1823|1824|1826
mergitur	1821
mez	1822
mirabilis	1821
modified	1777|1778|1779|1780|1781|1782|1783|1784|1785|1786|1787|1788|1789|1790|1791|1792|1793|1794|1795|1796|1797|1798|1799|1800|1801|1802|1803|1804|1805|1806|1807|1808|1809|1810|1811|1812|1813|1814|1815|1816|1817|1818|1819|1820|1821|1822|1823|1824|1825|1826
moenia	1821
monetae	1821
more	1777|1778|1779|1780|1781|1782|1783|1784|1785|1786|1787|1788|1789|1790|1791|1792|1793|1794|1795|1796|1797|1798|1799|1800|1801|1802|1803|1804|1805|1806|1807|1808|1809|1810|1811|1812|1813|1814|1815|1816|1817|1818|1819|1820|1821|1822|1823|1824|1825|1826
mori	1821
morituri	1821
mortuis	1821
mortuum	1821
mottos	1821
moved	1824
movement	1813
multilingual	1813
mundi	1821
murder	1823
music	1826
musical	1826
musicians	1826
mutata	1821
my	1822
n	1813|1821|1822|1824
n-l	1809|1824
names	1821
nationality	1823|1824
nauseam	1821
navigation	1777|1778|1779|1780|1781|1782|1783|1784|1785|1786|1787|1788|1789|1790|1791|1792|1793|1794|1795|1796|1797|1798|1799|1800|1801|1802|1803|1804|1805|1806|1807|1808|1809|1810|1811|1812|1813|1814|1815|1816|1817|1818|1819|1820|1821|1822|1823|1824|1825|1826
nchez	1824
nec	1821
negligence	1823
new	1822|1823
next	1787|1791|1813|1821|1822|1823
ng	1781|1800|1821|1824
ngeles	1822
ni	1822
nico	1823
nihilo	1821
nil	1821
nio	1822
nisi	1821
non	1821
non-profit	1777|1778|1779|1780|1781|1782|1783|1784|1785|1786|1787|1788|1789|1790|1791|1792|1793|1794|1795|1796|1797|1798|1799|1800|1801|1802|1803|1804|1805|1806|1807|1808|1809|1810|1811|1812|1813|1814|1815|1816|1817|1818|1819|1820|1821|1822|1823|1824|1825|1826
not	1777|1778|1779|1780|1781|1782|1783|1784|1785|1786|1787|1788|1789|1790|1791|1792|1793|1794|1795|1796|1797|1798|1799|1800|1801|1802|1803|1804|1805|1806|1807|1808|1809|1810|1811|1812|1813|1814|1815|1816|1817|1818|1819|1820|1821|1822|1823|1824|1825|1826
nova	1821
novo	1821
nski	1824
nuhi	1822
nunquam	1821
nynorsk	1778|1779|1780|1781|1783|1784|1786|1787|1789|1792|1797|1798|1799|1800|1802|1803|1809|1812|1813|1817|1819|1820|1821|1824
o	1809|1813|1822
observation	1823
occupation	1822
oculi	1821
of	1777|1778|1779|1780|1781|1782|1783|1784|1785|1786|1787|1788|1789|1790|1791|1792|1793|1794|1795|1796|1797|1798|1799|1800|1801|1802|1803|1804|1805|1806|1807|1808|1809|1810|1811|1812|1813|1814|1815|1816|1817|1818|1819|1820|1821|1822|1823|1824|1825|1826
officer	1823
ol	1777|1778|1779|1780|1781|1782|1783|1784|1785|1786|1787|1788|1789|1790|1791|1792|1793|1794|1795|1796|1797|1798|1799|1800|1801|1802|1803|1804|1806|1807|1808|1809|1811|1812|1813|1814|1816|1817|1818|1819|1820|1821|1824|1826
oldid	1777|1778|1779|1780|1781|1782|1783|1784|1785|1786|1787|1788|1789|1790|1791|1792|1793|1794|1795|1796|1797|1798|1799|1800|1801|1802|1803|1804|1805|1806|1807|1808|1809|1810|1811|1812|1813|1814|1815|1816|1817|1818|1819|1820|1821|1822|1823|1824|1825|1826
omiej	1822
on	1777|1778|1779|1780|1781|1782|1783|1784|1785|1786|1787|1788|1789|1790|1791|1792|1793|1794|1795|1796|1797|1798|1799|1800|1801|1802|1803|1804|1805|1806|1807|1808|1809|1810|1811|1812|1813|1814|1815|1816|1817|1818|1819|1820|1821|1822|1823|1824|1825|1826
one	1823
only	1778|1782|1792|1796|1806|1808|1818
opera	1826
or	1813
oral	1813
orbis	1821
ordinances	1823
org	1777|1778|1779|1780|1781|1782|1783|1784|1785|1786|1787|1788|1789|1790|1791|1792|1793|1794|1795|1796|1797|1798|1799|1800|1801|1802|1803|1804|1805|1806|1807|1808|1809|1810|1811|1812|1813|1814|1815|1816|1817|1818|1819|1820|1821|1822|1823|1824|1825|1826
organization	1777|1778|1779|1780|1781|1782|1783|1784|1785|1786|1787|1788|1789|1790|1791|1792|1793|1794|1795|1796|1797|1798|1799|1800|1801|1802|1803|1804|1805|1806|1807|1808|1809|1810|1811|1812|1813|1814|1815|1816|1817|1818|1819|1820|1821|1822|1823|1824|1825|1826
ori	1786
orientem	1821
origin	1823
origo	1821
orthography	1819
other	1781|1789|1799|1809
out	1777|1778|1779|1780|1781|1782|1783|1784|1785|1786|1787|1788|1789|1790|1791|1792|1793|1794|1795|1796|1797|1798|1799|1800|1801|1802|1803|1804|1805|1807|1808|1809|1810|1811|1812|1813|1814|1815|1816|1817|1818|1819|1820|1821|1822|1823|1824|1825|1826
ownership	1823
page	1777|1778|1779|1780|1781|1782|1783|1784|1785|1786|1787|1788|1789|1790|1791|1792|1793|1794|1795|1796|1797|1798|1799|1800|1801|1802|1803|1804|1805|1806|1807|1808|1809|1810|1811|1812|1813|1814|1815|1816|1817|1818|1819|1820|1821|1822|1823|1824|1825|1826
pages	1777|1778|1779|1780|1781|1782|1783|1784|1785|1786|1787|1788|1789|1790|1791|1792|1793|1794|1795|1796|1797|1798|1799|1800|1801|1802|1803|1804|1805|1806|1807|1808|1809|1810|1811|1812|1813|1814|1815|1816|1817|1818|1819|1820|1821|1822|1823|1824|1825|1826
papyro	1821
paratus	1821
parent	1823
parks	1825
patent	1823
patents	1823
pater	1823
pati	1821
patria	1821
patrimony	1823
pede	1821
penal	1824
penitentiary	1821
people	1787|1791|1813|1824
per	1821
peribis	1821
person	1825
philosophical	1821
phonology	1784|1800|1813
php	1777|1778|1779|1780|1781|1782|1783|1784|1785|1786|1787|1788|1789|1790|1791|1792|1793|1794|1795|1796|1797|1798|1799|1800|1801|1802|1803|1804|1805|1806|1807|1808|1809|1810|1811|1812|1813|1814|1815|1816|1817|1818|1819|1820|1821|1822|1823|1824|1825|1826
phrase	1823
phrases	1789|1796|1821
planning	1799
pleading	1823
please	1823
pluribus	1821
policy	1777|1778|1779|1780|1781|1782|1783|1784|1785|1786|1787|1788|1789|1790|1791|1792|1793|1794|1795|1796|1797|1798|1799|1800|1801|1802|1803|1804|1805|1806|1807|1808|1809|1810|1811|1812|1813|1814|1815|1816|1817|1818|1819|1820|1821|1822|1823|1824|1825|1826
political	1821|1825
portal	1777|1778|1779|1780|1781|1782|1783|1784|1785|1786|1787|1788|1789|1790|1791|1792|1793|1794|1795|1796|1797|1798|1799|1800|1801|1802|1803|1804|1805|1806|1807|1808|1809|1810|1811|1812|1813|1814|1815|1816|1817|1818|1819|1820|1821|1822|1823|1824|1825|1826
possession	1823
possible	1823
potuit	1821
previous	1787|1791|1813|1821|1822|1823
prison	1823
privilege	1823
pro	1821
probation	1823
procedure	1823
process	1823
profession	1824
professional	1822
property	1823
propose	1822|1823
proposing	1823
propria	1821
prosecution	1823
proverbs	1796
punishment	1823
puri	1789
purpose	1823
qui	1821
rbaycanca	1778|1779|1781|1782|1784|1785|1786|1787|1789|1791|1792|1799|1800|1802|1803|1808|1809|1812|1813|1817|1819|1820
rcenas	1823
rdsen	1822
recent	1777|1778|1779|1780|1781|1782|1783|1784|1785|1786|1787|1788|1789|1790|1791|1792|1793|1794|1795|1796|1797|1798|1799|1800|1801|1802|1803|1804|1805|1806|1807|1808|1809|1810|1811|1812|1813|1814|1815|1816|1817|1818|1819|1820|1821|1822|1823|1824|1825|1826
recognition	1781|1789|1799|1809
record	1826
redibis	1821
reflect	1777|1778|1779|1780|1781|1782|1783|1784|1785|1786|1787|1788|1789|1790|1791|1792|1793|1794|1795|1796|1797|1798|1799|1800|1801|1802|1803|1804|1805|1806|1807|1808|1809|1810|1811|1812|1813|1814|1815|1816|1817|1818|1819|1820|1821|1822|1823|1824|1825|1826
regarding	1821
regionalisms	1800
register	1823
registered	1777|1778|1779|1780|1781|1782|1783|1784|1785|1786|1787|1788|1789|1790|1791|1792|1793|1794|1795|1796|1797|1798|1799|1800|1801|1802|1803|1804|1805|1806|1807|1808|1809|1810|1811|1812|1813|1814|1815|1816|1817|1818|1819|1820|1821|1822|1823|1824|1825|1826
regulations	1823
related	1779|1781|1784|1786|1787|1789|1791|1799|1800|1801|1802|1809|1812|1813|1816|1817|1823|1824
relating	1822|1823
relations	1823
religious	1821
remainders	1823
remonstrandi	1821
renewal	1823
require	1824
requiring	1824
rerum	1821
research	1823
resurgo	1821
retention	1823
rights	1823
rk	1780|1782|1784|1786|1789|1792|1797|1800|1802|1809|1812|1813|1817|1819|1820|1821|1823|1824
rn	1822
rnsen	1822
roly	1822
romanus	1821
royskt	1813
rti	1822
rule	1823
s	1777|1778|1779|1780|1781|1782|1783|1784|1785|1786|1787|1789|1790|1791|1792|1793|1794|1795|1796|1797|1798|1799|1800|1801|1802|1803|1804|1807|1808|1809|1811|1812|1813|1816|1817|1818|1819|1820|1821|1823|1824
saecula	1821
saeculorum	1821
salt	1821
salutant	1821
school	1823
schools	1813
script	1807
scriptorum	1821
scripts	1809
se	1821
search	1777|1778|1779|1780|1781|1782|1783|1784|1785|1786|1787|1788|1789|1790|1791|1792|1793|1794|1795|1796|1797|1798|1799|1800|1801|1802|1803|1804|1805|1806|1807|1808|1809|1810|1811|1812|1813|1814|1815|1816|1817|1818|1819|1820|1821|1822|1823|1824|1825|1826
senselle	1822
septentrionalis	1821
services	1823
servitude	1823
shopping	1823
should	1824
sign	1801|1802
situ	1821
ski	1822
slang	1786|1800|1819
slenska	1802
social	1789
society	1784|1786|1788|1790|1791|1792|1793|1794|1795|1796|1798|1799|1800|1801|1802|1803|1804|1805|1806|1807|1809|1811|1812|1813|1814|1816|1818|1819|1820
songs	1826
sorcery	1821
sorting	1822|1823
species	1821
spoken	1813|1816
srpski	1813|1821|1824
states	1781|1789|1799|1809
statute-stub	1823
stub	1822|1823
stubs	1821|1822|1823
studies	1823
sua	1821
sub-categories	1823
sub-category	1823
subcategories	1781|1784|1786|1787|1789|1791|1799|1800|1802|1807|1809|1812|1813|1817|1821|1822|1823|1824|1825|1826
subcategory	1778|1782|1792|1796|1808|1818
such	1823
suffect	1822
sum	1821
sunt	1821
support	1823
surname	1821
surnames	1821
syllabary	1813
systematic	1821
systems	1813|1824
t	1781|1789|1799|1809|1821|1822|1824
tagged	1823
tan	1812
tat	1825
tatar	1812
tax	1823
te	1791|1821
teaching	1821
template	1823
templates	1813|1822|1823
term	1823
terms	1777|1778|1779|1780|1781|1782|1783|1784|1785|1786|1787|1788|1789|1790|1791|1792|1793|1794|1795|1796|1797|1798|1799|1800|1801|1802|1803|1804|1805|1806|1807|1808|1809|1810|1811|1812|1813|1814|1815|1816|1817|1818|1819|1820|1821|1822|1823|1824|1825|1826
territories	1781|1789|1799|1809|1823
test	1823
tethera	1812
texts	1813
tfi	1822
than	1823
the	1777|1778|1779|1780|1781|1782|1783|1784|1785|1786|1787|1788|1789|1790|1791|1792|1793|1794|1795|1796|1797|1798|1799|1800|1801|1802|1803|1804|1805|1806|1807|1808|1809|1810|1811|1812|1813|1814|1815|1816|1817|1818|1819|1820|1821|1822|1823|1824|1825|1826
them	1822|1823
theory	1823
this	1777|1778|1779|1780|1781|1782|1783|1784|1785|1786|1787|1788|1789|1790|1791|1792|1793|1794|1795|1796|1797|1798|1799|1800|1801|1802|1803|1804|1805|1807|1808|1809|1810|1811|1812|1813|1814|1815|1816|1817|1818|1819|1820|1821|1822|1823|1824|1825|1826
ticketing	1823
title	1777|1778|1779|1780|1781|1782|1783|1784|1785|1786|1787|1788|1789|1790|1791|1792|1793|1794|1795|1796|1797|1798|1799|1800|1801|1802|1803|1804|1805|1806|1807|1808|1809|1810|1811|1812|1813|1814|1815|1816|1817|1818|1819|1820|1821|1822|1823|1824|1825|1826
to	1777|1778|1779|1780|1781|1782|1783|1784|1785|1786|1787|1788|1789|1790|1791|1792|1793|1794|1795|1796|1797|1798|1799|1800|1801|1802|1803|1804|1805|1806|1807|1808|1809|1810|1811|1812|1813|1814|1815|1816|1817|1818|1819|1820|1821|1822|1823|1824|1825|1826
tolling	1823
too	1824
tools	1777|1778|1779|1780|1781|1782|1783|1784|1785|1786|1787|1788|1789|1790|1791|1792|1793|1794|1795|1796|1797|1798|1799|1800|1801|1802|1803|1804|1805|1806|1807|1808|1809|1810|1811|1812|1813|1814|1815|1816|1817|1818|1819|1820|1821|1822|1823|1824|1825|1826
total	1777|1778|1779|1780|1781|1782|1783|1784|1785|1786|1787|1788|1789|1790|1791|1792|1793|1794|1795|1796|1797|1798|1799|1800|1801|1802|1803|1804|1805|1807|1808|1809|1810|1811|1812|1813|1814|1815|1816|1817|1818|1819|1820|1821|1822|1823|1824|1825|1826
trade	1823
trademark	1777|1778|1779|1780|1781|1782|1783|1784|1785|1786|1787|1788|1789|1790|1791|1792|1793|1794|1795|1796|1797|1798|1799|1800|1801|1802|1803|1804|1805|1806|1807|1808|1809|1810|1811|1812|1813|1814|1815|1816|1817|1818|1819|1820|1821|1822|1823|1824|1825|1826
train	1825
translations	1809
transsexual	1824
trespass	1823
trial	1823
tsunami	1825
tu	1821
type	1824
tzebuergesch	1823|1824
u	1777|1782|1783|1784|1785|1786|1787|1789|1790|1792|1796|1799|1804|1807|1812|1813|1817|1818|1821|1823|1824
under	1777|1778|1779|1780|1781|1782|1783|1784|1785|1786|1787|1788|1789|1790|1791|1792|1793|1794|1795|1796|1797|1798|1799|1800|1801|1802|1803|1804|1805|1806|1807|1808|1809|1810|1811|1812|1813|1814|1815|1816|1817|1818|1819|1820|1821|1822|1823|1824|1825|1826
unit	1789
until	1823
unum	1821
upmerged	1823
urbe	1821
urbis	1821
us	1777|1778|1779|1780|1781|1782|1783|1784|1785|1786|1787|1788|1789|1790|1791|1792|1793|1794|1795|1796|1797|1798|1799|1800|1801|1802|1803|1804|1805|1806|1807|1808|1809|1810|1811|1812|1813|1814|1815|1816|1817|1818|1819|1820|1821|1822|1823|1824|1825|1826
use	1821|1822|1823
used	1821|1823
usher	1823
utrumque	1821
uwai	1787
uxoris	1821
v	1781|1789|1799|1809|1822|1823
vacui	1821
van	1822
variety	1783
veritas	1821
version	1777|1778|1779|1780|1781|1782|1783|1784|1785|1786|1787|1788|1789|1790|1791|1792|1793|1794|1795|1796|1797|1798|1799|1800|1801|1802|1803|1804|1805|1806|1807|1808|1809|1810|1811|1812|1813|1814|1815|1816|1817|1818|1819|1820|1821|1822|1823|1824|1825|1826
very	1824
viam	1821
view	1777|1778|1779|1780|1781|1782|1783|1784|1785|1786|1787|1788|1789|1790|1791|1792|1793|1794|1795|1796|1797|1798|1799|1800|1801|1802|1803|1804|1805|1806|1807|1808|1809|1810|1811|1812|1813|1814|1815|1816|1817|1818|1819|1820|1821|1822|1823|1824|1825|1826
vila	1822
vino	1821
visual	1823
vita	1821
vitae	1821
vivo	1821
von	1822
w	1777|1778|1779|1780|1781|1782|1783|1784|1785|1786|1787|1788|1789|1790|1791|1792|1793|1794|1795|1796|1797|1798|1799|1800|1801|1802|1803|1804|1805|1806|1807|1808|1809|1810|1811|1812|1813|1814|1815|1816|1817|1818|1819|1820|1821|1822|1823|1824|1825|1826
war	1825
warranty	1823
was	1777|1778|1779|1780|1781|1782|1783|1784|1785|1786|1787|1788|1789|1790|1791|1792|1793|1794|1795|1796|1797|1798|1799|1800|1801|1802|1803|1804|1805|1806|1807|1808|1809|1810|1811|1812|1813|1814|1815|1816|1817|1818|1819|1820|1821|1822|1823|1824|1825|1826
where	1824
whether	1813
which	1823
who	1824
widely	1816
wikipedia	1777|1778|1779|1780|1781|1782|1783|1784|1785|1786|1787|1788|1789|1790|1791|1792|1793|1794|1795|1796|1797|1798|1799|1800|1801|1802|1803|1804|1805|1806|1807|1808|1809|1810|1811|1812|1813|1814|1815|1816|1817|1818|1819|1820|1821|1822|1823|1824|1825|1826
will	1823
with	1781|1789|1799|1809|1821|1823
without	1823
woodlands	1813
words	1789|1796|1800|1821
writers	1789
writing	1813
you	1823
zef	1822
