-	1717|1718|1719|1720|1721|1722|1723|1724|1725|1726|1727|1728|1729|1730|1731|1732|1733|1734|1735|1736
-fa	1720
00	1721
01	1726
05	1718|1723
06	1722|1727
07	1717
08	1721|1731|1732|1735
09	1731
1	1717|1718|1719|1720|1721|1722|1723|1724|1725|1726|1727|1728|1731|1732|1733|1734|1736
10	1717|1720|1721|1723|1724|1725|1726|1727|1728|1730|1731|1734
101	1724|1727
106	1727
108	1723
11	1720|1721|1724|1725|1727|1728|1729|1732|1734|1736
110	1724
111	1734
114	1719
117	1719|1720
118	1720|1728
119	1728
12	1717|1719|1720|1724|1727|1728|1733|1734
123	1728
125	1727
128	1728
13	1720|1721|1725|1728|1734
130	1728
134	1717
137	1728
14	1717|1719|1720|1733|1734
146	1728
15	1717|1719|1720|1724|1725|1727|1728|1730|1734
157	1720
16	1717|1720|1725|1727|1728|1734|1736
1652	1721
168	1720
17	1719|1724|1727|1728
171	1720
18	1720|1724|1727|1728|1731|1734|1735
183	1731
1896	1722
19	1717|1719|1720|1721|1724|1726|1727|1728
191	1724
193	1728
1970	1722
1971	1722|1723
1990	1722
1991	1722
2	1717|1719|1720|1722|1723|1724|1725|1726|1727|1728|1730|1731|1733|1734|1736
20	1722|1724|1725|1727|1728|1734
2010	1722
2011	1722|1729|1731
2012	1718|1719|1721|1722|1725|1726|1727|1732|1733|1734|1735
2013	1717|1720|1723|1724|1728|1730|1736
21	1717|1720|1724|1725|1726|1727|1728|1729|1733|1736
213	1719
22	1720|1721|1722|1724|1725|1727|1728|1734
23	1720|1725|1727|1728
24	1717|1719|1720|1723|1724|1727|1728|1734
25	1723|1728
26	1725|1726|1727|1734
27	1720|1723|1728
273	1726
28	1719|1727|1728|1732|1733|1734
286	1724
29	1719|1720|1728|1733
296	1725
3	1717|1718|1719|1720|1723|1724|1725|1726|1727|1728|1731|1732|1733|1734|1736
30	1721|1724|1725|1728|1729|1735|1736
31	1719|1720|1723|1726|1727|1728|1734
32	1719|1720|1724|1728|1734|1736
33	1727
34	1717|1720|1728|1734
35	1717|1719|1728|1730|1734
37	1726|1728
38	1719|1721|1727|1728
39	1720|1721|1724
4	1717|1720|1721|1723|1724|1725|1726|1727|1728|1729|1731|1732|1733|1734|1736
40	1720|1724|1727|1728|1734
41	1719|1720|1725|1727|1734
42	1728
422300864	1729
43	1719|1724
438709972	1731
44	1724|1728|1736
45	1720|1725|1727|1734
46	1725|1727|1728
47	1727|1728|1732
48	1723|1727
49	1724|1727|1728
5	1719|1720|1721|1722|1723|1724|1725|1726|1727|1728|1734|1736
503079084	1727
505211067	1718
509652912	1719
51	1717
516	1723
516277221	1721
516303521	1733
516927505	1726
518932590	1722
519963918	1734
52	1720|1730
525285622	1732
525673901	1735
529840964	1725
53	1720|1721
532380698	1730
533541808	1724
534222874	1728
535116172	1723
535712664	1736
537599966	1717
537909815	1720
54	1728
55	1717|1732
56	1736
57	1735
58	1721|1723
59	1728
6	1717|1718|1720|1721|1723|1724|1725|1726|1727|1728|1730|1733|1734
61	1727
626	1720
63	1720|1722|1734
64	1724|1727
65	1728|1734
67	1721
68	1728
69	1727|1728
7	1717|1720|1721|1723|1724|1726|1727|1728|1733|1734|1736
73	1727
74	1720|1728
8	1717|1719|1720|1721|1722|1724|1725|1726|1727|1728|1733|1734|1735
80	1724
82	1728
86	1728
87	1728
88	1728
89	1728|1734
9	1719|1720|1721|1725|1727|1728|1734
90	1720
95	1725|1728
96	1728
98	1724
A	1717|1718|1719|1720|1721|1722|1723|1724|1725|1726|1727|1728|1729|1730|1731|1732|1733|1734|1736
AMU	1720
About	1717|1718|1719|1720|1721|1722|1723|1724|1725|1726|1727|1728|1729|1730|1731|1732|1733|1734|1735|1736
Academic	1719
Academy	1722
Actions	1717|1718|1719|1720|1721|1722|1723|1724|1725|1726|1727|1728|1729|1730|1731|1732|1733|1734|1735|1736
Adams	1722
Adolphe	1736
Advanced	1720
Aeroplane	1732
Aethiopian	1736
Africa	1723|1727|1733
African	1724|1734
African-American	1724|1725
Afrikaans	1720
After	1732
Age	1719|1721|1726|1734|1736
Ages	1719|1721|1723
Ages-related	1721
Ahmad	1722
Ainu	1724
Air	1729|1732
Aire	1734
Al-e	1722
Alan	1722
Albania	1725|1734
Alemannisch	1720
Alice	1722
Allen	1722
Amazonia	1727
America	1721|1734|1736
American	1722|1723|1724|1732|1734|1736
Americas	1733
Anachronism	1720
Anatopism	1720
Ancient	1717|1721|1723|1727|1728|1732|1734
Anglo-Saxon	1723
Annales	1719
Antarctic	1721
Anthropometric	1728
Antichthones	1736
Antieke	1732
Antiquarian	1720
Antiquary	1732
Antiques	1728
Antiquity	1726
Applied	1730
April	1729
Aptitude	1730
Arab	1724
Aragon	1720
Archaeological	1726|1734
Archaeology	1720|1728|1730|1732
Archaeology-related	1721
Archival	1719
Archontology	1719
Arctic	1721
Armenian	1724
Arms	1734
Army	1729
Aromanians	1724
Arqueolog	1732
Ars	1719
Art	1728|1734
Arthur	1718
Articles	1719
Artists	1720
Arts	1734
Artsakh	1734
Ash	1720
Ashton	1722
Asia	1727|1733
Aspects	1723
Association	1722
Astronautical	1722
Asturianu	1719|1720
Athenians	1719
Atlanta	1729
Atlantic	1725
Attribution-ShareAlike	1717|1718|1719|1720|1721|1722|1723|1724|1725|1726|1727|1728|1729|1730|1731|1732|1733|1734|1735|1736
August	1718|1719
Austin	1729
Australia	1725
Australian	1722
Australians	1724
Austrian	1722
Ava	1720
Avery	1722
Avotaynu	1732
Award	1722
Awards	1722
Aymar	1720
Az	1720|1727|1728|1731|1736
Azerbaijan	1734
Aztec	1724
B	1719|1720|1721|1722|1723|1724|1727|1728|1729|1732|1734|1735|1736
BBC	1732
Babesch	1732
Bahasa	1717|1719|1720|1721|1723|1726|1727|1728
Balkans	1727
Ball	1722
Baloch	1724
Bamanankan	1720
Bancroft	1722
Bangladesh	1723
Bannatyne	1719
Banyumasan	1720
Basa	1720|1727
Baso	1720
Basque	1724|1727
Bathafarn	1732
Battle	1732
Battlefield	1729
Baxter	1722
Bay	1729
Bedford	1736
Beschaving	1732
Biblical	1732
Bibliography	1723
Billington	1722
Biographical	1719|1720
Biographies	1720
Biography	1719|1730
Black	1723|1724
Boarisch	1720|1725|1726|1727|1728
Body	1720
Boeck	1723
Bohemia	1727
Book	1722|1723
Books	1723
Booksellers	1728
Borussian	1719
Bosanski	1719|1720|1725|1726|1727|1728
Bosniak	1724
Braddock's	1729
Bratislava	1734
Brazil	1725
Brezhoneg	1720|1723
Brief	1719
Britain	1736
British	1724|1727
BuMusa	1723
Building	1729
Buildings	1729
Bulgarian	1721
Bulletin	1732
Burgh	1723
Byzantine	1719|1721|1727|1735
C	1717|1718|1719|1720|1721|1722|1723|1724|1725|1726|1727|1728|1730|1731|1732|1733|1734|1736
CAT	1720
CINOA	1722
Calatrava	1721
Calendar	1719
Cambodian	1734
Cambridge	1719
Canada	1725
Canadian	1732
Caribbean	1727
Carpet	1734
Cartographic	1736
Castle	1734
Castles	1734
Catal	1719|1720|1721|1723|1726|1728|1733|1734
Catalonia	1724
Categories	1717|1718|1719|1720|1721|1722|1723|1724|1725|1726|1727|1728|1729|1730|1731|1732|1733|1734|1735|1736
Category	1717|1718|1719|1720|1721|1722|1723|1724|1725|1726|1727|1728|1729|1730|1731|1732|1733|1734|1735|1736
Catholicism	1719
Caucasus	1727
Cebuano	1720
Cedars	1720
Celtic	1723
Center	1729
Central	1727|1734
Centre	1720|1730
Chamber	1723
Changelogs	1719
Chariton	1732
Chart	1730
Chavacano	1720
Cherokee	1724
Chieftains	1721
Chilean	1722
China	1725|1727
Chinese	1732
Chorography	1736
Christelyckes	1723
Christianity	1719|1724|1725
Christianity's	1719
Chronicle	1719
Chronika	1732
Chronological	1719
Chronology	1720
Church	1723|1729
Cinema	1734
City	1717|1729|1734
Civil	1732
Civilization	1723|1734
Classical	1736
Classics	1730
Classification	1720
Cleometrics	1719
Club	1719
Cobblestone	1732
Cojitambo	1720
Cold	1726
Collector	1732
Colonialism	1728
Columbus	1720
Commemoration	1720
Commons	1717|1718|1719|1720|1721|1722|1723|1724|1725|1726|1727|1728|1729|1730|1731|1732|1733|1734|1735|1736
Community	1717|1718|1719|1720|1721|1722|1723|1724|1725|1726|1727|1728|1729|1730|1731|1732|1733|1734|1735|1736
Company	1721
Comparative	1719|1720
Compostelana	1719
Concord	1730
Conjectural	1719
Conspiracies	1728
Conspiracy	1728
Contact	1717|1718|1719|1720|1721|1722|1723|1724|1725|1726|1727|1728|1729|1730|1731|1732|1733|1734|1735|1736
Contarini	1736
Contemporary	1719
Contents	1717|1718|1719|1720|1721|1722|1723|1724|1725|1726|1727|1728|1729|1730|1731|1732|1733|1734|1735|1736
Continuity	1719
Cook	1736
Cooper	1722
Corbett	1722
Corporate	1719
Corrupting	1723
Corsu	1720
Cossacks	1724
Council	1721
Counterfactual	1719
County	1729
Craven	1722
Create	1717|1718|1719|1720|1721|1722|1723|1724|1725|1726|1727|1728|1729|1730|1731|1732|1733|1734|1735|1736
Creative	1717|1718|1719|1720|1721|1722|1723|1724|1725|1726|1727|1728|1729|1730|1731|1732|1733|1734|1735|1736
Crimea	1727
Criminal	1719
Criterion	1719
Critical	1736
Croatia	1725|1727
Croatian	1732
Croats	1724
Cross	1734
Cuba	1734
Cultural	1734
Culture-related	1717
Cundill	1722
Current	1717|1718|1719|1720|1721|1722|1723|1724|1725|1726|1727|1728|1729|1730|1731|1732|1733|1734|1735|1736
Curti	1722
Cyclic	1719
Cymraeg	1719|1720|1721|1723|1724|1726|1728
D	1717|1719|1720|1721|1722|1723|1725|1728|1732|1735
Damals	1732
Dance	1735
Dansk	1720|1723|1726|1727|1728|1732|1734
Dark	1719
Darkened	1723
Dates	1720
Davis	1722
Day	1730
Dead	1723
Deaths	1725
Debuts	1720
December	1725
Decimal	1720
Decorative	1734
Deitsch	1720
Del	1729
Democides	1728
Denationalization	1719
Department	1736
Dershowitz	1719
Deutsch	1719|1720|1722|1723|1725|1726|1727|1728|1730|1732|1733|1736
Dev	1720
Dexter	1722
Dhani	1720
Diablada	1735
Digital	1728
Din	1720
Diocles	1719
Diplomatics	1719
Disaster	1717
Disasters	1728
Disclaimers	1717|1718|1719|1720|1721|1722|1723|1724|1725|1726|1727|1728|1729|1730|1731|1732|1733|1734|1735|1736
Discovery	1736
Document	1719
Documents	1719
Dolnoserbski	1720
Donate	1717|1718|1719|1720|1721|1722|1723|1724|1725|1726|1727|1728|1729|1730|1731|1732|1733|1734|1735|1736
Douglass	1722
Download	1717|1718|1719|1720|1721|1722|1723|1724|1725|1726|1727|1728|1729|1730|1731|1732|1733|1734|1735|1736
Dragon	1732
Duff	1722
Dutch	1721
Dynasty	1721
E	1717|1719|1720|1721|1722|1726|1727|1728|1730|1732|1733|1734|1736
Early	1732|1736
Earth	1736
East	1727|1733|1734
Eastern	1724
Ecclesiasticae	1719
Ecclesiastical	1719
Economic	1728
Edit	1717|1718|1719|1720|1721|1722|1723|1724|1725|1726|1727|1728|1729|1730|1731|1732|1733|1734|1735|1736
Education	1730|1734
Eesti	1720|1736
Effect	1719
Egypt	1728|1732
Egyptological	1734
El	1734
Elegant	1720
Ellis	1722
Emili	1720
Emme	1722
Empire	1727|1732
Empire-related	1721
Enemy	1723
English	1719|1720|1721|1723|1727|1728
English-Speaking	1723
Enthusiast	1732
Environmental	1717|1736
Epigraphy	1719|1734
Epirus	1721
Epitome	1719
Erasmus's	1721
Erythraean	1736
Espa	1719|1720|1721|1723|1724|1726|1728|1734|1735|1736
Esperanto	1719|1720|1723|1726|1728|1733|1734
Espionage	1726
Estonia's	1734
Estonian	1734
Estreme	1720
Ethnic	1724
Ethnocentrism	1719
Eugene	1722
Eurasian	1727
Europ	1720
Europe	1723|1727|1733
European	1730|1736
Euskara	1719|1720|1723|1726|1728|1736
Events	1720
Evolution	1723
Evolutionary	1728
Exhibition	1720
Experimental	1719
Exploration	1721|1736
F	1719|1720|1721|1722|1726|1727|1728|1729|1731|1732|1733|1734|1736
Fairfield	1729
Fall	1723
Family	1729
Featured	1717|1718|1719|1720|1721|1722|1723|1724|1725|1726|1727|1728|1729|1730|1731|1732|1733|1734|1735|1736
February	1717|1720
Fellows	1722
Feminism	1720
Feudal	1720
Fictional	1720
Fields	1719|1720|1728
Fight	1734
Fiji	1720
Finkelstein	1719
Finno-Ugric	1724
First	1732
Flames	1719
Flat	1736
Flintshire	1732
Folk	1734
For	1720|1726
Force	1729
Forest	1728|1729
Former	1720
Fort	1729
Foundation	1717|1718|1719|1720|1721|1722|1723|1724|1725|1726|1727|1728|1729|1730|1731|1732|1733|1734|1735|1736
Fran	1719|1720|1721|1723|1724|1725|1726|1727|1728|1732|1733|1734|1736
France	1725|1727
Francis	1722
Francorum	1719
Franklin	1722
Fredegar	1719
Frederick	1722|1736
Freedom	1723|1734
Freemasonry	1728
Friend	1722
From	1717|1718|1719|1720|1721|1722|1723|1724|1725|1726|1727|1728|1729|1730|1731|1732|1733|1734|1735|1736
Frysk	1720
Fuldaer	1732
Functionalism	1719
Furlan	1720
G	1719|1720|1722|1726|1728|1734|1736
Gaeilge	1719|1720
Gaelg	1720|1725|1726|1727|1728
Gagauz	1720
Galaxy	1722
Galego	1719|1720|1723|1728
Gamer	1732
Gates	1726
Gazetteers	1736
Geistesgeschichte	1719
General	1730
Genocide	1734
Geographic	1719|1736
Geographical	1736
Geography	1736
Germanic	1724
Germany	1725
Geschichtsbl	1732
Gladstone	1722
Glossary	1720
Gods	1723
Gold	1734
Golden	1719
Graeco-Roman	1736
Grand	1721
Great	1719|1736
Greece	1725
Greek	1726
Greenland	1736
Guizot	1722
H	1719|1720|1721|1722|1723|1724|1727|1728|1729|1730|1732|1733|1734|1735|1736
HIST	1720
Hak-k	1720
Hall	1729
Hattendorf	1722
Havana	1734
Hawley	1722
Hazara	1724
Head	1719
Heathen	1723
Heinz	1729
Help	1717|1718|1719|1720|1721|1722|1723|1724|1725|1726|1727|1728|1729|1730|1731|1732|1733|1734|1735|1736
Herbert	1722
Heritage	1732|1734
Heroic	1721
Herstory	1719
Herzegovina	1734
Het	1723
Hidden	1723|1729|1731
Hindi	1720
HistoAtlas	1733
Historia	1719
Historiae	1719
Historian	1732
Historian's	1719
Historians	1719|1720|1722
Historic	1719|1720|1734|1736
Historical	1717|1718|1719|1720|1722|1723|1726|1727|1728|1732|1733|1734|1735
Historical_timelines	1717
Historicity	1718|1719|1720
Histories	1727|1728
Historiographers	1719
Historiography	1719|1720
Historiophoty	1719
Historism	1719
History	1717|1718|1719|1720|1721|1722|1723|1724|1725|1726|1727|1728|1729|1730|1731|1732|1733|1734|1735|1736
History-related	1720|1721
History-related_lists	1721
History_awards	1722
History_books	1723
History_by_ethnic_group	1724
History_by_location	1725
History_by_period	1726
History_by_region	1727
History_by_topic	1728
History_centers	1729
History_education	1730
History_images	1731
History_magazines	1732
History_maps	1733
History_museums	1734
History_of_dance	1735
History_of_geography	1736
Hitchcock	1722
Holberg	1722
Holland	1723
Holocaust	1722|1732|1734
Holocene	1720
Hornjoserbsce	1720
House	1732
Hrvatski	1720|1736
Human	1724|1726|1728|1734
Humanities	1720
Hungarians	1724
I	1718|1720|1721|1723|1724|1727|1728|1730|1731|1732|1734|1736
II	1721|1733
ISU	1730
IWU	1730
Idanmezan	1720
Ido	1719|1720|1726|1728
Igbo	1720
Iliad	1718
Illustrated	1732
Ilokano	1720
Imagen	1734
Images	1731
Imperialism	1728
In	1723
Inc	1717|1718|1719|1720|1721|1722|1723|1724|1725|1726|1727|1728|1729|1730|1731|1732|1733|1734|1735|1736
Incas	1724
Independent	1732
Index	1720|1721|1728
India	1721|1723|1725|1727
Indian	1723
Indiana	1725
Indigenous	1724
Indispensable	1723
Indonesia	1719|1720|1721|1723|1726|1727|1728
Institute	1734
Intellectual	1720
Interaction	1717|1718|1719|1720|1721|1722|1723|1724|1725|1726|1727|1728|1729|1730|1731|1732|1733|1734|1735|1736
Interlingua	1720|1725|1728
Interlingue	1720
International	1722|1730|1732
Internet	1720
Inuit	1724
Inventing	1736
Invention	1732
Iran	1723|1725
Iraq	1719|1721|1734
Ireland	1725|1732
Irish	1721
Islamic	1736
Islands	1723|1727
Isles	1727
Istoric	1732
It	1719|1723
Italiano	1719|1720|1721|1723|1726|1728|1732|1734
Italy	1725|1727
J	1721|1722|1724|1725|1726|1727|1730|1732|1735
J-Setting	1735
Jackson	1722
Jacob	1736
Jalal	1722
James	1722
January	1723|1724|1728|1730|1736
Japan	1725
Jawa	1720|1727
Jewish	1721|1724|1725|1726|1727|1729
John	1722
Joseph	1730
Journal	1719|1732
Journalism	1722
Judah	1719
Julian	1722
July	1727|1731
Jump	1717|1718|1719|1720|1721|1722|1723|1724|1725|1726|1727|1728|1729|1730|1731|1732|1733|1734|1735|1736
Jurchens	1721
Justin	1722
K	1723|1724|1727|1732|1734
Kalaallisut	1720
Kaohsiung	1734
Kapampangan	1726
Kasai	1727
Kassel	1730
Kazakhstan	1734
Kercke	1723
Kernowek	1720
Khitan	1724
Khwaday-Namag	1723
Killers	1720
King	1718
Kingdom	1725
Kinyarwanda	1720
Kisses	1719
Kiswahili	1720|1723
Krey	1720|1726
Kurd	1720
Kurdish	1724
Kypriaka	1732
L	1717|1719|1720|1721|1722|1723|1726|1728|1729|1730|1732|1734|1736
L'Histoire	1732
LDS	1729
LGBT	1717|1726
Labor	1722|1728
Ladino	1720
Landscape	1728
Languages	1717|1719|1720|1721|1722|1723|1724|1725|1726|1727|1728|1730|1731|1732|1733|1734|1735|1736
Lanka	1725
Lapidarium	1734
Larco	1734
Latga	1720
Latina	1719|1720|1728|1734
Latvie	1719|1720|1727|1728|1736
Lauderdale	1729
Lawrence	1722
Laws	1723
Lea	1720
Lebanon	1723
Lectures	1730
Legacies	1720
Legal	1728
Leopold	1722
Level	1736
Levine	1722
Lexikon	1719
Lexington	1729
Liber	1719
Library	1720|1734
License	1717|1718|1719|1720|1721|1722|1723|1724|1725|1726|1727|1728|1729|1730|1731|1732|1733|1734|1735|1736
Lietuvi	1720|1721|1732|1734
Ligure	1720
Limburgs	1720
Ling	1720
Linguistic	1728
List	1717|1719|1720|1721|1722|1726|1736
Lists	1721
Literary	1722|1734
Literature	1722|1723
Living	1729|1732|1734
Local	1720|1722|1734
Log	1717|1718|1719|1720|1721|1722|1723|1724|1725|1726|1727|1728|1729|1730|1731|1732|1733|1734|1735|1736
Lojban	1720
Long	1719
Longman-History	1722
Lopez	1734
Lost	1720
Luang	1734
Lumbaart	1720
Luxembourg	1734
Lyman	1722
Lynton	1722
M	1717|1719|1720|1722|1723|1724|1726|1727|1728|1729|1732|1733|1734|1735|1736
Macro-historical	1720
Madness	1720
Magazin	1732
Magazine	1732
Magazines	1732
Magic	1723
Magyar	1720
Main	1717|1718|1719|1720|1721|1722|1723|1724|1725|1726|1727|1728|1729|1730|1731|1732|1733|1734|1735|1736
Major	1736
Malagasy	1720
Malte-Brun	1736
Malti	1720
Man	1719
Manner	1723
Map	1733
Maps	1733
Marcel	1722
Mariners'	1734
Maritime	1722|1726|1728
Mark	1722
Marxist	1719
Masters	1721
Matang	1720
Materials	1732
Mattatuck	1729
Maya	1723
Medal	1722
Mediatisation	1719
Medicine	1717
Medieval	1730|1732
Mediterranean	1723|1727
Melayu	1717|1720|1721|1726
Memorial	1722
Memories	1723
Memory	1720
Merle	1722
Merovingian	1721
Metahistorical	1719
Meteorology	1728
Method	1720
Mexicana	1732
Micronesia	1727
Middle	1721|1723|1727|1733
Migration	1719
Military	1717|1721|1726|1728|1729|1732|1733|1734
Mill	1734
Millennium	1723
Minangkabau	1720
Mine	1733
Minister's	1722
Minnesota	1720|1729
Mirand	1719|1720
Missile	1729
Mississippi	1720
Mob	1734
Mobile	1717|1718|1719|1720|1721|1722|1723|1724|1725|1726|1727|1728|1729|1730|1731|1732|1733|1734|1735|1736
Modern	1717|1719|1728
Modernity	1719
Moldova	1724|1727
Monsters	1720
Monthly	1732
Mountbatten	1722
Mozart	1735
Muhajir	1724
Muhammad	1731
Museo	1734
Museum	1719|1729|1734
Museums	1734
Music	1727|1728
Mysteries	1728
N	1717|1719|1720|1721|1722|1723|1724|1727|1728|1730|1733|1734
Namespaces	1717|1718|1719|1720|1721|1722|1723|1724|1725|1726|1727|1728|1729|1730|1731|1732|1733|1734|1735|1736
Napoleonic	1732
Narrative	1719
National	1717|1722|1723|1728|1730|1733|1734
Nationalization	1719|1720
Nations	1721
Native	1724
Nature	1729
Naval	1722
Navigation	1717|1718|1719|1720|1721|1722|1723|1724|1725|1726|1727|1728|1729|1730|1731|1732|1733|1734|1735|1736
Nederlands	1719|1720|1721|1723|1725|1726|1727|1728|1730|1734
Nedersaksies	1720|1726
Network	1730
New	1722|1727|1730
Nicaragua	1734
Nietzsche's	1719
Nnapulitano	1720
Non-fiction	1723
Nordfriisk	1720
Norsk	1719|1720|1721|1726|1727|1728|1732|1736
North	1721|1727|1736
Northeast	1727
Northern	1722
Nostalgia	1720
Notite	1723
Nouormand	1720
Nouvelle	1719
November	1732|1735
Novial	1720
Nubia	1727
O	1719|1720|1721|1722|1728|1729|1734
Occitan	1719|1720|1721|1726|1727|1728|1734
Occupations	1734
Ocean	1727
October	1721|1722|1726|1733|1734
Of	1719
Official	1719
Oklahoma	1729
Old	1723|1729|1733
Open	1734
Oral	1719|1720
Orange	1729
Orden	1722
Order	1721
Orientalism	1728
Oso	1729
Outline	1720|1721
P	1717|1718|1719|1720|1721|1722|1723|1724|1725|1726|1727|1728|1730|1731|1732|1733|1734|1735|1736
PDF	1717|1718|1719|1720|1721|1722|1723|1724|1725|1726|1727|1728|1729|1730|1731|1732|1733|1734|1735|1736
Pacific	1727
Pagan	1723
Page	1717|1718|1719|1720|1721|1723|1724|1725|1726|1727|1728|1729|1730|1732|1733|1734|1735|1736
Pages	1717|1718|1719|1720|1721|1722|1723|1724|1725|1726|1727|1728|1729|1730|1731|1732|1733|1734|1735|1736
Pakistan	1725
Palabra	1734
Palace	1734
Palaiologenzeit	1719
Palestine	1726
Papiamentu	1720
Parachronism	1720
Paradox	1732
Parkman	1722
Peace	1734
People	1726
Peoples	1723
Peparethus	1719
Period	1719
Periodization	1726
Permanent	1717|1718|1719|1720|1721|1722|1723|1724|1725|1726|1727|1728|1729|1730|1731|1732|1733|1734|1735|1736
Personal	1717|1718|1719|1720|1721|1722|1723|1724|1725|1726|1727|1728|1729|1730|1731|1732|1733|1734|1735|1736
Peru	1734
Peshawar	1721
Petersburg	1734
Philip	1722
Philips	1723
Philology	1728
Philosophical	1719
Philosophy	1719|1720|1736
Phototh	1734
Physitian	1721
Picard	1720
Pisin	1720
Plattd	1720|1726
Plausible	1719
Plica	1719
Poland	1724|1725|1727
Policy	1730
Polish	1721|1731
Political	1723|1734
Pollitzer	1722
Polski	1717|1719|1720|1726|1728|1732|1733|1734|1736
Pop	1722
Popular	1719|1720|1730
Portal	1720
Portugal	1725
Portugu	1717|1719|1720|1721|1723|1724|1725|1726|1727|1728|1732|1734|1736
Possibilism	1736
Postal	1734
Postmodernity	1719
Power	1723
Prabang	1734
Pre-Columbian	1734
Pre-Islamic	1726
Pre-Modern	1723
Prehistoric	1725|1726
Prehistory	1727|1734
Premier's	1722
Presentism	1719
Priestley	1730
Primary	1719
Prime	1722
Principal	1736
Print	1717|1718|1719|1720|1721|1722|1723|1724|1725|1726|1727|1728|1729|1730|1731|1732|1733|1734|1735|1736
Printable	1717|1718|1719|1720|1721|1722|1723|1724|1725|1726|1727|1728|1729|1730|1731|1732|1733|1734|1735|1736
Prison	1734
Privacy	1717|1718|1719|1720|1721|1722|1723|1724|1725|1726|1727|1728|1729|1730|1731|1732|1733|1734|1735|1736
Prize	1719|1722
Professionalization	1719|1720
Program	1720
Progress	1719
Progressive	1719
Project	1719
Prosopographical	1719
Prosopographisches	1719
Prosopography	1719
Protoscholasticism	1720
Pseudohistory	1719
Psychohistory	1720
Ptolemy	1736
Pulitzer	1719|1722
Q	1720|1734|1736
Qatar	1734
Quantitative	1736
R	1717|1718|1719|1720|1721|1722|1724|1725|1726|1727|1728|1729|1730|1732|1733|1734|1736
Rainforest	1723
Rancho	1729
Random	1717|1718|1719|1720|1721|1722|1723|1724|1725|1726|1727|1728|1729|1730|1731|1732|1733|1734|1735|1736
Ranks	1721
Rawley	1722
Ray	1722
Read	1717|1718|1719|1720|1721|1722|1723|1724|1725|1726|1727|1728|1729|1730|1731|1732|1733|1734|1735|1736
Reality	1719
Recent	1717|1718|1719|1720|1721|1722|1723|1724|1725|1726|1727|1728|1729|1730|1731|1732|1733|1734|1735|1736
Reception	1719
Reckoning	1723
Recorded	1720
Red	1732|1734
Regional	1717|1727|1729|1736
Regrets	1719
Related	1717|1718|1719|1720|1721|1722|1723|1724|1725|1726|1727|1728|1729|1730|1731|1732|1733|1734|1735|1736
Religion	1717
Religious	1734
Renaissance	1729|1730
Repository	1733
Retrieved	1717|1718|1719|1720|1721|1722|1723|1724|1725|1726|1727|1728|1729|1730|1731|1732|1733|1734|1735|1736
Review	1730|1732
Revolution	1734
Rhineland	1727
Richard	1722
Richmond	1729
Ripoarisch	1720
Rise	1723
Robert	1728
Rom	1719|1720|1721|1724|1726|1728|1736
Romance	1724
Romani	1724
Romania	1724|1727
Romanians	1724
Rome	1722|1726
Room	1723
Roosevelt	1722
Rosselli	1736
Royal	1734|1736
Runa	1720
Rural	1734
Russia	1725
Russian	1736
Russkaya	1732
S	1717|1719|1720|1721|1722|1723|1724|1725|1727|1728|1732|1734|1736
Saltire	1722
Salvador	1734
Same-Sex	1723
Sami	1724
Sammarinese	1734
Sardu	1720
Scandinavian	1727
Scepter	1719
School	1719
Schools	1719|1720
Science	1717
Scots	1720|1725
Scythian	1728
Sea	1723|1736
Search	1717|1718|1719|1720|1721|1722|1723|1724|1725|1726|1727|1728|1729|1730|1731|1732|1733|1734|1735|1736
Second	1719
Secondary	1719
Security	1721
See	1717|1718|1719|1720|1721|1722|1723|1724|1725|1726|1727|1728|1729|1730|1731|1732|1733|1734|1735|1736
Seeltersk	1720
Serbia	1725|1727
Serbs	1724
Serial	1720
Shadow	1723
Shepherd	1733
Shipwright	1732
Shkodra	1723
Short	1719
Shortcut	1720
Shqip	1720
Shusha	1734
SiSwati	1720
Sicilianu	1720|1728
Siege	1723
Sigillography	1719
Silesia	1727
Silver	1719
Simi	1720
Simple	1720|1721|1723|1727|1728
Singapore	1734
Slavic	1724
Slovak	1734
Slovaks	1724
Sloven	1719|1720|1723|1726|1727|1728|1736
Slovene	1727
Slovenes	1724
Slovenia	1725
Smithsonian	1732
Soci	1736
Social	1719|1720|1722|1723|1728
Society	1719|1720|1732|1734|1736
Society-related	1717
Sonderweg	1719
Soomaaliga	1720
Source	1719
South	1722|1727
Southeast	1727
Sovereignty	1723
Space	1729|1732
Spain	1725
Spanish	1721
Sparta	1732
Special	1717|1718|1719|1720|1721|1722|1723|1724|1725|1726|1727|1728|1729|1730|1731|1732|1733|1734|1735|1736
Sranantongo	1720
Sri	1725
Srpskohrvatski	1719|1720|1725|1726|1728
St	1734
Stammtafeln	1720
Starina	1732
State	1723|1734
States	1724|1725|1727|1729|1731
Studies	1730|1732
Study	1720|1723
Subcategories	1717|1718|1719|1720|1721|1722|1723|1724|1725|1726|1727|1728|1730|1731|1732|1733|1734|1735|1736
Subject	1730
Succession	1719
Summer	1730
Sunda	1720
Suomi	1720|1721|1723|1727|1728|1734|1736
Survey	1736
Svenska	1719|1720|1721|1722|1727|1728|1736
Sweden	1725
Switzerland	1725
Sword	1723
T	1717|1719|1720|1721|1722|1723|1724|1725|1726|1727|1728|1729|1730|1732|1733|1734|1735|1736
Table	1721|1733
Taft	1722
Tagalog	1720|1727
Taganrog	1734
Talk	1717|1718|1719|1720|1721|1722|1723|1724|1725|1726|1727|1728|1729|1730|1731|1732|1733|1734|1735|1736
Tampa	1729
Taqbaylit	1720
Tarand	1720
Teachinghistory	1730
Technology	1717|1723|1732
Teleology	1719
Template	1719
Temple	1728
Terms	1717|1718|1719|1720|1721|1722|1723|1724|1725|1726|1727|1728|1729|1730|1731|1732|1733|1734|1735|1736
Territorial	1720
Territory	1722
Tertiary	1719
Test	1730
Text	1717|1718|1719|1720|1721|1722|1723|1724|1725|1726|1727|1728|1729|1730|1731|1732|1733|1734|1735|1736
Thai	1736
The	1717|1718|1719|1720|1721|1722|1723|1724|1726|1727|1728|1729|1730|1732|1733|1734|1735|1736
Theodore	1722
Theories	1719
Thirlwall	1722
This	1717|1718|1719|1720|1721|1722|1723|1724|1725|1726|1727|1728|1729|1730|1731|1732|1733|1734|1735|1736
Ti	1717|1719|1720|1721|1723|1724|1725|1726|1727|1728|1733|1734
Time	1726
Timeline	1721|1736
Timelines	1717|1721
Times	1732
Today	1722|1732
Tok	1720
Toolbox	1717|1718|1719|1720|1721|1722|1723|1724|1725|1726|1727|1728|1729|1730|1731|1732|1733|1734|1735|1736
Torture	1734
Totalitarian	1719
Town	1725|1728
Tradition	1723
Transformation	1720
Transhistoricity	1719
Translatio	1719
Transport	1725
Treasure	1726
Triangulation	1736
Tripartitae	1719
Tripoli	1719|1734
True	1732
Tudor	1719
Tunbs	1723
Turkey	1725
Turkic	1724
Turkmenistan	1734
Turner	1722
Tyrrell	1722
U	1717|1719|1721|1724|1727|1729|1731
Ukraine	1725
Unions	1723
United	1721|1724|1725|1727|1729|1731
Universal	1719|1720
University	1717|1730
Upload	1717|1718|1719|1720|1721|1722|1723|1724|1725|1726|1727|1728|1729|1730|1731|1732|1733|1734|1735|1736
Use	1717|1718|1719|1720|1721|1722|1723|1724|1725|1726|1727|1728|1729|1730|1732|1733|1734|1735|1736
User	1720
V	1720|1722|1729|1732|1734
Valentine	1729
Variants	1717|1718|1719|1720|1721|1722|1723|1724|1725|1726|1727|1728|1729|1730|1731|1732|1733|1734|1735|1736
Veps	1720
Vi	1717|1719|1720|1721|1723|1724|1725|1726|1727|1728|1733|1734
Victor	1736
Victorian	1722
Vietnam	1732
View	1717|1718|1719|1720|1721|1722|1723|1724|1725|1726|1727|1728|1729|1730|1731|1732|1733|1734|1735|1736
Views	1717|1718|1719|1720|1721|1722|1723|1724|1725|1726|1727|1728|1729|1730|1731|1732|1733|1734|1735|1736
Viking	1734
Village	1734
Volap	1720
Voruta	1732
W	1719|1720|1721|1722|1723|1727|1728|1729|1732|1733
Wakker	1722
Wales	1722
War	1719|1721|1723|1726|1732|1733
Warfare	1732
Wayne	1729
Weapons	1734
West	1721|1732|1734
West-Vlams	1720
Western	1729
Westphalia	1727
What	1717|1718|1719|1720|1721|1722|1723|1724|1725|1726|1727|1728|1729|1730|1731|1732|1733|1734|1735|1736
Whig	1719
White	1732
Whitfield	1722
Wieki	1732
Wikimedia	1717|1718|1719|1720|1721|1722|1723|1724|1725|1726|1727|1728|1729|1730|1731|1732|1733|1734|1735|1736
Wikipedia	1717|1718|1719|1720|1721|1722|1723|1724|1725|1726|1727|1728|1729|1730|1731|1732|1733|1734|1735|1736
William	1733
Winaray	1720
Wins	1723
Winsor	1722
Winter	1730
Wolfson	1722
Wolof	1720
Women	1723|1728
Women's	1728
Works	1719|1720|1723|1732
Workshop	1719
World	1719|1721|1722|1732|1733|1734
Worlds	1719
Xitsonga	1720
Y	1721|1728
Year	1721
Yor	1720
Z	1724|1736
Zamboanga	1720
Zaza	1724
Zazaki	1720
Ze	1720
Zealand	1727
Ziegler	1736
a	1717|1718|1719|1720|1721|1722|1723|1724|1725|1726|1727|1728|1729|1730|1731|1732|1733|1734|1735|1736
about	1719|1723
account	1717|1718|1719|1720|1721|1722|1723|1724|1725|1726|1727|1728|1729|1730|1731|1732|1733|1734|1735|1736
additional	1717|1718|1719|1720|1721|1722|1723|1724|1725|1726|1727|1728|1729|1730|1731|1732|1733|1734|1735|1736
affair	1719
after	1736
age	1719
ages	1720
air	1734
ais	1719|1720|1721|1723|1724|1725|1726|1727|1728|1732|1733|1734|1736
al-Durrah	1731
also	1719|1723|1726|1728|1732|1733
analysis	1719
ancient	1728
and	1719|1720|1721|1722|1723|1726|1727|1728|1729|1730|1732|1734|1735|1736
annual	1732
any	1723
applicable	1723
apply	1717|1718|1719|1720|1721|1722|1723|1724|1725|1726|1727|1728|1729|1730|1731|1732|1733|1734|1735|1736
archaeological	1721
archaeology	1719
archeological	1726
are	1717|1718|1719|1720|1721|1722|1723|1724|1726|1727|1728|1729|1730|1732|1733|1734|1735|1736
area	1719
areas	1726
arrangement	1728
art	1728|1734
article	1717|1718|1719|1720|1721|1722|1723|1724|1725|1726|1727|1728|1729|1730|1731|1732|1733|1734|1735|1736
articles	1720|1721|1723|1728|1736
aru	1720
as	1717|1718|1719|1720|1721|1722|1723|1724|1725|1726|1727|1728|1729|1730|1731|1732|1733|1734|1735|1736
assassination	1721
assassinations	1721
associated	1720
astrological	1721
astrology	1728
at	1717|1718|1719|1720|1721|1722|1723|1724|1725|1726|1727|1728|1729|1730|1731|1732|1733|1734|1735|1736
atlases	1733
attempts	1721
attestation	1719
available	1717|1718|1719|1720|1721|1722|1723|1724|1725|1726|1727|1728|1729|1730|1731|1732|1733|1734|1735|1736
aviation	1728
avoid	1723
awards	1720|1722
ayisyen	1720|1726
b	1720
ballet	1735
basic	1721
basis	1718
be	1723
becoming	1723
beneficiorum	1719
between	1721
bizaad	1720
bokm	1719|1720|1721|1726|1727|1728|1732
book	1717|1718|1719|1720|1721|1722|1723|1724|1725|1726|1727|1728|1729|1730|1731|1732|1733|1734|1735|1736
book-based	1721
books	1720|1723|1726|1728
boxes	1726
boycotts	1721
by	1719|1720|1721|1722|1723|1724|1725|1726|1727|1728|1729|1730|1731|1732|1733|1734|1735|1736
cartography	1736
cataloging	1720
categories	1723|1729|1731
category	1717|1718|1719|1720|1721|1722|1723|1724|1725|1726|1727|1728|1729|1730|1731|1732|1733|1734|1735|1736
category's	1726
centers	1720|1729
centre	1734
centuries	1717
century	1719|1723|1726
certain	1726
changes	1717|1718|1719|1720|1721|1722|1723|1724|1725|1726|1727|1728|1729|1730|1731|1732|1733|1734|1735|1736
circumnavigations	1721
cities	1721
city	1725|1726
classification	1720
classifications	1720|1726
collections	1734
communication	1728
comparative	1720
computing	1728
concerning	1721
cont	1719|1720|1721|1722|1724|1725|1726|1727|1728|1729|1732|1733|1734|1736
contact	1721
contain	1723
contains	1725|1731|1736
content	1717|1718|1719|1720|1721|1722|1723|1724|1725|1726|1727|1728|1729|1730|1731|1732|1733|1734|1735|1736
continent	1725
continents	1726
continuous	1721
controversies	1720
correspondents	1721
cosmological	1726
countries	1723|1726|1733
country	1719|1721|1725|1726|1728|1733|1734|1736
coups	1721
creation	1719
crises	1721
culture	1720
cultures	1721
d'	1721
damaged	1721
dance	1728|1735
de	1720|1723|1734|1736
death	1721
decades	1717
decay	1720
del	1722|1734
deletion	1720
democracies	1721
democracy	1719
der	1719|1723
descriptions	1719
design	1728
details	1717|1718|1719|1720|1721|1722|1723|1724|1725|1726|1727|1728|1729|1730|1731|1732|1733|1734|1735|1736
determinism	1719|1736
diaspora	1724
diffusion	1723
directly	1723
disasters	1725
discoveries	1727
dissimilarity	1719
documents	1720
drink	1728
e	1717|1719|1720|1721|1723|1724|1725|1726|1727|1728|1730|1732|1734|1736
e'	1720
edit	1726|1732
education	1720|1728|1730
emait	1720
embarrassment	1719
empires	1721|1728|1733
en	1717|1718|1719|1720|1721|1722|1723|1724|1725|1726|1727|1728|1729|1730|1731|1732|1733|1734|1735|1736
encyclopedia	1717|1718|1719|1720|1721|1722|1723|1724|1725|1726|1727|1728|1729|1730|1731|1732|1733|1734|1735|1736
encyclopedias	1723
engineering	1728
entities	1720|1721
environmentalism	1728
eras	1720|1726
esky	1719|1720|1721|1723|1726|1728|1732|1736
etcetera	1726
ethnic	1720|1724|1727
ethnicity	1724|1725
evaluation	1719
events	1717|1718|1719|1720|1721|1722|1723|1724|1725|1726|1727|1728|1729|1730|1731|1732|1733|1734|1735|1736
evidence	1719
evolution	1720
expeditions	1721|1736
experiment	1736
exploration	1736
explorations	1721|1736
export	1717|1718|1719|1720|1721|1722|1723|1724|1725|1726|1727|1728|1729|1730|1731|1732|1733|1734|1735|1736
faka-Tonga	1720
fallacy	1719
family	1728
few	1723
fiction	1722
fields	1720
figure	1720
figures	1721
file	1717|1718|1719|1720|1721|1722|1723|1724|1725|1726|1727|1728|1729|1730|1731|1732|1733|1734|1735|1736
films	1721
firefighting	1728
firsts	1721
fishing	1728
flower	1728
fluoridation	1728
focuses	1719
following	1717|1718|1719|1720|1721|1722|1723|1724|1725|1726|1727|1728|1729|1730|1731|1732|1733|1734|1735|1736
food	1728
for	1717|1718|1719|1720|1721|1722|1723|1724|1725|1726|1727|1728|1729|1730|1731|1732|1733|1734|1735|1736
forestry	1721
former	1721|1733
fragmentation	1720
free	1717|1718|1719|1720|1721|1722|1723|1724|1725|1726|1727|1728|1729|1730|1731|1732|1733|1734|1735|1736
frequent	1723
from	1717|1718|1719|1720|1721|1722|1723|1724|1725|1726|1727|1728|1729|1730|1731|1732|1733|1734|1735|1736
funerals	1721
furniture	1728
games	1728
genetic	1728
genre	1722
geographers	1736
geographical	1725
geography	1724|1725|1728|1736
geology	1728
globalization	1728
group	1720|1724
groups	1721|1724|1726
habitation	1721
has	1717|1718|1719|1720|1721|1722|1723|1724|1725|1726|1727|1728|1729|1730|1731|1732|1733|1734|1735|1736
health	1728
heap	1720
here	1717|1718|1719|1720|1721|1722|1723|1724|1725|1726|1727|1728|1729|1730|1731|1732|1733|1734|1735|1736
heritage	1726
hip-hop	1735
histoire	1719
historians	1719|1735
historic	1721
historica	1719
historical	1719|1720|1721|1731
histories	1726|1728
historiography	1719|1723
history	1717|1718|1719|1720|1721|1722|1723|1724|1725|1726|1727|1728|1729|1730|1731|1732|1733|1734|1735|1736
history-related	1721
hole	1720
hostage	1721
hot	1728
house	1734
http	1717|1718|1719|1720|1721|1722|1723|1724|1725|1726|1727|1728|1729|1730|1731|1732|1733|1734|1735|1736
huatl	1720
human	1728
idhlig	1720
if	1723
images	1720|1731
in	1717|1718|1719|1720|1721|1722|1723|1724|1725|1726|1727|1728|1729|1730|1731|1732|1733|1734|1735|1736
ina	1719|1720|1723|1726|1727|1728|1736
incident	1731
including	1726
index	1717|1718|1719|1720|1721|1722|1723|1724|1725|1726|1727|1728|1729|1730|1731|1732|1733|1734|1735|1736
individual	1720
information	1717|1718|1719|1720|1721|1723|1724|1725|1726|1727|1728|1729|1730|1732|1733|1734|1735|1736
institutionalization	1719|1720
intentionalism	1719
international	1728
interpretations	1719
is	1717|1718|1719|1720|1721|1722|1723|1724|1725|1726|1727|1728|1729|1730|1731|1732|1733|1734|1735|1736
ische	1720
journal	1732
journals	1719|1721|1732
k	1720
ka	1720
kel	1720
kings	1721
l	1719|1720|1721|1726|1727|1728|1732
la	1720|1734
large	1723
last	1717|1718|1719|1720|1721|1722|1723|1724|1725|1726|1727|1728|1729|1730|1731|1732|1733|1734|1735|1736
learn	1717|1718|1719|1720|1721|1722|1723|1724|1725|1726|1727|1728|1729|1730|1731|1732|1733|1734|1735|1736
liberalism	1719
library	1722
life	1725|1728
limited	1726
linguistics	1728
link	1717|1718|1719|1720|1721|1722|1723|1724|1725|1726|1727|1728|1729|1730|1731|1732|1733|1734|1735|1736
links	1717|1718|1719|1720|1721|1722|1723|1724|1725|1726|1727|1728|1729|1730|1731|1732|1733|1734|1735|1736
list	1717|1718|1719|1720|1721|1722|1723|1724|1725|1726|1727|1728|1729|1730|1731|1732|1733|1734|1735|1736
lists	1720|1721
literary	1719
literature	1728
locality	1725
location	1720|1725|1727
lzisch	1720
m-g	1719|1720
magazine	1732
magazines	1732
main	1719|1720|1721|1734|1736
mainly	1723
maintenance	1723
map	1721|1736
maps	1720|1723|1733|1736
maritime	1723
matter	1719
may	1717|1718|1719|1720|1721|1722|1723|1724|1725|1726|1727|1728|1729|1730|1731|1732|1733|1734|1735|1736
media	1719|1720|1723|1725|1726|1727|1728|1729|1732|1733|1734|1736
megiella	1720
mental	1728
menu	1717|1718|1719|1720|1721|1723|1724|1725|1726|1727|1728|1729|1730|1732|1733|1734|1735|1736
meta-level	1719
metaphor	1719
method	1719
methodology	1719
migration	1728
military	1734
millennia	1717
mining	1728
missions	1721
modernity	1719
modified	1717|1718|1719|1720|1721|1722|1723|1724|1725|1726|1727|1728|1729|1730|1731|1732|1733|1734|1735|1736
monasteries	1721
more	1717|1718|1719|1720|1721|1722|1723|1724|1725|1726|1727|1728|1729|1730|1731|1732|1733|1734|1735|1736
moved	1723
mtatarca	1720
multiple	1719
museum	1734
museums	1720|1721|1728|1734
myth	1719
n	1719|1720|1721|1724|1726|1728|1736
n-l	1719|1720
narrative	1719
nationalism	1719
naval	1723
navigation	1717|1718|1719|1720|1721|1722|1723|1724|1725|1726|1727|1728|1729|1730|1731|1732|1733|1734|1735|1736
navigational	1726
ne	1720
negationism	1719
neto	1720
network	1719
newspaper	1732
ng	1717|1719|1720|1721|1723|1724|1725|1726|1727|1728|1733|1734
ng-d	1720
ng-ng	1720
nglisc	1720
nineteenth	1719
no	1729
non-inflated	1721
non-profit	1717|1718|1719|1720|1721|1722|1723|1724|1725|1726|1727|1728|1729|1730|1731|1732|1733|1734|1735|1736
not	1717|1718|1719|1720|1721|1722|1723|1724|1725|1726|1727|1728|1729|1730|1731|1732|1733|1734|1735|1736
nski	1719|1720|1728
nuclear	1721
nudity	1728
numbers	1728
nynorsk	1720|1726|1728|1732|1736
of	1717|1718|1719|1720|1721|1722|1723|1724|1725|1726|1727|1728|1729|1730|1731|1732|1733|1734|1735|1736
ographie	1736
oil	1721
ol	1719|1720|1721|1723|1724|1726|1728|1734|1735|1736
oldid	1717|1718|1719|1720|1721|1722|1723|1724|1725|1726|1727|1728|1729|1730|1731|1732|1733|1734|1735|1736
on	1717|1718|1719|1720|1721|1722|1723|1724|1725|1726|1727|1728|1729|1730|1731|1732|1733|1734|1735|1736
only	1718|1725|1731|1735
op	1723
or	1719|1724|1725|1727
org	1717|1718|1719|1720|1721|1722|1723|1724|1725|1726|1727|1728|1729|1730|1731|1732|1733|1734|1735|1736
organization	1717|1718|1719|1720|1721|1722|1723|1724|1725|1726|1727|1728|1729|1730|1731|1732|1733|1734|1735|1736
organizations	1720|1734
ori	1724
other	1719|1726
out	1717|1718|1719|1720|1721|1722|1723|1724|1725|1726|1727|1728|1729|1730|1731|1732|1733|1734|1735|1736
over	1723
page	1717|1718|1719|1720|1721|1722|1723|1724|1725|1726|1727|1728|1729|1730|1731|1732|1733|1734|1735|1736
pages	1717|1718|1719|1720|1721|1722|1723|1724|1725|1726|1727|1728|1729|1730|1731|1732|1733|1734|1735|1736
paleoecological	1726
paleogeographical	1726
paleogeological	1726
parliamentary	1728
past	1719
people	1720|1724
peoples	1724
period	1720|1723|1726|1728
periods	1717|1721|1726
petroleum	1728
philosophy	1719|1720|1731
photography	1728
php	1717|1718|1719|1720|1721|1722|1723|1724|1725|1726|1727|1728|1729|1730|1731|1732|1733|1734|1735|1736
physical	1726
place	1725
places	1726
plants	1721
poetry	1728
poison	1728
policy	1717|1718|1719|1720|1721|1722|1723|1724|1725|1726|1727|1728|1729|1730|1731|1732|1733|1734|1735|1736
politic	1720
political	1723
portal	1717|1718|1719|1720|1721|1722|1723|1724|1725|1726|1727|1728|1729|1730|1731|1732|1733|1734|1735|1736
portrait	1719
posts	1721
pre-Columbian	1721
pre-Ice	1726
prehistoric	1721
present	1722
presentation	1719
preservation	1720
procedure	1728
progress	1719
projects	1728
que	1734
r	1720
rather	1719
rbaycanca	1720|1727|1728|1731|1736
recent	1717|1718|1719|1720|1721|1722|1723|1724|1725|1726|1727|1728|1729|1730|1731|1732|1733|1734|1735|1736
recurrence	1719
reenactment	1719|1721|1726
reflect	1717|1718|1719|1720|1721|1722|1723|1724|1725|1726|1727|1728|1729|1730|1731|1732|1733|1734|1735|1736
region	1723|1725|1726|1727
regions	1727
registered	1717|1718|1719|1720|1721|1722|1723|1724|1725|1726|1727|1728|1729|1730|1731|1732|1733|1734|1735|1736
related	1719|1720|1723|1725|1726|1727|1728|1729|1732|1733|1734|1736
relations	1728
religion	1718|1726|1728
require	1723
requiring	1723
research	1719|1720|1726|1735
resolutions	1721
resources	1720|1730|1733
revisionism	1719
revolution	1736
rights	1734
rk	1717|1719|1720|1721|1723|1724|1725|1726|1727|1728|1730|1732|1734|1736
rkmen	1720|1727|1728
ro	1720
roads	1736
romance	1719
royskt	1720|1726
rulers	1721
rumagn	1720
runestones	1721
s	1717|1719|1720|1721|1723|1724|1725|1726|1727|1728|1732|1734|1736
sandbox	1720
schools	1721
science	1722|1727|1728|1734
sciences	1719|1720|1722|1723|1736
scientific	1736
scope	1726
search	1717|1718|1719|1720|1721|1722|1723|1724|1725|1726|1727|1728|1729|1730|1731|1732|1733|1734|1735|1736
see	1720|1726
set	1729
settlements	1721
sexuality	1728
shipbuilders	1721
shipyards	1721
should	1723
showing	1733
sigillography	1719
similar	1726
sites	1726
slavery	1728
slenska	1720|1726|1728|1732
snobbery	1719
social	1723|1736
socialism	1728
societies	1721|1736
society	1734
sociology	1720|1728
software	1728
source	1719
sources	1719
spaceflight	1728
specific	1719
spills	1721
sports	1728
srpski	1717|1719|1720|1724|1726|1727|1728
state	1721
states	1719
structure	1723
structures	1729
stubs	1720|1723|1732
studii	1719
study	1719|1726
subcategories	1717|1719|1720|1721|1722|1723|1724|1725|1726|1727|1728|1730|1731|1732|1733|1734|1736
subcategory	1718|1735
subdivision	1725
subject	1719|1730|1731
successful	1721
suicide	1728
systems	1721
t	1717|1719|1720|1721|1723|1724|1725|1726|1727|1728|1733|1734|1736
talk	1719
tango	1735
tat	1721
tatar	1720|1725|1726|1727
teachers	1730
technology	1721|1727|1728
template	1729
templates	1726
terms	1717|1718|1719|1720|1721|1722|1723|1724|1725|1726|1727|1728|1729|1730|1731|1732|1733|1734|1735|1736
territory	1727
terrorism	1728
tests	1721
text	1719
than	1719
the	1717|1718|1719|1720|1721|1722|1723|1724|1725|1726|1727|1728|1729|1730|1731|1732|1733|1734|1735|1736
theft	1719
their	1719
theory	1719
thesis	1719
thinking	1719
this	1717|1718|1719|1720|1721|1722|1723|1724|1726|1727|1728|1729|1730|1732|1733|1734|1735|1736
time	1717|1721|1726|1731
timelines	1717|1720|1727
title	1717|1718|1719|1720|1721|1722|1723|1724|1725|1726|1727|1728|1729|1730|1731|1732|1733|1734|1735|1736
to	1717|1718|1719|1720|1721|1722|1723|1724|1725|1726|1727|1728|1729|1730|1731|1732|1733|1734|1735|1736
tobacco	1728
toll	1721
too	1723
tools	1717|1718|1719|1720|1721|1722|1723|1724|1725|1726|1727|1728|1729|1730|1731|1732|1733|1734|1735|1736
topic	1720|1723|1726|1728|1735|1736
topics	1721|1726
total	1717|1718|1719|1720|1721|1722|1723|1724|1725|1726|1727|1728|1729|1730|1731|1732|1733|1734|1735|1736
trademark	1717|1718|1719|1720|1721|1722|1723|1724|1725|1726|1727|1728|1729|1730|1731|1732|1733|1734|1735|1736
trading	1721
traditions	1721
trans-oceanic	1721
translation	1728
transport	1728
tribe	1724
troves	1726
tsch	1720|1726
tter	1732
tub	1728
twentieth	1719
type	1722|1723|1729|1734
types	1721
tzebuergesch	1719|1720|1721
u	1719|1720|1727|1728|1736
under	1717|1718|1719|1720|1721|1722|1723|1724|1725|1726|1727|1728|1729|1730|1731|1732|1733|1734|1735|1736
uprisings	1721
us	1717|1718|1719|1720|1721|1722|1723|1724|1725|1726|1727|1728|1729|1730|1731|1732|1733|1734|1735|1736
use	1719|1731
usually	1719
uws	1720
version	1717|1718|1719|1720|1721|1722|1723|1724|1725|1726|1727|1728|1729|1730|1731|1732|1733|1734|1735|1736
versus	1719
very	1723
view	1717|1718|1719|1720|1721|1722|1723|1724|1725|1726|1727|1728|1729|1730|1731|1732|1733|1734|1735|1736
voyages	1736
w	1717|1718|1719|1720|1721|1722|1723|1724|1725|1726|1727|1728|1729|1730|1731|1732|1733|1734|1735|1736
war	1721|1734
wars	1721
was	1717|1718|1719|1720|1721|1722|1723|1724|1725|1726|1727|1728|1729|1730|1731|1732|1733|1734|1735|1736
water	1728
wealthiest	1721
weapons	1721
where	1723
wi	1732
wikipedia	1717|1718|1719|1720|1721|1722|1723|1724|1725|1726|1727|1728|1729|1730|1731|1732|1733|1734|1735|1736
with	1720|1729
work	1719
world	1717|1721|1728|1736
worldview	1719
writing	1719|1728
y	1734
years	1717
youth	1728
zbekcha	1720
zoo	1724
