'74	1975
'75	1975
'I'	1965
'Show	1966
'me'	1965
'n'	1973
-	1957|1958|1959|1960|1961|1962|1963|1964|1965|1966|1967|1968|1969|1970|1971|1972|1973|1974|1975|1976
--	1966
-fa	1959
-logic	1968
-tab	1966
0	1963
01	1974|1975
02	1962
03	1973
04	1967
06	1964
07	1968
09	1970
1	1957|1958|1959|1960|1962|1963|1964|1967|1968|1969|1970|1971|1973|1976
10	1960|1962|1963|1965|1967|1968|1972
101	1962|1969
102	1959
103	1963
105	1960
107	1968
108	1960
109	1959
11	1958|1959|1962|1963|1964|1966|1967|1969
116	1959
12	1958|1959|1960|1961|1962|1964|1965|1966|1967|1969|1974|1975
12-571-3570	1969
12-inch	1971
121	1965
13	1962|1965|1968|1969|1971|1972|1973
132	1967
135	1975
136	1963|1965
14	1959|1963|1964|1967|1969
144	1958|1963
148	1964
15	1959|1960|1961|1962|1965|1969
16	1959|1960|1962|1963|1964
161	1969
17	1958|1967|1969|1971
170	1963
18	1959|1964|1965|1968|1969|1971
19	1959|1960|1962|1964|1966|1970|1972
192	1957
193	1963
198	1959
19th	1968
2	1958|1959|1960|1963|1965|1968|1969|1970|1974|1975
20	1960|1962|1965|1968|1969|1976
200	1957
2006	1961
2007	1961
2008	1961
2009	1961|1966
2010	1966
2011	1970|1971|1972|1976
2012	1957|1958|1959|1961|1962|1965|1973
2013	1960|1963|1964|1966|1967|1968|1969|1974|1975
204	1969
21	1957|1959|1968|1969|1976
215	1963
219	1959|1960
22	1959|1962|1964|1967
228	1963
229	1959
23	1957|1958|1959|1962|1963|1968|1969
231	1964
24	1959|1961|1963|1969|1976
25	1957|1960|1962|1968
26	1964|1967
27	1958|1969
28	1958|1964|1967|1969
283	1963
29	1959|1962|1964|1966|1967|1973
297	1963
3	1957|1959|1962|1963|1964|1967|1968|1969|1970
30	1959|1960
309	1959
31	1959|1960|1969|1970
32	1959|1967|1975
321	1957
33	1969|1974
34	1959
35	1959
36	1958|1968
38	1969
389	1963
39	1959|1960|1961|1962
4	1958|1959|1960|1962|1964|1967|1968|1969|1970|1971|1973
40	1970
41	1959|1960
42	1968
421624971	1970
428904650	1972
430101377	1976
44	1968|1969
45	1969|1974
454	1959
45rpm	1971
46	1959|1960
464073122	1971
47	1968
473794916	1973
48	1962
5	1958|1959|1960|1962|1963|1964|1965|1967|1968|1969|1970
50	1963
504186504	1957
507051588	1961
508300185	1962
51	1965|1967|1969|1970
510486710	1965
52	1958|1964|1972
520185185	1958
528069046	1959
532268782	1969
532683179	1966
533653585	1964
533994196	1960
535286286	1967
536363901	1963
537300253	1968
537799298	1975
537799357	1974
54	1967|1970
540	1964
55	1958
56	1962|1965
57	1966|1969
59	1963|1964|1968|1969
6	1959|1960|1963|1964|1967|1969|1970|1973
60	1964
62	1959|1976
63	1959|1962
64	1960
65	1964
69	1963
7	1958|1959|1960|1962|1967|1969|1971|1973|1975
70	1964
71	1965|1974
79	1973
8	1959|1960|1968|1969
80	1963
81	1969
85	1962|1969
86	1967|1968
87	1959
9	1958|1959|1960|1962|1963|1964|1965|1967|1968|1969
90	1964
91	1963
92	1965
94	1962
97	1963
A	1957|1958|1959|1960|1962|1963|1964|1965|1966|1967|1968|1969|1970|1972|1973|1974|1975
ABC	1969
ANDROS	1957
APS	1960
ATLANTIS	1957
Abdul	1976
Abortion	1969
About	1957|1958|1959|1960|1961|1962|1963|1964|1965|1966|1967|1968|1969|1970|1971|1972|1973|1974|1975|1976
Abraham	1963
Abramovich	1963
Abstinence-only	1969
Academic	1959
Ace	1975
Ackermann	1968
Act	1957
Action	1960
Actions	1957|1958|1959|1960|1961|1962|1963|1964|1965|1966|1967|1968|1969|1970|1971|1972|1973|1974|1975|1976
Active	1970
Adam	1957
Adaptable	1957
Adele	1973
Admissible	1968
Advanced	1957
Adventist	1957
Aerosol	1964
Africa	1966
African	1963|1966
Afrikaans	1959|1964
After	1973
Against	1969
Aggressive	1959
Agnese	1964
Agrarian	1958
Agriculture	1958|1962
Agronomy	1962
Aguilera	1975|1976
Ahura21	1961
Airgap	1967
Album	1971
Alemannisch	1959|1964
Alex	1973
All	1973|1974|1975
All-dielectric	1970
Almost	1968
Alone	1974|1975
Alors	1975
Alphaville	1975
Alter	1965
America	1960|1973
American	1963|1966
Amour	1965
Amour-propre	1965
Amphibians	1962
Analloerotic	1969
Analog	1957
Analytical	1962
Anatomically	1969
Anatta	1965
Anders	1963
Andersen	1964
Andrea	1963
Andrei	1960
Andrew	1963
Animal	1959|1973
Animals	1962
Anja	1964
Annie	1975
Anomalous	1967
Another	1975
Anthem	1975
Anthropologist	1963
Anthropology	1962
Anti-individualism	1965
Anymore	1974
Apple	1966
Approach	1969
April	1961
Aquarium	1962
Arab	1969
Aragon	1959|1964|1967|1968
Archie	1957
Are	1974|1975
Arm	1957
Armed	1957
Armenia	1966
Armenia-related	1966
Armored	1957
Arnold	1963
Around	1975
Arpetan	1959
Arqu	1960
Arse	1969
Arthropods	1962
Arthur	1963
Artificial	1962
Arts	1966
Ary	1963
Asha	1974
Asian	1963
Asilomar	1960
Assembly	1957
Association	1957|1972|1973|1976
Astrobiology	1962
Astronomer	1963
Asturianu	1959|1964
At	1975
Athenian	1969
Atom	1957
Atomism	1965
Attribution-ShareAlike	1957|1958|1959|1960|1961|1962|1963|1964|1965|1966|1967|1968|1969|1970|1971|1972|1973|1974|1975|1976
Audiotrope	1957
Audus	1963
August	1961|1962
Aura	1975
Aurelio	1963
Australian	1960|1963
Autoandrophilia	1969
Automated	1957
Automatika	1957
Automation	1957
Autonomous	1957
Autovampirism	1969
Ava	1959
Avicii	1974
Avril	1972|1973|1976
Award	1959
Awareness	1960
Away	1976
Axiomatic	1968
Axioms	1968
Aymar	1959
Az	1959|1964|1967|1968
B	1957|1959|1960|1961|1962|1963|1964|1965|1966|1967|1969|1970|1972|1973|1974|1975|1976
BASIC	1957
BEAM	1957
Babe	1976
Bach	1975
Back	1974
Bad	1973|1974
Bahasa	1959|1962|1964|1965|1967|1968|1969|1970
Balanced	1970
Baldor	1963
Bamanankan	1959
Banerji	1969
Banjar	1959
Baptist	1958
Barack	1966
Basa	1959|1964|1968
Base	1975
Baseball	1957
Basic	1968
Bass	1974
Battle	1965
Bayer	1963
Be	1965|1973|1975|1976
Beament	1963
Beat	1976
Beautiful	1973|1975
Because	1976
Bed	1975
Bee	1973|1974
Been	1974|1975
Before	1972
Belong	1972
Berkeley	1957
Bernard	1963
Best	1976
Better	1975|1976
Beyonc	1973|1974|1975
Bieber	1966
Big	1975|1976
Bigger	1976
Billie	1974
Billionaire	1973
Billy	1975
BioHazard	1957
Biography	1966
Biohacking	1959
Biological	1960|1962
Biologist	1963
Biology	1962|1966
Bioloid	1957
Biotechnology	1962
Birds	1962
Birthday	1960
Bisexuality	1969
Bislama	1959
Black	1957|1975|1976
Blaise	1957
Blake	1973
Blanchard's	1969
Blobotics	1957
Blue	1976
Boarisch	1959|1964
Bodies	1969|1975
Body	1960|1962|1965
Bonita	1975
Bontems	1957
Boom	1975
Bop	1976
Boris	1964
Born	1975
Bosanski	1959|1960|1964|1965|1967|1968
Bossy	1973
Bottoms	1973
Bouche	1974
Boulton	1963
Bow	1957
Box	1957
Boy	1972|1973|1974|1975|1976
Branches	1959
Brand	1963
Break	1975
Breakaway	1976
Breakeven	1973
Breast	1969
Breathe	1975
Brethren	1958
Brezhoneg	1959|1964
Brian	1963
Brick	1975
Bridge	1970|1974
Brimful	1974
Bristol	1957
British	1974
Britney	1974|1975
Brito	1963
Brown	1963|1973
Bryce	1963
Bulletproof	1973
Bundesverband	1975
Bunga	1969
Burn	1975
Burstein	1967
Bush	1957
By	1973|1975
C	1957|1958|1959|1960|1961|1962|1963|1964|1965|1966|1967|1968|1969|1970|1971|1973|1974|1975|1976
CD	1971
Cabal	1968
Cable	1970
Cables	1970
Called	1974
Came	1974
Can't	1974|1975
Canada	1960
Canadian	1972|1976
Candy	1974|1975
Candyman	1976
Cannabis	1962
Cantor's	1968
Car	1976
Carbon	1967
Cardinal	1968
Cardinality	1968
Carlo	1957
Carlos	1963
Carly	1973|1976
Carmen	1957
Cars	1975
Cartesian	1957
Cassette	1971
Casual	1969
Catal	1959|1963|1964|1967|1968|1969
Categorical	1968
Categories	1957|1958|1959|1960|1961|1962|1963|1964|1965|1966|1967|1968|1969|1970|1971|1972|1973|1974|1975|1976
Category	1957|1958|1959|1960|1961|1962|1963|1964|1965|1966|1967|1968|1969|1970|1971|1972|1973|1974|1975|1976
Catholic	1964
Cats	1962
Cebuano	1959|1964
Ceiling	1976
Celia	1963
Celibacy	1969
Cellular	1962
Center	1960
Centre	1960
Century	1965
Cetaceans	1962
Cetti	1964
Chakhotin	1963
Chance	1973
Chang's	1968
Charge	1967
Chasing	1974|1975|1976
Chelle	1973
Chemical	1960
Chemist	1963
Chemistry	1962
Chi	1966
Chicken	1973|1976
Chico	1957
Child	1976
China	1974
Chris	1973
Christina	1975|1976
Christmas	1974|1975
Ciencia	1960
Cinderella	1965
Circle	1969
Circuits	1967
Citizen	1960
City	1973
Clancey	1963
Clare	1973
Clarkson	1976
Class	1968
Clevers	1963
Climber	1957
Close	1973
Club	1968|1975
Clubsuit	1968
Coaxial	1970
Cobot	1957
Coco	1957
Code	1968
Cofinality	1968
Cohn	1963
Colder	1976
Coldplay	1975
Collar	1963
Collins	1957|1975
Color	1976
Combat	1957|1959
Come	1975
Comings	1963
Committee	1960
Common	1957
Commons	1957|1958|1959|1960|1961|1962|1963|1964|1965|1966|1967|1968|1969|1970|1971|1972|1973|1974|1975|1976
Communicating	1960
Community	1957|1958|1959|1960|1961|1962|1963|1964|1965|1966|1967|1968|1969|1970|1971|1972|1973|1974|1975|1976
Comparison	1957
Compound	1967
Computability	1968
Computational	1959
Computationally	1957
Computer	1962|1963
Con	1974
Conceptions	1965
Concepts	1965|1968
Concubinage	1969
Condensation	1968
Condensed	1967
Conference	1957|1960
Connectionist	1957
Contact	1957|1958|1959|1960|1961|1962|1963|1964|1965|1966|1967|1968|1969|1970|1971|1972|1973|1974|1975|1976
Contents	1957|1958|1959|1960|1961|1962|1963|1964|1965|1966|1967|1968|1969|1970|1971|1972|1973|1974|1975|1976
Continuous	1968
Continuum	1968
Control	1973|1975
Controversy	1968
Conversely	1966
Cooler	1973|1976
Copper	1970
Corneille	1963
Corsu	1959
Cortes	1963
Cough	1976
Could	1975
Countdown	1974|1976
Counterdependency	1965
Country	1973|1976
Coupe	1957
Courtship	1969
Cowboy	1976
Crawler	1957
Crazy	1974|1976
Create	1957|1958|1959|1960|1961|1962|1963|1964|1965|1966|1967|1968|1969|1970|1971|1972|1973|1974|1975|1976
Creative	1957|1958|1959|1960|1961|1962|1963|1964|1965|1966|1967|1968|1969|1970|1971|1972|1973|1974|1975|1976
Creepin'	1976
Cretan	1969
Crisis	1965
Cristiana	1963
Critical	1968
Criticism	1959
Cro	1975
Crossover	1970
Crossroads	1973
Cruise	1976
Crustaceans	1962
Cruz	1963
Cry	1976
Cryptography	1962
Cryptozoology	1962
Crystallized	1965
Crystallography	1962
Cuba-scientist-stub	1963
Cultural	1969
Cum	1976
Cup	1973
Curiosity	1976
Current	1957|1958|1959|1960|1961|1962|1963|1964|1965|1966|1967|1968|1969|1970|1971|1972|1973|1974|1975|1976
Currie	1963
Cyberdyne	1957
Cyclone	1973
Cymraeg	1959|1963|1964|1965|1969
D	1957|1959|1960|1962|1963|1965|1966|1967|1968|1969|1970|1971|1972|1973|1974|1975|1976
D'Aleo	1963
DAMN	1957
DJ	1972
DNA	1960
DVD	1971
Dai	1967
Dale	1963
Dan	1963
Dance	1974|1975|1976
Dansk	1959|1963|1964|1967|1968|1970
Danza	1975
Data	1970
Dating	1969
David	1963|1973|1974|1975
Day	1973
Days	1975
Deadblow	1957
Deathnium	1967
Debut	1971
December	1959|1961|1971
Deductive	1968
Deep	1969|1974|1975|1976
Definable	1968
Deidentification	1965
Deliverance	1975
Demain	1963
Democracy	1960
Denialism	1960
Dentistry	1962
Denyer	1963
Des'ree	1975
Descriptive	1968
Destructiveness	1965
Determinacy	1968
Deutsch	1959|1962|1964|1968
Dhallan	1963
Diaconescu's	1968
Diagonal	1968
Dialogical	1965
Diamond	1968
Diamonds	1976
Dick	1975
Die	1967
Diffusion	1967
Dimensional	1968
Din	1959
Dinosaurs	1962
Dione	1975
Direction	1975
Dirt	1957
Disability	1957
Disasters	1962
Disclaimers	1957|1958|1959|1960|1961|1962|1963|1964|1965|1966|1967|1968|1969|1970|1971|1972|1973|1974|1975|1976
Discrimination	1966
Distributed	1957
Do	1966|1973|1974|1975
Doctor	1973
Document	1969
Dog	1957
Dogg	1974
Dogging	1969
Dogs	1962
Dolnoserbski	1959
Don't	1973|1974|1975|1976
Donate	1957|1958|1959|1960|1961|1962|1963|1964|1965|1966|1967|1968|1969|1970|1971|1972|1973|1974|1975|1976
Double	1973
Down	1973|1975
Download	1957|1958|1959|1960|1961|1962|1963|1964|1965|1966|1967|1968|1969|1970|1971|1972|1973|1974|1975|1976
Dreams	1975
Drink	1976
Drive	1973|1975
Drop	1973
Drum	1975
Drunk	1973
Du	1975
Dumitrache	1963
Durrant-Whyte	1957
Dutch	1969
Dutchie	1974
Dyke	1963
Dynamic	1957
E	1957|1959|1960|1961|1962|1963|1964|1965|1967|1968|1969|1970|1972|1973|1974|1975
EIA-568	1970
EMIEW	1957
EV	1967
EZF	1970
Earth	1963|1976
Easton's	1968
Eclipse	1974
Ecological	1965
Ecology	1962
Economics	1959
Edit	1957|1958|1959|1960|1961|1962|1963|1964|1965|1966|1967|1968|1969|1970|1971|1972|1973|1974|1975|1976
Education	1957|1969
Edward	1963
Edwards	1963
Edwyn	1975
Eesti	1959|1962|1964|1968
Effects	1965
Ego	1965
Egolessness	1965
Egosurfing	1965
Eins	1975
El	1960
Electrical	1970
Electron	1967
Electronic	1967
Elektro	1957
Elektronika	1969
Elvina	1957
Elvis	1957
End	1973
Endangered	1962
Endless	1975
Energy	1962
Engin	1963
Engineer	1957
Engineering	1957
Engineers	1960
English	1959|1964|1966|1968
Enjo	1969
Enough	1975
Enrique	1975
Enryu	1957
Ensemble	1957
Environment	1962
Environmental	1957
Epidemic	1969
Epson	1957
Epstein	1963
Equaliser	1968
Equinox	1976
Equivalent	1967
Erd	1968
Erfle	1963
Ernst	1963
Erotic	1969
Erotophobia	1969
Escape	1975
Espa	1958|1959|1960|1962|1964|1965|1967|1968|1969|1973|1974|1975
Esperanto	1959|1962|1964|1968
Estreme	1964
Etch	1967
Ethernet	1970
Ethics	1960
Ethnoscience	1960
Europe's	1957
European	1963
EusLisp	1957
Euskara	1959|1960|1964|1965|1967|1968
Ever	1975
Everybody	1973
Evolutionary	1962
Evolving	1957
Ewango	1963
Ex	1975
Exact	1959
Executive	1965
Exhibition	1957
Exoskeleton	1957
Experimentalist	1964
Expertise	1961
Exploitation	1969
Extension	1968
Extensionality	1968
Extinct	1962
Extremity	1957
Eye	1972|1974
Eyed	1975
F	1957|1959|1960|1961|1962|1963|1964|1965|1966|1967|1968|1969|1970|1973|1974|1975|1976
Face-to-face	1965
Facilities	1959
Fair	1960
Faith	1976
Fallin'	1972
Fame	1974
Featured	1957|1958|1959|1960|1961|1962|1963|1964|1965|1966|1967|1968|1969|1970|1971|1972|1973|1974|1975|1976
February	1961|1963|1968|1974|1975
Federation	1957
Feel	1972|1973|1976
Felix	1975
FemiSapien	1957
Femto-photography	1959
Fergalicious	1973
Fernando	1963
Festival	1960
Fever	1974
Fiber	1968
Fictional	1959|1964
Field	1967
Fight	1974
Figure	1967
Fiji	1959
Filled	1970
Final	1974|1976
Fire	1974|1975
Firestarter	1974
First	1976
Fish	1962
Fisher	1963
Five	1965
Flag	1975
Flexible	1970
Flier	1957
Floating	1967
Fly	1976
Fodor's	1968
Foot	1973
Football	1957
For	1973
Forcing	1968
Forever	1975
Forgive	1974|1975
Formats	1971
Forster	1963
Fortune	1975
Foundation	1957|1958|1959|1960|1961|1962|1963|1964|1965|1966|1967|1968|1969|1970|1971|1972|1973|1974|1975|1976
Fran	1959|1962|1964|1967|1968
France	1957
Fred	1975
Free	1969|1975
Freedom	1960
Freit003	1959
French	1963|1975
Fried	1973|1976
Friends	1957|1975
Fringe	1960
From	1957|1958|1959|1960|1961|1962|1963|1964|1965|1966|1967|1968|1969|1970|1971|1972|1973|1974|1975|1976
Frontiers	1960
Frysk	1959
Fuck	1974
Fuck-me	1969
Fudge	1959
Fujie	1963
Fuller	1963
Fundamental	1959
Funding	1960
Fungi	1962
FurReal	1957
Furlan	1959
G	1957|1959|1960|1962|1963|1964|1965|1966|1968|1969|1972|1973|1974|1975|1976
GOOD	1973
Gaeilge	1959|1964
Gaelg	1959|1965
Gaga	1974|1975
Gagauz	1959
Galego	1959|1964
Gangnam	1975
Gardening	1962
Gareth	1963
Gastrobot	1957
Gastropods	1962
Gees	1974
Geib	1963
Gemology	1962
Gender	1965|1969
Gene	1962
Genealogical	1965
Generalized	1965
Genital	1969
Gentleman	1964
Geography	1966
Geoprofessions	1964
Gerald	1963
German	1958
Germany	1966
Get	1975|1976
Gettin'	1975
Giant	1957
Gigacube	1959
Girl	1973|1975|1976
Girlfriend	1972|1973
Girls	1972|1973|1975|1976
Glad	1974
Glamorous	1973
Glass	1975
Global	1960|1968
Glory	1969
Glossaries	1966
Glue	1973
Go	1973|1974
Goal	1974
God	1965
Goertz	1957
Goethean	1959
Goin	1973
Gold	1976
Golden	1959
Goldschmidt	1963
Gone	1976
Good	1973
Goodbye	1972|1976
Goodstein's	1968
Google	1960
Goose	1959
Got	1972|1973
Gothenburg	1960
Government	1964
Greece	1969
Gregorio	1963
Groove	1974
Grotesque	1969
Ground	1957
Group	1967|1969
Grouplove	1976
Grow	1975
Guardium	1957
Guetta	1973|1974|1975
Guitar	1973
Gunn	1963
Gynandromorphophilia	1969
H	1957|1959|1960|1962|1963|1964|1965|1966|1967|1968|1969|1972|1973|1974|1975|1976
HOAP	1957
HRP-4C	1957
Had	1976
Haile	1957
Hak-k	1959
Halfway	1973
Hall	1963|1974
Halo	1973|1974|1975
Hand	1976
Hans	1963
Happy	1975|1976
Hardest	1976
Hari	1959
Hart	1963
Hartogs	1968
Has	1973
Have	1969|1974|1975
Hayes	1973
Haynes	1967
Headlines	1966
Health	1962
Hear	1974|1975
Heart	1974|1975
Heartache	1974
Hearts	1972
Heaven	1976
Heimatforscher	1964
Heinrich	1963
Helena	1976
Hello	1972
Help	1957|1958|1959|1960|1961|1962|1963|1964|1965|1966|1967|1968|1969|1970|1971|1972|1973|1974|1975|1976
Henderson	1963
Henrique	1963
Henry	1963
Here	1974
Hereditarily	1968
Hereditary	1968
Hero	1975
Hidden	1966|1973
Hildrus	1963
Hill	1976
Hindi	1959
History	1959|1960|1962|1966|1968
Hogben	1963
Honda	1957
Honey	1973
Hoops	1976
Hope	1975
Hornjoserbsce	1959|1964
Horse	1976
Horses	1962
Hot	1969|1973|1975
Hot-carrier	1967
House	1969
How	1969|1973
Howlin'	1976
Hrvatski	1959|1964|1968
Hugh	1957
Human	1958|1962|1965|1969
Humanoid	1957
Humans	1965
Hume's	1968
Humps	1973
Hunter	1973
Hurt	1974|1975|1976
Hybristophilia	1969
I	1957|1959|1960|1961|1962|1963|1965|1966|1967|1968|1969|1970|1972|1973|1974|1975|1976
I'll	1975
I'm	1975|1976
I've	1975
IRobot	1957
Ibadullah	1963
Ich	1975
Icky-pick	1970
Ideal	1968
Identity	1965
Ido	1959|1964|1965|1968|1969
If	1972|1973|1974|1975|1976
Iglesias	1975
Ikigai	1965
Illusory	1965
Ilokano	1959
Image	1961
Images	1959|1964
Imagine	1974
Imma	1973
Impact	1967
Impassibility	1965
Implementation	1968
Impression	1965
In	1975
Inc	1957|1958|1959|1960|1961|1962|1963|1964|1965|1966|1967|1968|1969|1970|1971|1972|1973|1974|1975|1976
Independence	1968
Independent	1974
Index	1968
India	1958|1960
Individual	1965
Individualism	1965
Indonesia	1959|1964|1965|1967|1968|1969|1970
Industry	1972|1973|1974|1976
Inferiority	1965
Infinitary	1968
Infinite	1968
Information	1968
Inner	1968
Innocence	1975
Insbot	1957
Insects	1962
Inside	1969
Institute	1957
Integrity	1960
Intellectual	1960
Intelligent	1957
Interaction	1957|1958|1959|1960|1961|1962|1963|1964|1965|1966|1967|1968|1969|1970|1971|1972|1973|1974|1975|1976
Interlingua	1959|1964|1969
Interlingue	1959
Internal	1968
International	1957|1960|1967
Interviews	1965
Into	1974|1976
Intro	1961|1966
Introspection	1965
Inventors	1964
Ireland	1960
Irreplaceable	1973
Is	1965|1969|1973|1974|1975|1976
IsiXhosa	1959
IsiZulu	1959
Isla	1975
Islam	1966|1969
Islamic	1959
Isobutylgermane	1967
Isotropic	1967
It	1966|1968|1969|1972|1973|1974|1975|1976
It's	1974|1975
Italiano	1959|1962|1964|1967|1968|1974|1975
J	1957|1961|1963|1965|1966|1967|1968|1972|1973|1975|1976
JO-ZERO	1957
James	1963
Jangama	1965
January	1960|1961|1964|1966|1967|1969|1973
Japan	1957|1975
Japanese	1957
Jar	1972
Jason	1975
Jawa	1964
Jean	1974
Jeannie	1976
Jennifer	1963
Jennings	1963
Jensen's	1968
Jepsen	1973|1976
Jesus	1973
Jewelry	1962
John	1963
Johnson's	1967
Joseph	1963
Joyride	1975|1976
Jr	1963
July	1957|1961
Jump	1957|1958|1959|1960|1961|1962|1963|1964|1965|1966|1967|1968|1969|1970|1971|1972|1973|1974|1975|1976
Jumper	1957
Junco	1963
Junction	1967
June	1961|1966
Jungle	1975
Junius	1963
Just	1973|1975
Justin	1957|1966
K	1957|1963|1965|1968|1969|1973|1976
Kalaallisut	1959
Kapampangan	1959|1964
Karl-Hermann	1963
Kashif	1963
Kasz	1959
Katy	1973
Kawaoka	1963
Ke	1975
Kebabian	1963
Kelis	1973
Kelly	1976
Kenan	1963
Kernowek	1959
Kershaw	1975
Keys	1976
Khan	1963
Killed	1974
Kingdom	1958
Kinyarwanda	1959
Kirundi	1959
Kiss	1973|1975|1976
Kissing	1969
Kiswahili	1959|1963|1964
Kit	1957
Knee	1976
Knight	1957
Knobil	1963
Know	1965|1972|1975
Knowles	1973|1974|1975
Knox	1969
Kobayashi	1963
Kongo	1959
Koolvac	1957
Koro	1969
Kracker	1973|1976
Krey	1959
Kryptonite	1973
Kuduro	1975
Kukeri	1969
Kuratowski's	1968
Kurd	1959|1964|1967|1968
L	1957|1959|1960|1962|1963|1964|1965|1966|1967|1968|1969|1970|1971|1972|1973|1974|1975|1976
L'amour	1975
LESH	1957
LGBT	1964|1966|1969
LMFAO	1976
LMR-400	1970
LMR-600	1970
La	1973|1974|1975
Lab	1957
Labar	1964
Ladder	1970
Ladies	1972|1974
Ladino	1959
Lady	1974|1975
Land	1957
Language	1957
Languages	1957|1958|1959|1960|1961|1962|1963|1964|1965|1966|1967|1968|1969|1970|1971|1973|1974|1975
LapLink	1970
Last	1975
Latina	1959|1963|1964|1968
Latvie	1959|1961|1964|1967
Laurence	1963
Laver	1968
Lavigne	1972|1973|1976
Laws	1957
LeDoux	1963
Lea	1959
Lead	1971
League	1957
Learn	1976
Legged	1957
Lena	1975
Lennox	1975
Leona	1976
Leonhardt	1963
Leslie	1963
Level	1967
Leveling	1965
Levels	1974
Lewis	1976
Li	1963
Liar	1975
Library	1962
License	1957|1958|1959|1960|1961|1962|1963|1964|1965|1966|1967|1968|1969|1970|1971|1972|1973|1974|1975|1976
Lick	1975
Lietuvi	1959|1963|1964|1968|1969
Life	1975
Lifetrack	1965
Light	1974
Light-emitting	1967
Lighters	1973
Like	1973|1974|1975
Limburgs	1959|1964
Limit	1968
Lincoln's	1960
Line	1970
Linguistics	1962
Linkin	1975
Lion	1973
Lippincott-Schwartz	1963
Lisa	1975
List	1959|1960|1964|1968|1969|1970
Lists	1964|1966
Little	1973|1974|1976
Live	1974
Lived	1965
Loading	1970
Lock	1973
Log	1957|1958|1959|1960|1961|1962|1963|1964|1965|1966|1967|1968|1969|1970|1971|1972|1973|1974|1975|1976
Logic	1962|1968
Logicians	1968
Looj	1957
Lose	1973
Lost	1974
Louder	1965
Louis	1963
Love	1965|1972|1973|1974|1975
LoveGame	1972|1973
Loved	1975
Loves	1974|1976
Lovin'	1976
Low	1967
Lower	1957
Lucky	1975
Ludobot	1957
Luganda	1959
Lumbaart	1968
Luttinger	1967
Lyappa	1957
M	1957|1959|1960|1962|1963|1965|1966|1967|1968|1969|1970|1971|1973|1974|1975|1976
MARCbot	1957
MATILDA	1957
MacMurtrie	1957
Macarena	1974
Machine	1957|1965
Mad	1975
Made	1976
Madness	1976
Madonna	1973|1974|1975
Magazine	1957
Magdalena	1975
Magyar	1959|1964|1968
Main	1957|1958|1959|1960|1961|1962|1963|1964|1965|1966|1967|1968|1969|1970|1971|1972|1973|1974|1975|1976
Make	1972|1973|1975
Making	1969
Malagasy	1959
Malini	1963
Malti	1959
Mama	1975
Man	1973|1975
Manipulability	1957
Manipulator	1957
March	1960|1961|1970
Margarita	1963
Maria	1963|1975
Marine	1962
MarkV-A1	1957
Marmalade	1974
Marriage	1969
Mars	1957
Martin	1972
Masakatsu	1963
Material	1960
Materials	1967
Mathematical	1968
Mathematician	1963
Mathematics	1962|1966|1968
Max	1975
Maxi	1971
May	1961|1972|1976
McFarland	1963
Me	1972|1973|1974|1975|1976
Mean	1976
Measures	1968
Media	1957|1960|1965
Medicine	1962
Medina	1975
Meditation	1965
Mednick	1963
Medzhitov	1963
Meet	1973
Megasaurus	1957
Mein	1957
Meka	1957
Melayu	1959|1962|1964|1967|1968|1970
Melody	1975
Men	1974|1975
Mengenlehreuhr	1968
Mercy	1973
Merit	1967
Metabolism	1962
Metacube	1959
Metalorganics	1967
Metaphysical	1965
Metaphysics	1965
Methodology	1959
Meyer-Landrut	1975
Michael	1957|1963
Mickey	1974
Micro	1970
Microstrip	1970
Middle	1957
Mihai	1963
Mikkel	1963
Miles	1963
Millennium	1974
Milli	1973
Milner	1968
Mind	1962|1965
Mindstream	1965
Mine	1957|1974|1975
Minimum	1957
Ministry	1959
Minutes	1973
Mirand	1959|1964
Mirmirani	1963
Mirror	1965
Mission	1957
Mistaken	1965
Mizuno	1964
Mobile	1957|1958|1959|1960|1961|1962|1963|1964|1965|1966|1967|1968|1969|1970|1971|1972|1973|1974|1975|1976
Model	1968
Modern	1975
Modular	1957
Moisture	1967
Molecular	1962
Money	1973
Monogamy	1969
Monte	1957
Moonlight	1974
Morality	1959
Morass	1968
More	1966
Moss	1967
Most	1970
Motivation	1965
Motor	1957
Motto	1973
Motz	1963
Move	1975
Mr	1960
Mraz	1975
Multiple	1957
Multiplicity	1968
Multiracial	1969
Mundian	1975
Musa	1957
Muse	1976
Music	1971|1973|1974|1975
Musikindustrie	1975
Must	1975
My	1973|1974|1975|1976
N	1957|1959|1961|1962|1963|1965|1967|1968|1970|1973|1974|1975
NASA	1957
NOS	1969
Na	1973
Naegeli	1963
Nafs	1965
Nah	1975
Naive	1968
Named	1968
Namespaces	1957|1958|1959|1960|1961|1962|1963|1964|1965|1966|1967|1968|1969|1970|1971|1972|1973|1974|1975|1976
Narcissism	1965
Nation	1975
National	1960
Natural	1959|1962
Navigation	1957|1958|1959|1960|1961|1962|1963|1964|1965|1966|1967|1968|1969|1970|1971|1972|1973|1974|1975|1976
Near	1968
Nederlands	1959|1962|1964|1968
Nedersaksies	1959|1964
Need	1973
Negative	1967
Neh	1975
Neon	1973
Network	1960
Networking	1970
Neural	1965
Neuroscience	1962
Never	1975|1976
New	1963
News	1961|1966
Night	1973|1974|1975
Nigredo	1965
Nik	1975
Nite	1973
Noize	1976
Nomad	1957
Non-difference	1965
Norfuk	1959
Normal	1968
Norsk	1959|1964|1967|1968|1969
North	1963
Not	1969|1974|1975
Note	1966
Nothin'	1973
Nottebohm	1963
Nouormand	1959
November	1961|1966
Novial	1959|1964|1968
Now	1973
O	1957|1958|1959|1962|1963|1965|1967|1968|1969|1970|1973|1974|1975
Obama	1966
Obscenity	1969
Obstacle	1957
Occitan	1959|1962|1964|1968
Oceana	1975
October	1958|1961
Octopus	1970
Odalisque	1969
Old	1958
Oliver	1963
Olivo	1963
Olympiad	1957
Omega	1966
Omnipotence	1965
Omnipresence	1965
Omniscience	1965
Omorashi	1969
On	1957|1973|1974
On-die	1967
On-premises	1970
One	1969|1973|1974|1975
OneRepublic	1973|1975
Ones	1975
Ontological	1968
Oort	1963
Open	1969
OpenRAVE	1957
Optical	1970
Orazio	1957
Ordinal	1968
Organic	1962
Other	1965
Otto	1963
Our	1969
Ourselves	1969
Out	1976
Outline	1959|1965|1968|1969
Outlines	1966
Over	1975
Overdrive	1967
Overhead	1970
Overview	1966
Overviews	1966
Owl	1973
P	1957|1958|1959|1960|1962|1963|1964|1965|1966|1967|1968|1969|1970|1971|1973|1974|1975|1976
PCF	1968
PDF	1957|1958|1959|1960|1961|1962|1963|1964|1965|1966|1967|1968|1969|1970|1971|1972|1973|1974|1975|1976
PINO	1957
PROGOL	1957
PROWLER	1957
PackBot	1957
Page	1957|1958|1959|1960|1961|1962|1963|1964|1965|1966|1967|1968|1969|1970|1971|1972|1973|1974|1975|1976
Pages	1957|1958|1959|1960|1961|1962|1963|1964|1965|1966|1967|1968|1969|1970|1971|1972|1973|1974|1975|1976
Pairing	1968
Pakistani	1958
Paleontology	1962
Papa	1974
Paparazzi	1974|1975
Papi	1976
Papiamentu	1959
Paradi	1963
Paradise	1972|1975
Paradoxes	1968
Paradoxical	1968
Paralyzer	1973
Paraphilia	1969
Parity	1957
Park	1975
Part	1973|1975
Party	1974|1976
Pass	1974
Passion	1975
Patience	1974|1975
Paul	1964
Paula	1976
Pavements	1974|1976
Payphone	1975
Peas	1975
Pederasty	1969
People	1963|1964|1965|1966
Perceptual	1957
Perfect	1965
Performance	1962
Permanent	1957|1958|1959|1960|1961|1962|1963|1964|1965|1966|1967|1968|1969|1970|1971|1972|1973|1974|1975|1976
Perry	1973
Person	1965
Personal	1957|1958|1959|1960|1961|1962|1963|1964|1965|1966|1967|1968|1969|1970|1971|1972|1973|1974|1975|1976
Personhood	1965
Peter	1963
Phallus	1969
Pharmacology	1962
Pharmacy	1959|1962
Phenomenon	1959
Philip	1963
Philosophical	1968
Philosophy	1959|1962|1965|1969
Phonographic	1974
Photo-Dember	1967
Photoelectrochemical	1967
Phototrope	1957
Physical	1962
Physicist	1963
Picard	1962|1964
Piemont	1968
Piers	1963
Pill	1969
Pisin	1959
Pitbull	1976
Pitkern	1959
Place	1969|1976
Plan	1957
Plantoid	1957
Plants	1962
Platinum	1973
Plattd	1959
Playboy	1969
Please	1957|1963|1973|1974|1975
Plen	1957
Plenum	1970
Plushophilia	1969
Poindexter	1963
Policy	1960
Policymaking	1960
Politics	1960
Polizei	1975
Polly	1957
Polski	1959|1962|1964|1967|1968|1969
Polyamory	1969
Polymorphous	1969
Poon	1963
Pop	1973
Popular	1960
Pornography	1966
Portal	1959|1961|1962|1965|1966|1968
Portals	1961|1962|1966
Portugu	1959|1962|1963|1964|1965|1967|1968|1969
Pow	1975
Practice	1959
Prayer	1974|1975
Preach	1974
Preordered	1968
Pressure	1965
Price	1975
Primates	1962
Primitive	1968
Princess	1974
Print	1957|1958|1959|1960|1961|1962|1963|1964|1965|1966|1967|1968|1969|1970|1971|1972|1973|1974|1975|1976
Printable	1957|1958|1959|1960|1961|1962|1963|1964|1965|1966|1967|1968|1969|1970|1971|1972|1973|1974|1975|1976
Printer	1970
Priscilla	1957
Prison	1969|1975
Privacy	1957|1958|1959|1960|1961|1962|1963|1964|1965|1966|1967|1968|1969|1970|1971|1972|1973|1974|1975|1976
Prize	1960
Probabilistic	1957
Procrastination	1965
Prodigy	1975
Professorship	1960
Programmable	1957
Programming	1957
Progress	1960
Project	1957
Promotional	1971
Proof	1968
Proper	1969
Protection	1966
Proximity	1967
Pseudoscience	1959
Psyche	1965
Psychology	1962|1965
Public	1960
Put	1972|1974
Pyrotechnics	1962
Q	1959|1960|1963|1964|1968
Qodir	1963
Quakers	1964
Quarks	1960
Quasi-set	1968
Quirks	1960
Quotes	1966
R	1957|1958|1959|1960|1962|1963|1964|1965|1967|1968|1969|1970|1971|1973|1974|1975
RB5X	1957
RG-213	1970
RG-58	1970
RG-59	1970
RG-6	1970
RIAA	1973
Rabbits	1962
Rabin	1963
Radio	1974
Radiotrope	1957
Rado	1968
Rae	1973|1976
Rain	1972|1975
Raining	1974|1975
Raise	1975
Ramirez	1963
Random	1957|1958|1959|1960|1961|1962|1963|1964|1965|1966|1967|1968|1969|1970|1971|1972|1973|1974|1975|1976
Rashba	1967
Rating	1969
Ravinder	1963
Raw	1969
Raychem	1970
Raymond	1957
Reactionary	1959
Read	1957|1958|1959|1960|1961|1962|1963|1964|1965|1966|1967|1968|1969|1970|1971|1972|1973|1974|1975|1976
Really	1974|1975
Reamonn	1975
Reason	1974
Recent	1957|1958|1959|1960|1961|1962|1963|1964|1965|1966|1967|1968|1969|1970|1971|1972|1973|1974|1975|1976
Recombinant	1960
Recording	1972|1973|1976
Recursive	1968
Red	1973
Reddi	1959
Reference	1966
Reflection	1968
Reform	1969
Regulatory	1959
Related	1957|1958|1959|1960|1961|1962|1963|1964|1965|1966|1967|1968|1969|1970|1971|1972|1973|1974|1975|1976
Reliability	1967
Religious	1965
Renewable	1962
Reproductive	1969
Reptiles	1962
Research	1959
Responsibility	1960
Retrieved	1957|1958|1959|1960|1961|1962|1963|1964|1965|1966|1967|1968|1969|1970|1971|1972|1973|1974|1975|1976
Return	1975
Reverse	1967
Review	1969
Revolution	1969
Ribbon	1970
Richard	1957|1963
Riddle	1975
Ride	1976
Right	1973|1975
Rihanna	1974|1975|1976
Ring	1972|1974
Ringle	1971
Ripoarisch	1959|1964
Rita	1969
River	1975
Roadmap	1967
Robbie	1974|1975
Robert	1963
Robo-stub	1957
RoboCup	1957
RoboMop	1957
RoboRocks	1957
Robomaxx	1957
Robonexus	1957
Robot	1957
Robot-soccer	1957
Robot-sumo	1957
RobotFest	1957
Robotic	1957
Robotics	1957
Robotics_stubs	1957
Robotis	1957
Robots	1957
Rodeo	1976
Roderick	1963
Role	1959
Roll-to-roll	1967
Roller	1957
Rolling	1974|1975
Rollover	1970
Rom	1959|1964|1965|1967|1968|1969
Roman	1963|1964
Romance	1974
Romani	1959
Rome	1969
Roses	1975
Rosswall	1963
Rota	1957
Roughgarden	1963
Roux	1973
Roxette	1975|1976
Rude	1973|1974
Rule	1974
Rumantsch	1959
Rumour	1973
Run	1973
RunBot	1957
Runa	1959|1964
Rural	1958
Rural_society	1958
Ruslan	1963
Russell's	1968
S	1957|1959|1960|1961|1962|1963|1964|1965|1966|1967|1968|1969|1970|1972|1973|1974|1975|1976
SAVIOUR	1957
SCARA	1957
SERVO	1957
SGR-A1	1957
Safe	1969
Said	1975
Sakharov	1960
Samsung	1957
Sandstorm	1957
Sant	1964
Sara	1963
Sarcoman	1957
Sardu	1959|1964
Save	1976
Sawyer	1963
Scholars	1964
School	1969
Science	1959|1960|1961|1962|1963|1964|1966
Science-related	1959
Science_in_society	1960
Science_portal	1961
Science_portals	1962
Scientific	1959|1960
Scientist	1963|1964
Scientist-stub	1963
Scientist_stubs	1963
Scientists	1959|1960|1963|1964
Scooter	1975
Scotland	1966
Scots	1959|1964
Scott's	1968
Scream	1975
Seaglider	1957
Search	1957|1958|1959|1960|1961|1962|1963|1964|1965|1966|1967|1968|1969|1970|1971|1972|1973|1974|1975|1976
Second	1973
Secrets	1973|1975
See	1957|1958|1959|1960|1961|1962|1963|1964|1965|1966|1967|1968|1969|1970|1971|1972|1973|1974|1975|1976
Seeltersk	1959
Seems	1976
Seishitsu	1969
Selected	1966
Self	1965|1975
Self-Discrepancy	1965
Self-abasement	1965
Self-acceptance	1965
Self-actualization	1965
Self-affirmation	1965
Self-awareness	1965
Self-categorization	1965
Self-compassion	1965
Self-complexity	1965
Self-confidence	1965
Self-consciousness	1965
Self-control	1965
Self-criticism	1965
Self-denial	1965
Self-determination	1965
Self-disclosure	1965
Self-enhancement	1965
Self-evaluation	1965
Self-fulfillment	1965
Self-handicapping	1965
Self-hatred	1965
Self-help	1965
Self-knowledge	1965
Self-parenting	1965
Self-perception	1965
Self-realization	1965
Self-reference	1965
Self-righteousness	1965
Self-schema	1965
Self-verification	1965
Selfism	1965
Semi-protected	1966
Semi-protected_portals	1966
Semi-protection	1966
Semiconductor	1967
Semiconductors	1967
Sense	1957|1960|1965
Sensitivity	1967
Sentience	1965
Separating	1968
September	1961|1965
Sergei	1963
Set	1968
Set-builder	1968
Set-theoretic	1968
Set_theory	1968
Seven	1975
Sex	1969|1975
Sex-negativity	1969
Sex-positive	1969
Sexism	1969
Sexual	1965|1969
Sexuality	1969
Sexuality_and_society	1969
Sexualization	1969
Sexy	1972|1975
Shadows	1975
Shake	1973|1976
Sharks	1962
She	1975|1976
She's	1973|1974|1975|1976
Sheet	1967
Shelby	1969
Shelton	1973
Shielded	1970
Shinedown	1973
Shockley	1967
Short	1975
Shots	1973
Shout	1975
Show	1960
Shqip	1959
SiSwati	1959
Sicilianu	1959
Signal	1970
Signal_cables	1970
Simbad	1957
Simi	1959|1964
Simon	1963
Simonyi	1960
Simple	1959|1964|1966|1968
Single	1969|1971|1972|1974
Single_types	1971
Singles	1971|1972|1973|1974|1975|1976
Singles_certified_double_platinum_by_the_Canadian_Recording_Industry_Association	1972
Singles_certified_double_platinum_by_the_Recording_Industry_Association_of_America	1973
Singles_certified_gold_by_the_British_Phonographic_Industry	1974
Singles_certified_gold_by_the_Bundesverband_Musikindustrie	1975
Singles_certified_gold_by_the_Canadian_Recording_Industry_Association	1976
Sitter	1957
Size	1957
Skog	1963
Slider	1957
Sloven	1959|1963|1964|1965|1966|1967|1968
Slow	1960
Slut-shaming	1969
Small	1957
Smile	1973|1976
Smirting	1969
Snoop	1974
So	1976
Sobriety	1975
Social	1963|1969
Society	1957|1958|1960|1966|1969
Sociology	1959|1960|1965
Sociometer	1965
Soft	1968
Solid	1967
Solid-state	1967
Solo	1973
Solovay	1968
Solveig	1972
Somebody	1974|1975|1976
Something	1975
Sometimes	1974
Song	1973|1975
Songs	1960
Songz	1973
Soomaaliga	1959
Sorry	1976
Soulmate	1975
Sounds	1975
South	1963
Sp	1963
Space	1962
Speaker	1970
Spears	1974|1975
Special	1957|1958|1959|1960|1961|1962|1963|1964|1965|1966|1967|1968|1969|1970|1971|1972|1973|1974|1975|1976
Species	1962
Sphere	1957
Spherical	1957
Spice	1972|1975
Split	1970
Spratly	1963
Springsteen	1973
Squirmer	1957
Sranantongo	1959
Srpskohrvatski	1959|1964
Stage	1957
Stansfield	1975
Star	1957|1974|1975
Stardust	1975
Stars	1974
Starship	1974
Started	1976
States	1969
Station	1959
Stationary	1968
Stay	1973
Step	1975
Stephen	1963
Stereo	1957|1972
Sternfeld	1963
Still	1973
Stop	1974|1975|1976
Story	1972|1974
Straight	1976
Strain	1967
Stratification	1968
Strax	1963
Stride	1975
Strip	1969
Stronger	1975
Stub	1957|1963
Stuck	1973
Style	1975
Styx	1976
Subcategories	1958|1959|1960|1962|1963|1964|1965|1967|1968|1969|1970
Subject	1965
Subjective	1965
Subjectivity	1965
Submarine	1970
Subpersonality	1965
Successor	1968
Sue	1960
Sugar	1973
Summer	1972|1975
Sunda	1959|1968
Sunflower	1968
Sunscreen	1974
Suomi	1959|1960|1963|1964|1967|1968
Super	1974
Supergirl	1975
Superstrong	1968
Support	1968
Surena	1957
Surinder	1963
Suslin	1968
Svenska	1957|1959|1963|1964|1967|1968
Swedish	1957
Sweet	1975
Swift	1972|1974
Swimmer	1957
Symmetric	1968
Symposia	1967
Syrup	1976
System	1957|1959
Systems	1957|1962|1968
T	1957|1959|1960|1961|1962|1963|1964|1965|1966|1967|1968|1969|1970|1971|1973|1974|1975|1976
T-52	1957
TIA	1970
TOC	1966
Tables	1976
Tacata'	1975
Tactel	1957
Tadahiko	1964
Tag	1975
Tagalog	1959|1966
Tail	1968
Take	1973|1974|1975
Talk	1957|1958|1959|1960|1961|1962|1963|1964|1965|1966|1967|1968|1969|1970|1971|1972|1973|1974|1975|1976
Talking	1975
Talks	1973
Tamargo	1963
Tamargo-Sanchez	1963
Taqbaylit	1959
Tarski's	1968
Taylor	1972|1974
Teach	1969
Teaching	1957
Team	1972|1975
Teardrops	1973
Technology	1957|1962|1966|1967
Telco	1970
Telecommunication	1970
Telecommunications	1970
Telephone	1975
Template	1957|1963
Terms	1957|1958|1959|1960|1961|1962|1963|1964|1965|1966|1967|1968|1969|1970|1971|1972|1973|1974|1975|1976
Tetrix	1957
Tetun	1959
Text	1957|1958|1959|1960|1961|1962|1963|1964|1965|1966|1967|1968|1969|1970|1971|1972|1973|1974|1975|1976
Tha	1973
Than	1965
That	1974|1975
That's	1974
The	1957|1958|1959|1960|1961|1962|1963|1964|1965|1966|1967|1968|1969|1970|1971|1972|1973|1974|1975|1976
Theatre	1960
Them	1975
Theories	1968
Theory	1965
Therapy	1965
There	1975
Therefore	1966
Thermal	1967
Thermotrope	1957
Thin-film	1967
Thing	1973|1974|1976
Things	1961|1975
Think	1975
Thinking	1962|1975
This	1957|1958|1959|1960|1961|1962|1963|1964|1965|1966|1967|1968|1969|1970|1971|1972|1973|1974|1975|1976
Thomas	1963
Thorup	1963
Throat	1969
Ti	1958|1959|1960|1964|1965|1968|1969
TiLR	1957
Tied	1976
Tiger	1972|1974
Tighten	1976
Tilden's	1957
Tim	1963
Time	1965|1973|1975
Times	1974|1975
Tirso	1963
Titanium	1973|1975
To	1957|1963|1966|1975
Toes	1976
Tok	1959
Tomorrow	1976
Tongue	1976
Tonight	1973|1974|1975
Too	1973
Toolbox	1957|1958|1959|1960|1961|1962|1963|1964|1965|1966|1967|1968|1969|1970|1971|1972|1973|1974|1975|1976
Toolkit	1957
Top	1963
Topo	1957
Total	1968|1974
Town	1973
Trainables	1969
Trance	1965
Transatlantic	1970
Transgender	1964
Transistor	1967
Transitive	1968
Transmission	1967
Transvestophilia	1969
Tree	1968
Trees	1968|1973
Trencher	1957
Trey	1973
Triaxial	1970
Tribal	1975
Triethylgallium	1967
Trimethylgallium	1967
Trimethylindium	1967
Trooper	1974
True	1965
Try	1976
Tshivenda	1959
Tunnel	1967
Turn	1973|1974
Turning	1976
Turtles	1962
Twelve	1971
Twin-lead	1970
Twinaxial	1970
Twist	1975
U	1957|1958|1960|1963|1965|1968|1969|1973|1974|1975
USPID	1960
Ubiquitous	1957
Ulf	1963
Ultra	1957
Ulysses	1957
Un'estate	1975
Uncle	1973|1976
Under	1974
Underpopulated	1973
Understanding	1960
Unhappy	1965
Unicycle	1957
Uniformization	1968
Unimate	1957
Unisex	1969
United	1958|1969
Universal	1957
Unmanned	1957
Up	1973|1976
Upload	1957|1958|1959|1960|1961|1962|1963|1964|1965|1966|1967|1968|1969|1970|1971|1972|1973|1974|1975|1976
Urelements	1968
Us	1972
Use	1957|1958|1959|1960|1961|1962|1963|1964|1965|1966|1967|1968|1969|1970|1971|1972|1973|1974|1975|1976
User	1959|1961
V	1957|1960|1963|1964|1967|1968|1969|1973|1974|1975|1976
VLSI	1967
Vahcuengh	1959
Vanguardia	1960
Variants	1957|1958|1959|1960|1961|1962|1963|1964|1965|1966|1967|1968|1969|1970|1971|1972|1973|1974|1975|1976
Various	1968
Vasal	1963
Vaughan	1957|1963
Vector	1957
Vedanta	1965
Vehicle	1957
Velocity	1957
Velvet	1975
Veps	1959|1964
Vi	1958|1959|1960|1964|1965|1968|1969
Vicious	1968
Video	1974
Viera	1963
View	1957|1958|1959|1960|1961|1962|1963|1964|1965|1966|1967|1968|1969|1970|1971|1972|1973|1974|1975|1976
Views	1957|1958|1959|1960|1961|1962|1963|1964|1965|1966|1967|1968|1969|1970|1971|1972|1973|1974|1975|1976
Virgin	1974
Virginity	1969
Viva	1975
Vogue	1973|1974
Volap	1959
Volare	1976
Voltage	1967
W	1957|1959|1960|1961|1963|1964|1968|1972|1973|1974|1975|1976
Wakamaru	1957
Walk	1976
Walker	1957
Walking	1957
Wall	1975
Walls	1976
Walon	1959
Wang	1963
Wanna	1973|1974|1976
Wannabe	1975
Want	1972|1973|1974|1975
Wanted	1973
Wars	1957
Was	1976
Wash	1976
Water	1975
Way	1974
We're	1973
Wear	1974
Weather	1976
Weber	1963
Week	1960|1975
Weili	1967
Wellfoundedness	1968
Were	1972|1973|1974|1975|1976
Werthimer	1963
West-Vlams	1959|1964
Wet	1974
What	1957|1958|1959|1960|1961|1962|1963|1964|1965|1966|1967|1968|1969|1970|1971|1972|1973|1974|1975|1976
Whataya	1972|1975
Wheel	1973|1975
Wheelbarrow	1957
Whegs	1957
When	1976
Where	1974|1975
Whistle	1973
White	1957|1963|1975
Who	1974|1975|1976
Wiki	1962
WikiProject	1957|1963
WikiProjects	1961
Wikimedia	1957|1958|1959|1960|1961|1962|1963|1964|1965|1966|1967|1968|1969|1970|1971|1972|1973|1974|1975|1976
Wikipedia	1957|1958|1959|1960|1961|1962|1963|1964|1965|1966|1967|1968|1969|1970|1971|1972|1973|1974|1975|1976
Wild	1975
Will	1969|1972
William	1963
Williams	1974|1975
Willy	1975
Win	1973
Winaray	1959|1968
Wired	1957
With	1973|1975
Without	1975
Witkin	1963
Wollman	1963
Wolof	1959
Woman	1974|1975
Women	1964|1974
WonderBorg	1957
Word	1976
Words	1974
Work	1976
Works	1959
World	1957|1960|1974|1975
Worlds	1960
Worry	1976
X	1957|1963|1965
XM1216	1957
Xia	1963
Xiao	1963
Xin	1965
Xitsonga	1959
Y	1957|1963|1965|1972|1973|1974|1975|1976
YARP	1957
Yang	1963
Year	1965|1976
Yes	1976
Yo	1963
Yor	1959|1964
Yoshihiro	1963
You	1957|1963|1965|1972|1973|1974|1975|1976
You're	1973|1975|1976
Young	1975
Your	1972|1975
Yours	1975
Yuan	1963
Yusnier	1963
Z	1963|1966
ZFC	1968
Zanvil	1963
Zazaki	1964
Ze	1959
Zealand	1963
Zero	1975
Zgurovsky	1963
Zokirov	1963
Zompro	1963
Zubarev	1963
Zwei	1975
a	1957|1958|1959|1960|1961|1962|1963|1964|1965|1966|1967|1968|1969|1970|1971|1972|1973|1974|1975|1976
about	1959|1960|1962
abstinence	1969
abuse	1969
academics	1964
account	1957|1958|1959|1960|1961|1962|1963|1964|1965|1966|1967|1968|1969|1970|1971|1972|1973|1974|1975|1976
activity	1965
add	1957|1963|1966|1973
adding	1966|1967
additional	1957|1958|1959|1960|1961|1962|1963|1964|1965|1966|1967|1968|1969|1970|1971|1972|1973|1974|1975|1976
adhesions	1959
administration	1966
advertising	1965|1969
advocacy	1960
affairs	1969
after	1964|1966
agency	1965
ais	1959|1962|1964|1967|1968
also	1960|1962|1964|1970|1971
always	1966
amounts	1967
an	1957|1963|1966|1968|1969|1975
analysis	1957|1967
ancient	1969
and	1957|1959|1960|1961|1962|1963|1964|1965|1966|1967|1968|1969|1970|1971|1972|1973|1974|1975
anonymous	1966
any	1966|1968|1973
apartheid	1969
apply	1957|1958|1959|1960|1961|1962|1963|1964|1965|1966|1967|1968|1969|1970|1971|1972|1973|1974|1975|1976
approach	1957
architecture	1957
are	1957|1958|1959|1960|1961|1962|1963|1964|1965|1966|1967|1968|1969|1970|1971|1972|1973|1974|1975|1976
area	1958
argument	1968
arithmetic	1968
arm	1957
article	1957|1958|1959|1960|1961|1962|1963|1964|1965|1966|1967|1968|1969|1970|1971|1972|1973|1974|1975|1976
articles	1957|1959|1962|1963|1966|1968|1973
aru	1959
as	1957|1958|1959|1960|1961|1962|1963|1964|1965|1966|1967|1968|1969|1970|1971|1972|1973|1974|1975|1976
assignment	1968
associated	1968
at	1957|1958|1959|1960|1961|1962|1963|1964|1965|1966|1967|1968|1969|1970|1971|1972|1973|1974|1975|1976
automatically	1966
available	1957|1958|1959|1960|1961|1962|1963|1964|1965|1966|1967|1968|1969|1970|1971|1972|1973|1974|1975|1976
avoidance	1957
award	1964
awards	1959|1960
awareness	1960
axiom	1957
axiomatic	1968
axioms	1968
ayisyen	1959
b	1959|1964
babbling	1957
bandwidth	1970
basic	1966
basis	1965
be	1966|1967|1973
been	1966|1973
before	1957|1963
being	1966
belong	1973
benchmark	1957
best	1966
bewilderment	1965
binding	1969
biographies	1963
biography	1961|1966
biology	1962
bizaad	1959
board	1966
body	1965|1967|1969
bokm	1959|1964|1967|1968
book	1957|1958|1959|1960|1961|1962|1963|1964|1965|1966|1967|1968|1969|1970|1971|1972|1973|1974|1975|1976
books	1964|1965
bottom	1966
box-header	1966
brain	1962
brothers	1963
bsczi	1959
buildings	1959
bump	1967
bunga	1969
buttocks	1969
by	1957|1959|1960|1963|1964|1966|1967|1968|1969|1971|1972|1973|1974|1975|1976
cable	1970
cables	1970
cabling	1970
cameras	1957
can	1957|1961|1963|1967
capacitance	1967
capital	1969
cardinal	1968
carriers	1967
cart	1957
categories	1957|1963|1964|1966|1971|1973
categories'	1966
categorize	1973
categorized	1973
category	1957|1958|1959|1960|1961|1962|1963|1964|1965|1966|1967|1968|1969|1970|1971|1972|1973|1974|1975|1976
cause	1964
celebrity	1960
cell	1959
century	1968
certification	1970|1972|1973|1974|1975|1976
certified	1972|1973|1974|1975|1976
changes	1957|1958|1959|1960|1961|1962|1963|1964|1965|1966|1967|1968|1969|1970|1971|1972|1973|1974|1975|1976
channel	1967
character	1965
chemistry	1962
circle	1968
class	1968
classification	1957|1959
classifications	1959
cleaner	1957
cleric	1964
closure	1968
coaxial	1970
coding	1968
collections	1968
combinatorics	1968
communication	1967
communications	1970
community	1958
companies	1967
company	1957
complex	1965
components	1970
computational	1957
computers	1969
concept	1965
concepts	1968
conference	1960
confusing	1966
conjecture	1968
connectors	1970
consciousness	1965
considered	1964
consistent	1968
cont	1957|1958|1959|1960|1961|1962|1963|1964|1965|1966|1967|1968|1969|1970|1972|1974|1975
contains	1966|1973
content	1957|1958|1959|1960|1961|1962|1963|1964|1965|1966|1967|1968|1969|1970|1971|1972|1973|1974|1975|1976
continent	1959
continuum	1968
control	1957
controlled	1967
coordinate	1957
copper	1967
correct	1969
corresponding	1966
cost	1970
countable	1968
countries	1960
country	1969
covering	1968
craft	1957
creation	1957|1963
crime	1969
crimes	1969
crossover	1970
cu	1963
culture	1958|1960
current	1967
cybernetics	1957
da	1975
danse	1975
de	1957|1960|1963|1965
death	1964
dedicated	1962
deduction	1968
defects	1967
definable	1968
del	1963
density	1967
depictions	1965
details	1957|1958|1959|1960|1961|1962|1963|1964|1965|1966|1967|1968|1969|1970|1971|1972|1973|1974|1975|1976
developed	1968
development	1958|1959|1965
device	1967
devices	1967
dhyana	1965
di	1964
diagonal	1968
diagram	1968
dialogue	1960
dich	1975
different	1968
dimension	1957
diode	1967
diodes	1967
discipline	1959
disciplines	1959
discovery	1968
discriminant	1957
disorder	1969
do	1961
does	1966
doll	1969
domestic	1957|1970
done	1966
double	1972|1973
dysfunction	1965
e	1959|1960|1963|1964|1965|1967|1968|1969
e'	1959
economics	1958
edit	1966
edited	1966
education	1959|1960|1969
effect	1967
ego	1965
electrical	1970
electronic	1967
electronics	1967
elements	1968
ellipsoid	1957
emait	1964
en	1957|1958|1959|1960|1961|1962|1963|1964|1965|1966|1967|1968|1969|1970|1971|1972|1973|1974|1975|1976
encyclopedia	1957|1958|1959|1960|1961|1962|1963|1964|1965|1966|1967|1968|1969|1970|1971|1972|1973|1974|1975|1976
end	1968
energy	1962
engineering	1959|1960|1967|1970
enhanced	1957
enormously	1968
equipment	1970
error	1969
esky	1959|1962|1964|1967|1968
etching	1967
ethics	1969
ethnicity	1964
events	1957|1958|1959|1960|1961|1962|1963|1964|1965|1966|1967|1968|1969|1970|1971|1972|1973|1974|1975|1976
exceptional	1968
expanding	1957|1963
experience	1965
experiment	1967
expert	1957
export	1957|1958|1959|1960|1961|1962|1963|1964|1965|1966|1967|1968|1969|1970|1971|1972|1973|1974|1975|1976
extension	1968
fabrication	1967
fact	1966
factor	1959
fair	1960
faith	1965
faka-Tonga	1959
false	1965
father	1964
feature	1957
festivals	1960|1969
few	1973
fiber	1970
fiction	1969
fidelity	1969
field	1964|1969
file	1957|1958|1959|1960|1961|1962|1963|1964|1965|1966|1967|1968|1969|1970|1971|1972|1973|1974|1975|1976
film	1969
filter	1968
finalists	1957
find	1966
finding	1961|1962
finite	1968
first	1968
flat	1970
flaws	1968
folklore	1959
following	1957|1958|1959|1960|1961|1962|1963|1964|1965|1966|1967|1968|1969|1970|1971|1972|1973|1974|1975|1976
footer	1966
for	1957|1958|1959|1960|1961|1962|1963|1964|1965|1966|1967|1968|1969|1970|1971|1972|1973|1974|1975|1976
fraud	1969
free	1957|1958|1959|1960|1961|1962|1963|1964|1965|1966|1967|1968|1969|1970|1971|1972|1973|1974|1975|1976
from	1957|1958|1959|1960|1961|1962|1963|1964|1965|1966|1967|1968|1969|1970|1971|1972|1973|1974|1975|1976
function	1957|1968
functions	1965
fuzzy	1968
game	1969
games	1969
gender	1969
geoengineering	1959
geography	1958
girl	1969
glaub'	1975
gold	1974|1975|1976
grand	1957
groups	1966
habitats	1958
harassment	1969
hares	1962
has	1958|1959|1960|1962|1963|1964|1965|1967|1968|1969|1970|1973
have	1966|1968|1973
having	1966
help	1957|1963|1973
here	1957|1958|1959|1960|1961|1962|1963|1964|1965|1966|1967|1968|1969|1970|1971|1972|1973|1974|1975|1976
hidden	1966
hierarchy	1968
high	1970
history	1957|1958|1959|1960|1961|1962|1963|1964|1965|1966|1967|1968|1969|1970|1971|1972|1973|1974|1975|1976
hole	1969
http	1957|1958|1959|1960|1961|1962|1963|1964|1965|1966|1967|1968|1969|1970|1971|1972|1973|1974|1975|1976
huatl	1959
identification	1968
identity	1965
idhlig	1959
if	1966
illimited	1968
illusion	1965
image	1965
immediately	1966
impact	1969
impurities	1967
in	1957|1958|1959|1960|1961|1962|1963|1964|1965|1966|1967|1968|1969|1970|1971|1972|1973|1974|1975|1976
ina	1959|1963|1964|1965|1966|1967|1968
inch	1971
inches	1971
include	1966
index	1957|1958|1959|1960|1961|1962|1963|1964|1965|1966|1967|1968|1969|1970|1971|1972|1973|1974|1975|1976
industrialized	1960
industry	1969
infinitesimal	1968
information	1957|1958|1959|1960|1961|1962|1963|1964|1965|1966|1967|1968|1969|1970|1971|1972|1973|1974|1975|1976
injection	1967
instead	1957|1963|1966
instructions	1966
instruments	1959
integrity	1965
intelligence	1957|1962
international	1970
intersection	1968
inuktitut	1959
ionization	1967
is	1957|1958|1959|1960|1961|1962|1963|1964|1965|1966|1967|1968|1969|1970|1971|1972|1973|1974|1975|1976
it	1966
italiana	1975
item	1957
its	1966
itself	1966
jerk	1969
journals	1967
k	1959|1969
ka	1964
kel	1959|1964
kinematic	1957
kit	1957
l	1959|1964|1967|1968
la	1960
laboratory	1957
lacing	1970
languages	1968
large	1968
last	1957|1958|1959|1960|1961|1962|1963|1964|1965|1966|1967|1968|1969|1970|1971|1972|1973|1974|1975|1976
law	1960|1969
laws	1959
leakage	1967
learn	1957|1958|1959|1960|1961|1962|1963|1964|1965|1966|1967|1968|1969|1970|1971|1972|1973|1974|1975|1976
lebe	1975
leg	1957
lemma	1968
level	1967|1970
lie	1963
life	1958|1962|1965|1966
lifestyle	1969
like	1973
limit	1968
line	1966|1967|1968|1970
linguist	1957
link	1957|1958|1959|1960|1961|1962|1963|1964|1965|1966|1967|1968|1969|1970|1971|1972|1973|1974|1975|1976
linkages	1966
links	1957|1958|1959|1960|1961|1962|1963|1964|1965|1966|1967|1968|1969|1970|1971|1972|1973|1974|1975|1976
list	1957|1958|1959|1960|1961|1962|1963|1964|1965|1966|1967|1968|1969|1970|1971|1972|1973|1974|1975|1976
lists	1959
literature	1968
localization	1957
location	1959|1969
logic	1967|1968
logically	1968
love	1969
low	1970
luminescence	1967
m-g	1959|1964
machine	1965
main	1958|1959|1964|1965|1968|1969
maintained	1957|1963
maintenance	1965
management	1965
mass	1969
material	1967
materials	1967
mathematicians	1968
mathematics	1968
matter	1967
maximalism	1968
may	1957|1958|1959|1960|1961|1962|1963|1964|1965|1966|1967|1968|1969|1970|1971|1972|1973|1974|1975|1976
measurement	1959|1967
medes	1960
media	1959|1960|1964|1965|1967|1968|1969|1970
medicine	1969
megiella	1959|1964
member	1966
menu	1957|1959|1960|1961|1962|1963|1964|1965|1966|1967|1968|1969|1970|1971|1972|1973|1974|1975|1976
message	1973
metaphysics	1965
meteorologist	1963
method	1959
microelectronics	1967
mind	1965
mining	1957
minority	1969
misconceptions	1960
misconduct	1969
mobile	1957
mobility	1967
model	1967|1968
modification	1969
modified	1957|1958|1959|1960|1961|1962|1963|1964|1965|1966|1967|1968|1969|1970|1971|1972|1973|1974|1975|1976
more	1957|1958|1959|1960|1961|1962|1963|1964|1965|1966|1967|1968|1969|1970|1971|1972|1973|1974|1975|1976
mother	1964
motivation	1968
movement	1969
mtatarca	1959|1964
municipality	1958
museums	1960
music	1971
n	1959|1964|1965|1967|1968|1969
n-l	1959|1964
naive	1968
named	1964
nanofoam	1967
nationality	1964
navbar	1966
navigation	1957|1958|1959|1960|1961|1962|1963|1964|1965|1966|1967|1968|1969|1970|1971|1972|1973|1974|1975|1976
negotiation	1965
neto	1964
network	1969
neural	1959
new	1957|1963|1966
newly	1960|1966
news	1966
ng	1958|1959|1960|1964|1965|1968|1969
ng-d	1959
ng-ng	1959
non-profit	1957|1958|1959|1960|1961|1962|1963|1964|1965|1966|1967|1968|1969|1970|1971|1972|1973|1974|1975|1976
nonconductive	1970
norm	1969
normal	1957
not	1957|1958|1959|1960|1961|1962|1963|1964|1965|1966|1967|1968|1969|1970|1971|1972|1973|1974|1975|1976
notation	1968
notice	1966
notion	1968
nski	1959|1964
nsson	1968
number	1968
numbers	1968
nynorsk	1959|1964|1967|1968|1969
o	1960
objectification	1969
obscenity	1969
obstacle	1957
occupation	1963|1964
occupations	1959|1964
ocean	1959
of	1957|1958|1959|1960|1961|1962|1963|1964|1965|1966|1967|1968|1969|1970|1971|1972|1973|1974|1975|1976
ol	1958|1959|1960|1962|1964|1965|1967|1968|1969|1973|1974|1975
oldid	1957|1958|1959|1960|1961|1962|1963|1964|1965|1966|1967|1968|1969|1970|1971|1972|1973|1974|1975|1976
on	1957|1958|1959|1960|1961|1962|1963|1964|1965|1966|1967|1968|1969|1970|1971|1972|1973|1974|1975|1976
one	1966
only	1966|1968
operator	1968
optical	1970
or	1964|1966|1969|1970
order	1968
ordinal	1968
org	1957|1958|1959|1960|1961|1962|1963|1964|1965|1966|1967|1968|1969|1970|1971|1972|1973|1974|1975|1976
organization	1957|1958|1959|1960|1961|1962|1963|1964|1965|1966|1967|1968|1969|1970|1971|1972|1973|1974|1975|1976
organizations	1959
orientation	1969
original	1968
other	1965|1966|1970
others	1962
out	1957|1958|1959|1960|1961|1962|1963|1964|1965|1966|1967|1968|1969|1970|1971|1972|1973|1974|1975|1976
outreach	1960
over	1968
oxide	1967
packages	1967
page	1957|1958|1959|1960|1961|1962|1963|1964|1965|1966|1967|1968|1969|1970|1971|1972|1973|1974|1975|1976
pages	1957|1958|1959|1960|1961|1962|1963|1964|1965|1966|1967|1968|1969|1970|1971|1972|1973|1974|1975|1976
pair	1970
pairs	1970
pantheism	1959
paradox	1968
parameter	1967
paraphilias	1969
part	1966
partir	1974
partner	1969
party	1969
pederasty	1969
people	1964
period	1964
perversity	1969
pet	1957
philosophy	1965
photovoltaic	1967
php	1957|1958|1959|1960|1961|1962|1963|1964|1965|1966|1967|1968|1969|1970|1971|1972|1973|1974|1975|1976
phrenology	1965
physical	1962
physicists	1967
physics	1967
picture	1961|1966
pillar	1967
pit	1967
plasticity	1969
platinum	1972|1973
please	1973
poker	1969
policy	1957|1958|1959|1960|1961|1962|1963|1964|1965|1966|1967|1968|1969|1970|1971|1972|1973|1974|1975|1976
politics	1958
popular	1960
populated	1973
portal	1957|1958|1959|1960|1961|1962|1963|1964|1965|1966|1967|1968|1969|1970|1971|1972|1973|1974|1975|1976
portals	1959|1961|1962|1966
positivism	1969
pp-semi-protected	1966
practice	1969
pread	1969
preference	1966
prejudices	1969
press	1960
prevents	1966
principle	1968
process	1967
processing	1967
programme	1960
programming	1968
project	1966
promotional	1971
proof	1968
properties	1967
property	1968
propose	1957|1963
proposed	1959
protect	1966
protected-page	1966
protecting	1966
psychology	1965
purposes	1970
r	1959|1964
radio	1960
rather	1966
rbaycanca	1959|1964|1967|1968
real	1968
recent	1957|1958|1959|1960|1961|1962|1963|1964|1965|1966|1967|1968|1969|1970|1971|1972|1973|1974|1975|1976
recording	1971
reduction	1968
redundancy	1957
reference	1967
reflect	1957|1958|1959|1960|1961|1962|1963|1964|1965|1966|1967|1968|1969|1970|1971|1972|1973|1974|1975|1976
registered	1957|1958|1959|1960|1961|1962|1963|1964|1965|1966|1967|1968|1969|1970|1971|1972|1973|1974|1975|1976
related	1959|1960|1964|1965|1967|1968|1969|1970|1973
relating	1957|1963
relationship	1969
religion	1960|1969
remove	1973
representation	1968
reptiles	1962
requested	1973
require	1970
requiring	1970
resistance	1967
response	1968
results	1966|1968
revolution	1969
ribbon	1970
rights	1969
rigorous	1968
riser	1970
ritual	1969
rk	1959|1960|1963|1964|1965|1967|1968|1969
rkmen	1959|1964
ro	1968
roadmap	1957
robo-stub	1957
robot	1957
robotics	1957|1963
robotique	1957
robots	1957
royskt	1959|1964|1968
s	1959|1962|1963|1964|1965|1967|1968|1969
sai	1969
satisfies	1968
scandals	1969
schemes	1959
science	1959|1960|1961|1962|1964
sciences	1962
scientific	1959|1964
scientist	1963|1964
scientists	1963|1964
search	1957|1958|1959|1960|1961|1962|1963|1964|1965|1966|1967|1968|1969|1970|1971|1972|1973|1974|1975|1976
segregation	1969
selection	1957
self	1965|1966
self-reflection	1965
self-supporting	1970
semantics	1968
semi-protected	1966
semi-protection	1966
semiconductor	1967
semiconductors	1967
sense	1969
sequence	1968
series	1957
serious	1968
serves	1968
set	1966|1968
sets	1968
sex	1969
sexual	1965|1969
sexuality	1969
shape	1965
shoes	1969
should	1966
showing	1966
shown	1966
shrink	1967
simply	1968
simulator	1957
single	1971
singles	1971|1973
site	1959|1969
situation	1966
slam	1959
slang	1969
slenska	1959|1964|1968
small	1967
social	1957|1965
societies	1960|1969
society	1958|1959|1960|1969
software	1957
soi	1965
solipsism	1965
solution	1957
some	1966
song	1972|1973|1974|1975|1976
sorting	1957|1963
sorts	1968
sounds	1966
source	1966
specific	1962|1966
speculation	1959
speculative	1969
square	1968
srpski	1959|1960|1963|1964|1965|1967|1968
state	1967
statements	1968
status	1966
stigma	1969
structure	1957|1968
structures	1967
stub	1957|1963
stubs	1957|1959|1963|1964|1968
studies	1960
subcategories	1958|1959|1960|1962|1963|1964|1965|1967|1968|1969|1970
subject	1964
submarine	1970
subtly	1968
such	1968
suite	1957
superiority	1965
supports	1968
symbol	1969
system	1957
t	1958|1959|1960|1964|1965|1968|1969
talk	1959
tap	1970
tape	1971
target	1969
tatar	1959|1964
te	1974
technique	1967
technology	1959|1960|1967
teen	1965
telecommunications	1970
telegraph	1970
television	1970
temperature	1967
template	1966
templates	1957|1963|1966
terminal	1970
termination	1967
terminology	1959
terms	1957|1958|1959|1960|1961|1962|1963|1964|1965|1966|1967|1968|1969|1970|1971|1972|1973|1974|1975|1976
test	1965|1969
th	1963
than	1966|1973|1976
that	1966|1968|1973
the	1957|1958|1959|1960|1961|1962|1963|1964|1965|1966|1967|1968|1969|1970|1971|1972|1973|1974|1975|1976
them	1957|1963|1967
themes	1969
theorem	1968
theoretic	1968
theories	1959
theorists	1968
theory	1965|1968
thickness	1967
things	1964|1968
thinking	1968
this	1957|1958|1959|1960|1961|1962|1963|1964|1965|1966|1967|1968|1969|1970|1971|1972|1973|1974|1975|1976
thong	1969
thyself	1965
title	1957|1958|1959|1960|1961|1962|1963|1964|1965|1966|1967|1968|1969|1970|1971|1972|1973|1974|1975|1976
to	1957|1958|1959|1960|1961|1962|1963|1964|1965|1966|1967|1968|1969|1970|1971|1972|1973|1974|1975|1976
tools	1957|1958|1959|1960|1961|1962|1963|1964|1965|1966|1967|1968|1969|1970|1971|1972|1973|1974|1975|1976
topic	1959
topics	1961|1966|1968|1973
topology	1968
total	1957|1958|1959|1960|1961|1962|1963|1964|1965|1966|1967|1968|1969|1970|1971|1972|1973|1974|1975|1976
toujours	1975
toy	1969
tra	1963
trademark	1957|1958|1959|1960|1961|1962|1963|1964|1965|1966|1967|1968|1969|1970|1971|1972|1973|1974|1975|1976
trance	1965
transfer	1965
transistor	1967
transsexual	1964
transsexualism	1969
treating	1968
treats	1968
trick	1968
truck	1957
tsch	1959
type	1971
types	1967|1971
typology	1969
tzebuergesch	1959|1964|1969
u	1959|1961|1964|1967
uncountability	1968
undecidable	1968
under	1957|1958|1959|1960|1961|1962|1963|1964|1965|1966|1967|1968|1969|1970|1971|1972|1973|1974|1975|1976
underwear	1969
universes	1968
unless	1966
us	1957|1958|1959|1960|1961|1962|1963|1964|1965|1966|1967|1968|1969|1970|1971|1972|1973|1974|1975|1976
use	1957|1963|1966
used	1966|1970
user	1966
users	1966
uws	1959
vacuum	1957
vehicle	1957
version	1957|1958|1959|1960|1961|1962|1963|1964|1965|1966|1967|1968|1969|1970|1971|1972|1973|1974|1975|1976
versions	1968
video	1971
view	1957|1958|1959|1960|1961|1962|1963|1964|1965|1966|1967|1968|1969|1970|1971|1972|1973|1974|1975|1976
views	1965
village	1958
visible	1966
voltage	1967
vy	1968
w	1957|1958|1959|1960|1961|1962|1963|1964|1965|1966|1967|1968|1969|1970|1971|1972|1973|1974|1975|1976
warfare	1960|1962
was	1957|1958|1959|1960|1961|1962|1963|1964|1965|1966|1967|1968|1969|1970|1971|1972|1973|1974|1975|1976
weapon	1957
welfare	1959
whatever	1968
which	1966
whose	1967
wiki	1961
wikipedia	1957|1958|1959|1960|1961|1962|1963|1964|1965|1966|1967|1968|1969|1970|1971|1972|1973|1974|1975|1976
window	1957
winners	1964
wire	1970
wiring	1970
wisdoms	1965
with	1966|1972|1974|1976
within	1968
women	1969
workers'	1969
works	1959
world	1957|1969
writing	1960
yet	1966
you	1961
zbekcha	1959
