'Em	2013
'Til	2010
'bout	2010
-	1997|1998|1999|2000|2001|2002|2003|2004|2005|2006|2007|2008|2009|2010|2011|2012|2013|2014|2015|2016
-fa	1997
0	2000|2006|2007|2008
004	2008
01	1998|1999|2005|2006
03	2015|2016
078	2008
08	2010
1	1997|1998|1999|2000|2001|2002|2004|2005|2006|2008|2009|2012|2013|2015|2016
10	1997|1998|1999|2000|2001|2002|2006|2007|2009|2014|2016
100	2005
101	1997|2000|2012|2016
102	2000
104	2009
105	1997
11	1997|1999|2000|2002|2004|2006|2013
110	2009
114	2005
118	1997|2005
12	1997|1998|1999|2000|2005|2006|2008|2009
120	1997
121	2006
123	1997|2008
124	2004|2010
128	2005|2008
13	1997|1998|1999|2000|2004|2008|2009|2011
130	2013
132	2008
134	2008
14	1997|1998|2000|2001|2002|2004|2006|2008|2010|2013
140	2000
145	2008
148	2006
15	1997|1998|2000|2005|2006|2008|2009|2011|2012
153	2008
154	1997
155	2006
16	1997|1998|2000|2002|2006|2008|2011|2013|2016
161	2006
164	1997
166	1998
17	1997|1998|1999|2000|2003|2004|2005|2006|2008|2009|2012
170	2008
173	2008
177	1997
178	1997
18	1997|1998|1999|2000|2003|2004|2006|2008|2009
187	2009
19	1997|1999|2000|2004|2006|2008|2009
190	1997
191	1997
193	2007
194	2008
196	2000
2	1997|1998|1999|2000|2004|2006|2007|2008|2013|2015
20	1998|2000|2004|2005|2009|2010
200	2000|2007
2011	2002|2011
2012	1997|1998|2003|2004|2008|2009|2010|2012|2013|2014|2015|2016
2013	1999|2000|2001|2005|2006|2007
202	2004
204	2006
205	2005
21	1999|2000|2005|2006|2013|2014
216	2000
218	2005
22	1997|1999|2000|2001|2002|2008|2013
222	2000
227	2007
23	1997|1998|1999|2000|2004|2007|2009
234	2009
239	2000
24	1997|1998|1999|2000
249	2007
25	1997|2000|2005|2009
252	1997
254	1997
256	2000
26	2000|2002|2005|2008
268	1997|2000
27	1997|1998|2000|2006|2008
277	2000
28	1997|2000|2005|2006|2009|2015|2016
29	1998|2000|2003|2004|2011
29110	2009
3	1997|1998|1999|2000|2001|2002|2004|2005|2006|2007|2008|2009
30	1997|1998|2000|2008
31	1997|1999|2000|2006|2009
316	2006
32	1997|1998|2000|2002|2005|2008
33	1997|2000|2005|2008
34	1997|2000|2002|2006
340	2006
35	1998|2000|2002|2006|2008
36	2004|2016
368	2001
37	1997|1998|2008|2015
38	1997|2004|2006
39	1997|1998|2000
4	1997|1998|2000|2002|2004|2005|2006|2008|2010|2012
40	1997|2000|2002|2005|2009
41	1997|2000|2008
42	1997|2000
43	1998|2002|2006
431496700	2011
44	1998|2008|2009
441509354	2002
45	1997|2002|2006
46	1997|2001
47	2000|2006|2008
475	2006|2007
48	1997|2006
49	1997|1998|2000|2006|2014
491880826	2014
496635915	2003
5	1997|1998|1999|2000|2002|2004|2005|2006|2007|2008|2012
50	2000|2004
502212078	2013
509541811	2016
509541936	2015
51	2012
515993642	2012
518842459	2010
518878358	2004
52	2000|2006
523697400	2008
525629931	1998
528161323	1997
529033546	2009
53	2007|2008
531597810	2007
532064301	2006
532186047	2001
533456499	1999
536617962	2005
537064563	2000
54	1997|2000|2005|2009
55	1997
56	2000
57	2000
58	1997
59	2000|2004
6	1997|1998|1999|2000|2005|2006|2007|2008|2009|2012
60	1997|2005
61	1997|2009
62	1997|2009
63	2015|2016
64	1997|2000
65	1997|2008
66	1997|1998
68	2002
69	2008
7	1997|1999|2000|2001|2004|2005|2006
71	2000|2002
72	1997
74	2000
75	1997|2007
76	1997|2006|2008
79	2000
8	1997|1998|1999|2000|2003|2004|2005|2006|2008|2009|2015
84	2008
87	2009
887	2008
9	1998|1999|2000|2001|2002|2004|2006|2007|2008
90	1998|2005
95	1997
96	2000
99	2008
A	1997|1998|1999|2000|2002|2003|2004|2005|2006|2007|2008|2009|2010|2011|2012|2013|2015|2016
A12	2005
A13	2005
APIs	2008
ARMS	1998
ASA	2007
Aadhiya	2007
Aboriginal	1998|2004
Abortion	2000
About	1997|1998|1999|2000|2001|2002|2003|2004|2005|2006|2007|2008|2009|2010|2011|2012|2013|2014|2015|2016
Abuse	2007
Accident	2007
Accounting	2008
Acephalous	2007
Achieved	2005
Achievement	2005
Actions	1997|1998|1999|2000|2001|2002|2003|2004|2005|2006|2007|2008|2009|2010|2011|2012|2013|2014|2015|2016
Adkins	2010
Admit	2011
Adolf	1998
Advisor	2008
Affectional	2007
Affinity	2007
Afghan	2000
Africa	1998
African	1998|1999|2000|2004
Afrikaans	1997|2006|2008|2009
Again	2010
Against	2012|2016
Age	2005|2007
Agency	2007
Aging	2006
Aguilera	2012
Ain't	2010
Air	2007
Alarm	2015
Albanian	2000
Albert	1998
Alcohol	2007
Alemannisch	1997|2008
Alesha	2013
Alger	2005
Algerian	2000
Ali	2007
All	2010|2012|2013|2015|2016
Allen	2011|2013
Allison	2011
Alloparenting	2007
Allophilia	2007
Almost	2005
Already	2010
Alternative	2005
Always	2005
Am	2013
Amanda	2013
Amateur	2005|2007
Amazed	2010
America	1998|2004
American	1998|1999|2000|2004
American-related	1998
Americanization	2007
Americans	1998|2004
Americas	1999|2004
Americentrism	2007
Amor	2015
Analytic	2007
Anarchism	1998
Ancient	2000|2004
And	2010
Andorran	2000
Angels	2012|2013
Angolan	2000
Anguillan	2000
Anshulonenonly	2003
Anthropology	2002|2004
Anti-modernization	2007
Anti-social	1997
Anticipatory	2005|2007
Antigua	2000
Antillean	2000
Antinaturalism	2007
Antisyzygy	2007
Anymore	2010
Application	2008
April	1998
Arab	1997|1998
Arabia	1998
Aragon	1997|2006|2008
Archaeological	2002
Architecture	2008
Arctic	1999
Are	2013
Areas	2009
Argentine	2000
Arm	2006
Armenian	2000
Around	2010
Arrow	2011
Art	2006
Articles	2008
Aruban	2000
As	2013
Ascribed	2005
Asia	1998
Asian	1998|1999
Asking	2013
Asociality	1997
Association	2007
Assortative	2007
Astrology	2004
Asturianu	1997|2006|2008
At	2010
Atomism	2007
Attribution-ShareAlike	1997|1998|1999|2000|2001|2002|2003|2004|2005|2006|2007|2008|2009|2010|2011|2012|2013|2014|2015|2016
August	2015|2016
Australian	2000|2007
Austrian	2000
Austrophile	2007
Authentication	2008
Authoritarianism	2005
Authority	2005|2007
Auto	1998
Auxiliary	2008
Auxology	2005
Ave	2015
Avril	2013
Awards	1999|2000
Away	2013
Az	1997|2000|2006|2008
Azerbaijani	2000
Aztec	2007
B	1997|1998|2000|2004|2005|2006|2007|2008|2009|2010|2011|2012|2013|2015|2016
B59	2005
BC	2014
Baby	2010|2012|2015|2016
Bachelor's	2005
Backlash	2007
Bad	2013
Badonkadonk	2010
Bag	2012|2013|2016
Bahamian	2000
Bahasa	1997|1998|1999|2000|2005|2006|2007|2008|2009
Bahraini	2000
Bailar	2013
Bang	2011
Bangladeshi	2000
Banjo	2010
Bank	2005
Banyan	2007
Banyumasan	1997|2000
Barbadian	2000
Barbuda	2000
Bargaining	2007
Basa	1997|2000|2006|2009
Basic	2005
Be	2010|2013|2016
Beautiful	2013|2015
Bed	2016
Bedtime	2007
Bee	2007
Begin	2010
Beheading	2007
Being	2010
Bekisa	2007
Belarc	2008
Belarusian	2000
Belgian	2000
Belief	2005
Belizean	2000
Beninese	2000
Berbers	2004
Bermudian	2000
Best	2015
Better	2005|2010|2013
Beyonc	2013|2015|2016
Bhutanese	2000
Bibliographies	1998
Bieber	2012|2016
Bilateral	2005
Bills	2013|2015
Bioculture	2007
Biography	2004
Biological	2005|2007
Birth	2007
Birthday	2016
Bitch	2013|2016
Blackboxing	2007
Blau	2007
Blondie	2013
Bluedating	2007
Boarisch	1997|2000|2006|2008|2009
Bob	2010
Bodied	2015
Body	2012
Bolivian	2000
Bombshell	2007
Bomshel	2013
Bonaire	2000
Boo	2015
Boobies	2013
Booty	2016
Bootylicious	2015
Bop	2013
Bosanski	1997|1998|1999|2000|2005|2006|2008|2009
Bosnia	2000
Bossy	2013
Botswana	2000
Bounce	2013
Bow	2016
Boy	2010|2011|2013|2014|2015
Boys	2013
Branded	2007
Brazilian	2000
Breaching	2006
Breakin'	2012|2013|2016
Breath	2013|2015
Brezhoneg	1997|2008
Bridesman	2007
British	2000|2007
Britney	2013
Broken	2011
Broken-Hearted	2015
Brooks	2013
Brother-in-law	2007
Bruneian	2000
Bug	2015
Bulgarian	2000
Burkinab	2000
Burlesque	2012
Burmese	2000
Burundian	2000
Business	1997|1998|2004|2008
Businesspeople	2008
But	2010
By	2010
Byzantine	2000
C	1997|1998|1999|2000|2001|2002|2003|2004|2005|2006|2007|2008|2009|2010|2012|2013|2015|2016
C88	2008
Caboclo	2007
Caf	2007
Cake	2016
Caledonian	2000|2007
Call	2010|2013
Calltrunk	2008
Cambodian	2000
Cameroonian	2000
Can	2010
Can't	2010|2013
Canada	1998|2004
Canada-related	1998
Canadian	2000|2007
Candlelight	2007
Canty	2012
Cape	2000
Capitalism	2004
Capite	2007
Care	2007|2015
Carlton	2013
Carniolan	2000
Carolyn	2010
Carrfour	2005
Case	2012
Caste	2000
Catal	1997|2005|2006|2007|2008|2009
Catalan	2000
Catch	2013
Categories	1997|1998|1999|2000|2001|2002|2003|2004|2005|2006|2007|2008|2009|2010|2011|2012|2013|2014|2015|2016
Category	1997|1998|1999|2000|2001|2002|2003|2004|2005|2006|2007|2008|2009|2010|2011|2012|2013|2014|2015|2016
Causation	2005|2007
Caymanian	2000
Cebuano	1997|2006|2008
Celluloid	2005
Census	2005
Center	2007
Central	2000
Centre	2006
Ceremonial	2007
Chad	2007
Chadian	2000
Changed	2010
Changes	2010
Chavacano	1997|2006
Check	2015
Cheetah	2016
Chef	2007
Chelsea	2010
Cher	2013
Chevereto	2008
Chick	2013
Child	2005|2007|2013|2015
Children	2007
Chilean	2000
Chinese	2000|2007
Choirgirl	2013
Christina	2012
Christmas	2015
Chrome	2010
Chuck	2010
Chukri	2007
Church	2007|2016
Ciara	2012|2013|2016
Cinderella	2010
Citizenship	1997
Civil	1997|2007
Civilization	1997|2002
Class	2005|2006|2007|2010
Classification	2006|2008
Clique	2007
Closed	2007
Clubs	1997|2000
Co-brother	2007
Code	2007|2009
Coffee	2016
Coffeehouse	2007
Coil	2008
Collar	2005
Collective	2005|2007
Colombian	2000
Come	2010
Comes	2010
Commons	1997|1998|1999|2000|2001|2002|2003|2004|2005|2006|2007|2008|2009|2010|2011|2012|2013|2014|2015|2016
Communication	1997|2008
Communication-related	1998
Community	1997|1998|1999|2000|2001|2002|2003|2004|2005|2006|2007|2008|2009|2010|2011|2012|2013|2014|2015|2016
Community-supported	2005
Comorian	2000
Companies	1999
Company	2008
Compliance	2005
Complicated	2012
Computer	2007|2008|2009
Computing	2008|2009
Condition	2007
Condolences	2007
Confianza	2007
Conflict	2007
Congo	2000
Conjugal	2007
Consanguine	2007
Console	2008
Constitutional	2007
Consumer	2005|2007
Consumption	2007
Contact	1997|1998|1999|2000|2001|2002|2003|2004|2005|2006|2007|2008|2009|2010|2011|2012|2013|2014|2015|2016
Contentious	2007
Contents	1997|1998|1999|2000|2001|2002|2003|2004|2005|2006|2007|2008|2009|2010|2011|2012|2013|2014|2015|2016
Contested	2007
Contexts	2007
Control	2008|2013
Convergence	2005
Cook	2000
Cookie	2012|2016
Cool	2012|2016
Cooperatives	2004
Cornflake	2013
Corporate	2007
Corsu	2006
Cost	2005|2008
Costa	2000
Costimator	2008
Couldn't	2010
Council	2007
Countdown	2015|2016
Country	2010
Crab	2007
Crazy	2012|2015
Create	1997|1998|1999|2000|2001|2002|2003|2004|2005|2006|2007|2008|2009|2010|2011|2012|2013|2014|2015|2016
CreateRemoteThread	2008
Creative	1997|1998|1999|2000|2001|2002|2003|2004|2005|2006|2007|2008|2009|2010|2011|2012|2013|2014|2015|2016
Crime	1997|1999|2000
Crime-related	1998
Criminology	2006
Criterion	2007
Critical	2007
Croatian	2000
Cross-national	2007
Crow	2013
Crowd	2007
Cry	2010|2012
Cu	2013
Cuban	2000
Cultural	1998|2007
Culture	1997|1999|2000|2006|2007
Cura	2000
Current	1997|1998|1999|2000|2001|2002|2003|2004|2005|2006|2007|2008|2009|2010|2011|2012|2013|2014|2015|2016
Custom	2008
Cycle	2005
Cymraeg	1997|2000|2005|2006|2007|2008|2009
Cypriot	2000
Czech	2000
Czechoslovak	2000
D	1997|1998|2000|2003|2004|2005|2006|2007|2008|2009|2010|2012|2013|2015|2016
DLL	2008
DYK	2003
Daddy	2015
Dance	2012|2015|2016
Dangerously	2015
Danish	2000
Dann	2010
Dansk	1997|2005|2006|2008|2009
Dat	2012
Data	2009
Database	2008
Daughter	2011
Dawn	2010
Day	1998|2005|2010|2013
Days	2010|2015
De-escalation	2007
Death	2004|2007
December	1997|2009
Decentralised	2007
Decile	2005
Decimal	2006|2008
Deindividualisation	2007
Democratic	2000
Democratization	2007
Demographic	1998|2007
Demographics	2000
Deprivation	2007
Desakota	2007
Desire	2012
Deskilling	2007
Desnudate	2012
Destiny's	2013|2015
Deurbanization	2007
Deutsch	1997|1999|2000|2006|2008|2009
Development	2005|2009
Deviance	1997|2006
Dicknail	2013
Didn't	2011
Die	2015
Differential	2007
Dig	2010
Digital	2007|2016
Digitality	2007
Dirty	2012
Disability	1997|1998|2004
Disclaimers	1997|1998|1999|2000|2001|2002|2003|2004|2005|2006|2007|2008|2009|2010|2011|2012|2013|2014|2015|2016
Discontinuity	2007
Discrimination	2004
Diseases	2005
Dishes	2012|2013|2016
Disorders	2007
Distance	2007
Distinction	2007
Diva	2013|2015
Dix	2013
Djiboutian	2000
Do	2005|2010|2012|2013|2016
Doin'	2013
Dolnoserbski	2008
Domestic	2007
Dominant	2007
Dominica	2000
Dominican	2000
Don't	2010|2013|2015
Donate	1997|1998|1999|2000|2001|2002|2003|2004|2005|2006|2007|2008|2009|2010|2011|2012|2013|2014|2015|2016
Donna	2012
Dope	2016
Down	2013
Download	1997|1998|1999|2000|2001|2002|2003|2004|2005|2006|2007|2008|2009|2010|2011|2012|2013|2014|2015|2016
Dramaturgical	2007
Dreams	2015
Dress	2013|2015
Drive	2008
Drug-related	1998
Drunkard's	2007
Dual	2007
Duality	2007
Duke	2007
Dunce	2007
Dutch	2000
Dyad	2007
Dynamic	2008
Dynastic	2007
E	1997|1998|1999|2000|2002|2004|2005|2006|2007|2008|2009|2010|2012|2013|2015|2016
ERP	2008
Earthquakes	2013
East	2000
Eastern	2007
Easy	2010
Economic	2005
Economics	1997
Economy	2005
Ecuadorian	2000
Edens	2010
Edge	2010
Edit	1997|1998|1999|2000|2001|2002|2003|2004|2005|2006|2007|2008|2009|2010|2011|2012|2013|2014|2015|2016
Education	1997|1998|1999
Educational	1997|2005
Eesti	1997|2006|2008|2009
Effects	2007
Ego	2015
Egypt	2004
Egyptian	2000
Einstein	1998
Elbow	2007
Electrik	2012|2016
Elisionism	2007
Ellington	2007
Ellis	2007
Embourgeoisement	2007
Emirati	2000
Emotional	2007
Employability	2005
Employment	2005
End	2010|2015|2016
Engineering	2009
England	2007
English	1997|2000|2005|2006|2007|2008
Enough	2013
Environmental	1997
Equal	2005
Equatoguinean	2000
Eradication	2005
Eritrean	2000
Espa	1997|1998|1999|2000|2005|2006|2008|2009
Esperanto	1997|1999|2000|2004|2006|2008
Establishment	2007
Estate	1997
Estimating	2008
Estonian	2000
Estreme	1997|2006
Ethical	2005|2007
Ethics	2004
Ethiopian	2000
Ethnic	2002|2007
Ethnicity	2006
Ethnographic	2002|2007
Ethnosymbolism	2007
Etiquette	1998
Europe	1998
European	1999|2006|2007
Euskara	1997|1999|2000|2005|2006|2007|2008|2009
Event	2008
Ever	2010
Every	2010|2013
Everybody	2010
Everything	2010
Ex	2012
Exogamous	2007
Expenditure	2005
Experimental	2009
Exploitation	2005
Express	2012|2013
Extension	2007
Extreme	2008
F	1997|1998|2000|2002|2003|2004|2005|2006|2007|2008|2009|2010|2011|2012|2013|2015|2016
Fabasoft	2008
Face	2012|2016
Failure	2008
Falkland	2000
Falsetto	2012|2016
Familienbuch	2007
Family	1997|2007
Farmer	2013
Faroese	2000
FastTrack	2008
Fault-tolerant	2008
Faux	2007
Featured	1997|1998|1999|2000|2001|2002|2003|2004|2005|2006|2007|2008|2009|2010|2011|2012|2013|2014|2015|2016
February	2000|2005
Federated	2000
Feel	2013
Feeling	2007
Feels	2010|2013
Fellowship	2007
Female	2005|2007
Feminism	1997|2004|2013
Feminization	2007
Femme	2013
Feral	2007
Fiction	2001
Fictional	1997|2001|2008
Fifth	1997
Fight	2013
Fighting	2015
Fijian	2000
File	2008
Filter	2007
Fine	2012|2016
Finnish	2000
Fit	2013
Flatts	2010
Flaws	2015
Flingo	2008
Floodgate	2007
Floor	2011
Flow	2009
Fly	2010
Focal	2007
Folio	2008
Folk	2002|2007
Food	2007
Food-related	1998
Fool's	1998
Foolishness	2007
For	2009|2010|2011|2013
Forgotten	2005
Formal	2009
Foundation	1997|1998|1999|2000|2001|2002|2003|2004|2005|2006|2007|2008|2009|2010|2011|2012|2013|2014|2015|2016
Four	2013
Foxx	2012|2016
Fragmentation	2007
Frame	2009
Fran	1997|1998|1999|2000|2004|2005|2006|2007|2008|2009
Freakum	2015
Free	2007|2013
Freedom	2004
French	1998|2000|2004
French-speaking	2004
Frenemy	2007
Friend	2010
From	1997|1998|1999|2000|2001|2002|2003|2004|2005|2006|2007|2008|2009|2010|2011|2012|2013|2014|2015|2016
Front	2010
Frysk	1997|2006|2008
Fuck	2013
Fuego	2016
Fuel	2005
Fun	2013
Functional	2005|2007|2009
Fundamental	1997|2005|2009
Furlan	2006
G	1997|1998|2000|2001|2004|2005|2006|2007|2008|2010|2012|2013|2015|2016
Gabonese	2000
Gad	2011
Gaedok	2007
Gaeilge	1997|2006|2008|2009
Gaelg	1997|2006
Gagauz	2006
Galego	1997|2006|2008|2009
Gambian	2000
Game	2010
Gamma	2008
Gang	2010
Gangs	2004
Gangsta	2012|2016
Gathering	2007
Gender	2005|2006|2007
General	1998|2005
Generative	2007
Genuine	2005
Geographical	1997
Georgia	2000
German	1998|2000
Germanophile	2007
Get	2015
Gets	2010
Gettin'	2013
Ghanaian	2000
Ghetto	2005
Gibraltarian	2000
Gillette	2005
Gimmie	2012
Gini	2005
Girl	2010|2012|2013|2015|2016
Girlfriend	2016
Girls	2010|2013|2015|2016
Gitano	2015
Give	2010
Glam	2012
Glass	2010
Globalization	2006
Globalization-related	1998
Go	2010|2013
Goals	2005
Goalscape	2008
God	2010|2013
Goes	2010
Golden	2006
Gomez	2011
Gonna	2010
Goobi	2008
Good	2010|2012|2016
Good-Byes	2010
Goodbye	2010
Gotta	2010|2016
Government	2001|2013
Governor	1998
Gray	2007
Greek	2000
Green	2005|2013|2015
Greenlandic	2000
Grenadian	2000
Grillz	2015
Grito	2007
Group	2007
Guadeloupean	2000
Guam	2000
Guatemalan	2000
Guernsey	2000
GuestlineLTD	2008
Guianan	2000
Guinea-Bissauan	2000
Guinean	2000
Guyanese	2000
Gwen	2013
H	1997|1998|2000|2002|2004|2005|2006|2007|2008|2009|2010|2012|2013|2015|2016
Habit	2010
Had	2015
Haitian	2000
Hak-k	1997
Half	2010
Halo	2010|2015
Hand	2013
Happy	2005
Hard	2012|2013|2016
Harper	2013
Hate	2013
Have	2011|2013
Hayes	2010
Head	2010|2013
Health	1997|1999|2005
Hear	2010
Heartbreak	2010
Heaven	2010
Help	1997|1998|1999|2000|2001|2002|2003|2004|2005|2006|2007|2008|2009|2010|2011|2012|2013|2014|2015|2016
Her	2010|2013
Heraldry	2004
Here	2010
Herzegovina	2000
Heterophily	2007
Heterosociality	2007
Hidden	1997|2005|2006|2008|2009
High	2007
Highway	2010
Hispanic	2004
History	1997|2002|2006|2008|2009
Hit	2013
Hitler	1998
Hold	2010|2013
Holiday	2012|2016
Hollaback	2013
Home	1997|2010
Homeless	2005
Homelessness	1998|2005
Homogamy	2007
Homology	2007
Homophily	2007
Honduran	2000
Hong	2007
Honky	2010|2013
Hood	2005
Hoodoo	2007
Hook	2013
Hooker	2013
Horatio	2005
Horizontal	2005
Hornjoserbsce	2008
Host	2008
Hot	2010
Hotel	2013
Household	2007
Houses	2013
Housing	2000|2005
How	2012
However	2009
Hrvatski	1997|2006|2008|2009
Huff	2010
Human	1998|2000|2005|2013
Humanistic	2007
Humans	1997
Hungarian	2000
Hunter	2010
Hurts	2010
Hush	2013
I	1997|1998|2000|2002|2003|2004|2005|2006|2007|2008|2009|2010|2011|2012|2013|2014|2015|2016
I'm	2010|2013
IEEE	2007
ISO	2009
ITU	1998
Icelandic	2000
Identification	2007
Ideologies	2006
Ido	1997|1999|2000|2006
If	2010|2011|2013|2014
Ifox	2008
Ilokano	1997|2006
Image	2003
Immigration	1999|2000
Imonggo	2008
Implications	2007
In	2010|2012
Inc	1997|1998|1999|2000|2001|2002|2003|2004|2005|2006|2007|2008|2009|2010|2011|2012|2013|2014|2015|2016
Inchiesta	2007
Income	2005
Incomedia	2008
Incorporated	2009
Independence	2013
Independent	2006|2013|2015
Index	1998|2005|2007|2008|2009
India	1998|2005
Indian	2000
Indigenous	2004|2007
Indonesia	1997|1998|1999|2000|2005|2006|2007|2008|2009
Indonesian	2000
Indovation	1997
Industrial	2006|2007
Industry	2002
Informal	2007
Information	2008|2009
Innovation	2007
Institute	2005|2007
Institutions	2005
Intellectual	2008
Interaction	1997|1998|1999|2000|2001|2002|2003|2004|2005|2006|2007|2008|2009|2010|2011|2012|2013|2014|2015|2016
Interface	2009
Interlingua	1997|2006|2008
Interlingue	1997|2006
International	2005
Interoperable	2008
Intro	2003
Inventory	2008
Iraheta	2011
Iranian	2000
Iraqi	2000
Irish	2000
Irreplaceable	2013|2015
Irresistible	2013
Is	2010|2013|2016
Island	2007
Islands	2000
Israeli	2000
It	1997|2006|2008|2009|2010|2011|2012|2013|2015|2016
It's	2013
Italian	2000
Italiano	1997|2004|2005|2006|2007|2008|2009
Ivorian	2000
J	1997|1998|2000|2004|2007|2008|2010|2012|2013|2015|2016
JEL	2005|2008
JT	2012
Jackson	2013
Jam	2016
Jamaican	2000
Jamie	2012|2016
Janet	2013
January	1999|2001|2006|2007
Japanese	1998|2000
Jar	2012|2016
Jawa	2006
Jean	2014
Jersey	2000
Jesse	2012|2016
Jessica	2013
Jewel	2010
Jewish	2000|2004
Joc	2016
Jody	2013
Johnson	2010
Jordanian	2000
Jordin	2013
Journal	2008
Journalism	1998|2004
Jr	1998
July	2002|2013
Jump	1997|1998|1999|2000|2001|2002|2003|2004|2005|2006|2007|2008|2009|2010|2011|2012|2013|2014|2015|2016
Jumpin'	2015
June	2003
Just	1997|2010|2012|2013|2016
Justin	2012|2016
K	1997|2000|2004|2007|2008|2010|2013|2015
Kabbalah	2004
Kapampangan	1997|2000
Kasz	1997|2008
Kat	2015
Katy	2013
Kazakhstani	2000
Keep	2010|2013
Keeps	2013
Keith	2010
Kelis	2013
Kenyan	2000
Kernel32	2008
Kernowek	1997|2006
Khitan	2004
King	1998|2016
Kinyarwanda	1997
Kiribati	2000
Kiss	2010
Kiswahili	1997
Kitty	2015
Know	2010|2013
Knowledge	1997
Knowles	2013|2015|2016
Kong	2007
Kool	2013
Korean	2000
Kosovar	2000
Krey	1997
Kris	2011
Kurd	1997|2006|2008
Kuwaiti	2000
Kyrgyzstani	2000
L	1997|1998|2000|2002|2004|2005|2006|2007|2008|2009|2010|2011|2012|2013|2015|2016
L'Ann	2007
LGBT	2004|2007
LGBT-related	1998
LL	2012|2016
LTE-Sim	2008
La	2013
Labor	1997|2000|2005
Labour	2004
Ladies	2012|2013|2015|2016
Ladino	1997
Languages	1997|1998|1999|2000|2001|2002|2004|2005|2006|2007|2008|2009|2010|2012|2013|2015|2016
Laotian	2000
Lari	2010
Last	2010
Latga	1997
Latina	1997|2006
Latino	2004
Latvian	2000
Latvie	1997|2000|2006|2008
Lavigne	2013
Law	1998|2004|2006
Lay	2015
LdrShutdownProcess	2008
LeAnn	2010
LeadDesk	2008
Leadership	2006
Lear	2013
Leavin'	2012|2016
Lebanese	2000
Lesotho	2000
Let	2010|2016
Let's	2010
Level	2005
Liar	2013|2015
Liberalism	2004
Liberian	2000
Libertad	2013
Libertarianism	2004
Library	2006|2008
Libyan	2000
License	1997|1998|1999|2000|2001|2002|2003|2004|2005|2006|2007|2008|2009|2010|2011|2012|2013|2014|2015|2016
Lie	2010
Liechtenstein	2000
Lietuvi	1997|2005|2006|2009
Life	1997|2005|2010|2015|2016
Lifestyle	2006
Lifetime	2010
Light	2015
Ligure	2006
Like	2010|2012|2013|2015|2016
Lily	2013
Limburgs	2006
Ling	1997|2008
Linguistics	2004
Lipstick	2013|2016
Liquid	2008
List	1998|2005|2008
Listen	2013|2015
Lists	1998|2008
Literacy	2005
Lithuanian	2000
Little	2010|2013
Living	2002
Lloren	2013
Local	2002
Log	1997|1998|1999|2000|2001|2002|2003|2004|2005|2006|2007|2008|2009|2010|2011|2012|2013|2014|2015|2016
Lolita	2011
Lonely	2010
Lonestar	2010
Long	2010
Longevity	2005
Look	2010|2012
Looking	2010
Lose	2015
Losing	2010
Lott	2011
Louboutins	2012|2016
Love	2010|2011|2012|2015|2016
Loved	2010
Loves	2013
Lovin'	2010
Lucky	2010
Lumbaart	2006|2008
Luther	1998
Luv	2012|2016
Luxembourgian	2000
M	1997|1998|2000|2002|2004|2005|2006|2007|2008|2009|2010|2012|2013|2015|2016
Macedonian	2000
Made	2013
Madonna	2013
Maestro	2008
Magyar	1997|2006|2007|2008|2009
Main	1997|1998|1999|2000|2001|2002|2003|2004|2005|2006|2007|2008|2009|2010|2011|2012|2013|2014|2015|2016
Makes	2010
Making	2010
Malagasy	2000|2008
Malawian	2000
Malaysian	2000
Maldivian	2000
Malian	2000
Maltese	2000
Malti	2006
Mama	2015
Man	2013
Management	2007|2008
Mandatory	2005
Manx	2000
March	2013
Marcus	2012
Maria	2015
Mariana	2000
Marriage	2005
Marshall's	1997
Marshallese	2000
Martin	1998
Martina	2010|2013
Martiniquan	2000
Marxist	2006
Mary	2016
Mass	2005
Mating	1997
Matronymics	1997
Mauritanian	2000
Mauritian	2000
Maven	2005
May	2011|2014
McBride	2010|2013
McCartney	2012|2016
Me	2010|2011|2012|2013|2015|2016
Measurable	2005
Media	1999|2008
Medicine	1997
Melayu	1997|1998|2000|2005|2006|2008|2009
Memories	2010
Memory	2008
Memphis	2010
Men	2011|2013
Men's	2004
Mercy	2012
Meredith	2013
Meta-process	2009
Methods	2006
Mexican	2000
Mexicano	2007
Microbridge	2008
Microcomputer	2008
Micronesia	2000
Microsoft	2008
Middle-class	2005
Miles	2010
Military	1997|1998|2002
Millennium	2005
Mine	2010
Minimum	2005
Mining	2008|2009
Minor	2010
Mirand	1997|2000|2006
Miss	2015
Mississippi	2010
Mobile	1997|1998|1999|2000|2001|2002|2003|2004|2005|2006|2007|2008|2009|2010|2011|2012|2013|2014|2015|2016
Moldovan	2000
Molecular	2004
Mom	2010
Moment	2010
Monarchy	2004
Monegasque	2000
Money	2012|2013
Mongolian	2000
Montenegrin	2000
Montserratian	2000
Moon	2016
More	2005|2010|2013
Moroccan	2000
Most	2010
Mother	2016
Mountains	2012|2016
Moving	2012|2016
Mozambican	2000
Mr	2010
Museum	2007
Museums	2002
Music	2008|2012|2016
Must	2010
My	2010|2012|2013|2015|2016
Myl	2013
Myself	2013|2015
Mythology-related	1998
N	1997|1998|1999|2000|2003|2004|2005|2007|2008|2010|2012|2013|2015|2016
Name	2008|2015
Namespaces	1997|1998|1999|2000|2001|2002|2003|2004|2005|2006|2007|2008|2009|2010|2011|2012|2013|2014|2015|2016
Namibian	2000
Nasty	2013|2015
Nationality	1997
Nature	2005|2013
Naughty	2015
Nauruan	2000
Navigation	1997|1998|1999|2000|2001|2002|2003|2004|2005|2006|2007|2008|2009|2010|2011|2012|2013|2014|2015|2016
Nederlands	1997|1998|2000|2006|2008|2009
Nedersaksies	1997|2008
Need	2012|2013|2016
Needs	2010
Neo-feudalism	2005
Nepalese	2000
Netherlands	2005
Network	2008
Never	2010|2015
New	2000|2008
Newman	1998
News	2003
Next	2010
Nicaraguan	2000
Nigerian	2000
Nigerien	2000
Nigger	2013
Night	2010
Nights	2010
Niuean	2000
Nnapulitano	1997
No	2012|2013|2016
Nordfriisk	1997|2006
Norsk	1997|2000|2005|2006|2008|2009
North	1998|1999|2000|2004
Northern	2000
Norwegian	2000
Not	2010|2013
Note	2006
Nothin'	2010
Novacane	2012
November	1998|2008
Now	2010|2012|2015|2016
Ntdll	2008
Nudity	2004
Numismatics	2004
O	1997|1998|1999|2000|2001|2004|2006|2007|2008|2009|2010|2012|2013|2016
OS	2008
Obfuscator	2008
Obsessed	2012|2016
Occitan	1997|2000|2004|2005|2006|2008
Occult	2004
Oceania	1998
Oceanian	1999
October	2004|2010|2012
Okay	2013|2016
Old	1998
Oman	1998
Omani	2000
Omarion	2016
On	2010
Once	2010
One	2012|2016
One's	2013
Only	2010|2012
Oops	2013
OrcaFlex	2008
Ordinary	2010
Organizational	2006|2007
Organizations	1997|1999|2000|2006
Organized	2004
Ottoman	2000
Oughta	2013
Out	2012|2015|2016
Outline	1997|1998|2008|2009
Over	2015
Overhead	2009
Own	2013
P	1997|1998|1999|2000|2001|2002|2004|2005|2006|2007|2008|2009|2010|2011|2012|2013|2015|2016
PDF	1997|1998|1999|2000|2001|2002|2003|2004|2005|2006|2007|2008|2009|2010|2011|2012|2013|2014|2015|2016
PTA	2013
Page	1997|1998|1999|2000|2001|2002|2003|2004|2005|2006|2007|2008|2009|2010|2011|2012|2013|2014|2015|2016
Pages	1997|1998|2003|2004|2005|2006|2007|2008|2009|2010|2011|2012|2013|2014|2015|2016
Pain	2013
Pakistani	2000
Palauan	2000
Palestinian	2000
Panamanian	2000
Panel	2007
Papa	2013
Papiamentu	1997
Papua	2000
Paraguayan	2000
Parallel	1997
Parasoft	2009
Parent-in-law	2007
Pareto	2005
Parity	2005|2007
Part	2013
Party	2015
Passenger	2010
Pastoral	1997
Patronymics	1997
Pele	2013
People	1997|2010
Permanent	1997|1998|1999|2000|2001|2002|2003|2004|2005|2006|2007|2008|2009|2010|2011|2012|2013|2014|2015|2016
Perry	2013
Personal	1997|1998|1999|2000|2001|2002|2003|2004|2005|2006|2007|2008|2009|2010|2011|2012|2013|2014|2015|2016
PerspecSys	2008
Peruvian	2000
Philanthropists	2000
Philately	2004
Philippine	2000
Philosophy	1997|2006
Phone	2015
Phresh	2016
Physical	2005|2009
Pill	2013
Piracy	2004
Pisin	1997
Pixie	2011
Places	2016
Planetary	1997
Plattd	1997|2006|2008
Play	2013
Please	2007
Plug-in	2008
Pluggable	2008
Polish	2000
Political	2004|2013
Politics	1997|1999|2001|2006
Politics-related	1998
Pollution-related	1998
Polski	1997|2006|2008|2009
Polynesian	2000
Popular	2011
Popularity	1997
Population	2005
Porch	2010
Portable	2008
Portal	1997|2003|2004|2006|2008
Portals	2004
Portugu	1997|1999|2000|2005|2006|2008|2009|2012|2015|2016
Portuguese	2000
Post-materialism	2005
Postindustrial	1997
Poverty	2000|2005
Pray	2010
Preach	2013
Prima	2012
Primary	1997
Principle	2006
Print	1997|1998|1999|2000|2001|2002|2003|2004|2005|2006|2007|2008|2009|2010|2011|2012|2013|2014|2015|2016
Printable	1997|1998|1999|2000|2001|2002|2003|2004|2005|2006|2007|2008|2009|2010|2011|2012|2013|2014|2015|2016
Privacy	1997|1998|1999|2000|2001|2002|2003|2004|2005|2006|2007|2008|2009|2010|2011|2012|2013|2014|2015|2016
Private	1997
Probably	2010
Process	2008
Program	2007
Programming	2009
Project	1998
Prostitution	2000
Public	2005
Puerto	2000
Punk	2013
Purchasing	2005
Put	2010|2012|2013|2015|2016
Q	1997|2000|2005|2007|2009|2013
Qatari	2000
Quality	2005
Quality-of-life	2005
Que	2013
Quiero	2013
R	1997|1998|2000|2002|2005|2006|2007|2008|2009|2010|2012|2013|2015|2016
RCUDA	2008
Race	1997|2006
Racialized	2006
Radio	2010|2015
Rain	2011
Raining	2010|2013
Random	1997|1998|1999|2000|2001|2002|2003|2004|2005|2006|2007|2008|2009|2010|2011|2012|2013|2014|2015|2016
Rascal	2010
Rather	2015
Re-Union	2007
Read	1997|1998|1999|2000|2001|2002|2003|2004|2005|2006|2007|2008|2009|2010|2011|2012|2013|2014|2015|2016
Reality	2008
Really	2012|2016
Receiver	2005
Recent	1997|1998|1999|2000|2001|2002|2003|2004|2005|2006|2007|2008|2009|2010|2011|2012|2013|2014|2015|2016
Red	2009|2012|2013|2016
Redistribution	2005
Reengineering	2009
Reference	2009
Related	1997|1998|1999|2000|2001|2002|2003|2004|2005|2006|2007|2008|2009|2010|2011|2012|2013|2014|2015|2016
Relation	2005
Relative	2005|2006
Religion	1997|2000|2007
Religion-related	1998
Religious	2002
Repositories	2008|2009
Republic	2000
Requirements	2009
Rescentris	2008
Research	2006|2007
Resentment	2015
Respect	2013
Retrieved	1997|1998|1999|2000|2001|2002|2003|2004|2005|2006|2007|2008|2009|2010|2011|2012|2013|2014|2015|2016
Reunion	2010
Rican	2000
Rick	2012|2016
Ride	2010|2012|2016
Ridin'	2012
Right	2013|2016
Rihanna	2012|2016
Rimes	2010
Ring	2012|2013|2015|2016
Ripoarisch	1997
Risk	1997
Robin	2005
Robyn	2013
Rock	2013
Rocker	2013
Rockin'	2016
Rockstar	2012|2016
Role-playing	2008
Rolling	2009
Rom	1997|1998|1999|2000|2005|2006|2007|2008|2009
Roman	2000
Romani	1997|2000
Ross	2012|2016
Roulette	2013
Round-trip	2009
Rumantsch	1997
Run	2013|2015|2016
Runtime	2009
Runway	2016
Rural	1997
Rush	2010
Russian	2013
S	1997|1998|1999|2000|2003|2004|2005|2006|2007|2008|2009|2010|2011|2012|2013|2015|2016
SEMAT	2009
SHeDAISY	2010
SNAFU	2006
SW	2008
Sabbath	2005
Saints	2013
Sales	2008
Samoan	2000
Sara	2010
Sardu	1997|2006
Saudi	1998
Say	2010|2015
Scares	1997
Scars	2011
Scene	2011
Schei	2013
Schema	2009
Schoolin'	2015|2016
Science	1997|2007
Scots	2006
Screenshots	2008
Scripting	2008
Scrubs	2013
Search	1997|1998|1999|2000|2001|2002|2003|2004|2005|2006|2007|2008|2009|2010|2011|2012|2013|2014|2015|2016
Search-based	2009
Seat	2010
Sector	2009
See	1997|1998|1999|2000|2001|2002|2003|2004|2005|2006|2007|2008|2009|2010|2011|2012|2013|2014|2015|2016
Selected	2003
Selena	2011
Self	2006
Sense	2010
Service	2008|2009
Service-oriented	2009
Sexual	2006
Sexuality	1997|2004|2007
Sexuality-related	1998
Shake	2013
Shane	2010
Shawty	2016
She	2013
Sheena	2013
Sheryl	2013
Shirt	2010
Shit	2016
Shop	2016
Shopper	2008
Show	2012
Shqip	1997|2006
Sicilianu	1997
Sight	2016
Simms	2012|2016
Simple	1997|2000|2005|2006|2008|2010
Simpson	2013
Single	2012|2013|2015|2016
Sisters	2013
Skyscraper	2011
Slapsoftware	2009
Slave	2010
Sloven	1997|1999|2000|2005|2006|2007|2008|2009
Smile	2010
So	2010|2012|2016
Sober	2013
Social	1997|1998|2000|2002|2004|2005|2006|2007|2008|2009
Socialization	2006
Societies	1998|2005
Society	1997|1998|1999|2000|2001|2002|2003|2004|2005|2006|2007
Society-related	1997|1998
Society-related_lists	1998
Society_by_continent	1999
Society_by_nationality	2000
Society_in_fiction	2001
Society_museums	2002
Society_portal	2003
Society_portals	2004
Socio-Economic	2005
Socio-stub	2007
Socioeconomic	2005
Socioeconomics	1997|2005
Sociological	2006|2007
Sociologique	2007
Sociologist	2007
Sociologists	2006
Sociology	1997|2004|2006|2007
Sociology_stubs	2007
Soft	2009
Software	2008|2009
Software_engineering	2009
Sofware	2008
Soldier	1997|2015
Solo	2008
Some	2010
Somebody	2010
Somebody's	2010
Something's	2010
Song	2010
Songs	2010|2011|2012|2013|2014|2015|2016
Songs_produced_by_Dann_Huff	2010
Songs_produced_by_Toby_Gad	2011
Songs_produced_by_Tricky_Stewart	2012
Songs_with_feminist_themes	2013
Songs_written_by_BC_Jean	2014
Songs_written_by_Beyonc	2015
Songs_written_by_The-Dream	2016
Soon	2010
Sorry	2013
South	1998|1999|2000
Sparks	2013
Spears	2013
Special	1997|1998|1999|2000|2001|2002|2003|2004|2005|2006|2007|2008|2009|2010|2011|2012|2013|2014|2015|2016
Specification	2009
Speechless	2016
Spirit	2005
Split	2005
Sranantongo	1997
Srpskohrvatski	1997|2000|2005|2006|2008
St	1997
Stand	2010
Standard	2005
Standing	2010
Starlight	2010
Starr	1998
Start	2015
Stateless	1997
States	1998|2000|2002|2005
Steady	2013
Stealing	2010
Steel	2009
Stefani	2013
Stepping	2010
Sterling	2012|2016
Stewart	2012
Still	2010
Stone	2010
Storm	2010
Strangers	2010
Streaming	2008
Streets	1998|2010
Strong	2013
Stronger	2013
Structural	2007|2009
Structure	1997
Stub	2007
Stupid	2010|2013
Style	2013
Subcategories	1997|1998|1999|2000|2001|2002|2004|2005|2006|2007|2008|2009
Subfields	2006
Subportals	2003
Suffocate	2012|2016
Suga	2015
Sugababes	2013|2016
Suits	2005
Summer	2010
Summertime	2015
Sunda	1997|2006|2009
Sunday	2010
Suomi	1997|1998|2000|2005|2006|2008|2009
Supportive	2005
Surgeon	2016
Survey	2007
Survive	2013
Survivor	2013
Sustainability	2006
Sustainable	2004|2005
Svenska	1997|1999|2000|2006|2007|2008
Sweat	2012|2016
Sweet	2010|2015
Swift	2010
Syndrome	2005
System	2007|2008|2009
Systems	2008|2009
T	1997|1998|1999|2000|2001|2004|2005|2006|2007|2008|2009|2010|2011|2012|2013|2015|2016
Tagalog	1997|2006|2008|2009
Take	2010|2011
Talk	1997|1998|1999|2000|2001|2002|2003|2004|2005|2006|2007|2008|2009|2010|2011|2012|2013|2014|2015|2016
Taqbaylit	1997
Tarand	1997
Tarsnap	2008
Task-oriented	2009
TaveRNA	2008
Taylor	2010
Tears	2013
Technology	1997|2007
Teenage	2013
Telephone	2015
Tell	2010|2013
Template	1998|2003|2007
Temptation	2015
Terms	1997|1998|1999|2000|2001|2002|2003|2004|2005|2006|2007|2008|2009|2010|2011|2012|2013|2014|2015|2016
Test	2007
Testing	2009
Text	1997|1998|1999|2000|2001|2002|2003|2004|2005|2006|2007|2008|2009|2010|2011|2012|2013|2014|2015|2016
Than	2010
Thang	2016
That	2010|2013|2016
That's	2010|2013
The	1997|1998|2003|2004|2005|2006|2007|2008|2009|2010|2011|2012|2013|2015|2016
The-Dream	2016
Them	2013
Themselves	2013
Theories	2005
There	2010
Thing	2010|2013|2015
Things	2012
Think	2010
This	1997|1998|1999|2000|2001|2002|2003|2004|2005|2006|2007|2008|2009|2010|2011|2012|2013|2014|2015|2016
Throw	2012|2016
Ti	1997|1999|2000|2005|2006|2007|2008|2009|2013
Till	2010
Time	2012|2015|2016
Timeline	1998
Timorese	2000
Tip	2005
To	2006|2007
Toast	2011
Toby	2011
Tok	1997
Told	2010
Tonight	2010
Tonk	2010|2013
Too	2010
Toolbox	1997|1998|1999|2000|2001|2002|2003|2004|2005|2006|2007|2008|2009|2010|2011|2012|2013|2014|2015|2016
Top	2000|2007|2015|2016
Tortura	2013
Touch	2012
Tourism-related	1998
Toutes	2013
Trace	2010
Traceability	2009
Trading	2016
Tragedy	2016
Transcendental	2005
Transition	1997
Travel	2006
Tricky	2012
Tripoli	2007
Tristar	2009
Triune	2009
True	2010
Truth	2011
Tryin'	2010
Turn	2010|2016
Two	2010
U	1997|1998|2000|2006|2007|2008|2010|2011|2012|2013|2015|2016
UFO-related	1998
Umbrella	2012|2016
Under	2015
Understand	2010
United	1998|2002|2005
Universal	2006|2008
Unlove	2010
Unpopularity	1997
Unpretty	2013
Unstoppable	2010
Untouched	2011
Unusual	2010
Unusually	2010
Up	2010|2012|2013|2015|2016
Upgrade	2013|2015
Upload	1997|1998|1999|2000|2001|2002|2003|2004|2005|2006|2007|2008|2009|2010|2011|2012|2013|2014|2015|2016
Ur	2013
Urban	1997|2010
Urbanization	2006
Us	2010|2013
Use	1997|1998|1999|2000|2001|2002|2003|2004|2005|2006|2007|2008|2009|2010|2011|2012|2013|2014|2015|2016
Used	2010
User	2003|2008
V	1997|2000|2002|2005|2006|2007|2008|2009|2015
Vaccine	2008
Valley	2013
Value-based	2009
Vanessa	2013
Variants	1997|1998|1999|2000|2001|2002|2003|2004|2005|2006|2007|2008|2009|2010|2011|2012|2013|2014|2015|2016
Veps	1997|2006
Verdean	2000
Veronicas	2011
Versatilist	2005
Vi	1997|1999|2000|2005|2006|2007|2008|2009|2013
Vida	2013
Video	2008|2015
Vietnam	2002
View	1997|1998|1999|2000|2001|2002|2003|2004|2005|2006|2007|2008|2009|2010|2011|2012|2013|2014|2015|2016
Views	1997|1998|1999|2000|2001|2002|2003|2004|2005|2006|2007|2008|2009|2010|2011|2012|2013|2014|2015|2016
Viralheat	2008
Virgin	2000
Virtual	2008
Virtualize	2009
Visual	2008
Volap	1997
Vu	2015
Vulnerability	2005
W	1997|2000|2003|2004|2005|2006|2007|2008|2010|2012|2013|2015|2016
Wait	2010
Waiting	2013
Wake	2010
Walkin'	2016
Walking	2010
Walon	2008
Wanna	2010|2013
Wannabe	2013
Want	2012|2013|2016
Wanted	2010
War	2013|2016
Warning	2010
Wasn't	2013
Water	1997
Watley	2013
Way	2010
We	2010
Wealth	2005
Weapons	2004
Web	2003|2008
WebSite	2008
Webcam	2008
Welfare	2005
Wellbeing	2007
Were	2010|2011|2013|2014
West	1998
West-Vlams	1997|2008
What	1997|1998|1999|2000|2001|2002|2003|2004|2005|2006|2007|2008|2009|2010|2011|2012|2013|2014|2015|2016
When	2010|2013
While	2009
White	2010|2013
Who	2012|2013
Who's	2013
Whore	2013
Why	2005|2010|2015
Wicks	2010
Wide	2010
Widening	2005
WikiProject	2007|2008
Wikimedia	1997|1998|1999|2000|2001|2002|2003|2004|2005|2006|2007|2008|2009|2010|2011|2012|2013|2014|2015|2016
Wikipedia	1997|1998|1999|2000|2001|2002|2003|2004|2005|2006|2007|2008|2009|2010|2011|2012|2013|2014|2015|2016
Wikiprogress	2005
Wild	2016
Will	2010|2013
WinAPIOverride	2008
Winaray	1997|2005|2006|2009
Wind	2013
Wine	2010
Wings	2010
Winner	2010
Wish	2010|2012
With	2010
Without	2010|2011|2016
Wizard	2008
Woman	2010|2013|2015
Woman's	2013
Womanizer	2013
Women	1997|2013|2015
Won't	2010
Woozle	2006
Work	2015
Workers	1998
Working	2005
Works	2006|2013
World	2005|2010|2013|2015|2016
Worry	2010
Worth	2013
Wouldn't	2010
Wow	2016
Wrong	2010
X	2000|2007|2008|2013
X5	2008
XXL	2013
Xdvi	2008
Y	2000|2007|2010|2011|2013
Ya	2013|2016
Yang	2013
Year	2011
Yer	2013
Yor	1997|2006|2008
You	2007|2010|2011|2012|2013|2015|2016
You'll	2010
You're	2010|2013
Young	2015
Your	2012|2013|2016
Yourself	2013
Yung	2016
Z	2000|2007|2008
Z13	2005
Zamboanga	1997|2006
Zazaki	1997|2006
Zealand	2000
Zugara	2008
_Knowles	2015
a	1997|1998|1999|2000|2001|2002|2003|2004|2005|2006|2007|2008|2009|2010|2011|2012|2013|2014|2015|2016
about	2008
account	1997|1998|1999|2000|2001|2002|2003|2004|2005|2006|2007|2008|2009|2010|2011|2012|2013|2014|2015|2016
action	2006|2007|2008
active	1998
activists	1998
activity	2005
actor	2007
actually	2008
add	2007
add-ons	2008
additional	1997|1998|1999|2000|2001|2002|2003|2004|2005|2006|2007|2008|2009|2010|2011|2012|2013|2014|2015|2016
administrative	1998
adoption	2007
advertising	1998
affairs	1997|1998
after	1998|2008
age	2006
agencies	1998
agency	2007
agriculture	2005
aims	1997
ais	1997|1998|1999|2000|2004|2005|2006|2007|2008|2009
all	2008
also	1997
an	1997|2007|2009
analysis	2005|2006|2007|2008|2009
analyst	2009
and	1997|1998|2000|2002|2004|2005|2006|2007|2008|2009|2010|2013|2015
anniversaries	2003
anonymous	2006
any	1997|2006|2008|2009
ao	2000
appliances	2008
applicable	1997|2006|2008|2009
application	2008|2009
applications	2008
apply	1997|1998|1999|2000|2001|2002|2003|2004|2005|2006|2007|2008|2009|2010|2011|2012|2013|2014|2015|2016
appreciation	2009
architecture	2009
archivers	2008
are	1997|1998|2003|2004|2005|2006|2007|2008|2009|2010|2011|2012|2013|2015|2016
article	1997|1998|1999|2000|2001|2002|2003|2004|2005|2006|2007|2008|2009|2010|2011|2012|2013|2014|2015|2016
articles	1997|1998|2006|2007|2008|2009
artifact	2007
arts	2013
as	1997|1998|1999|2000|2001|2002|2003|2004|2005|2006|2007|2008|2009|2010|2011|2012|2013|2014|2015|2016
aspects	2008
assemblers	2008
assemblies	1998
assessment	1997|2005
asset	2007
assisted	2007
associated	1997
associations	2006
at	1997|1998|1999|2000|2001|2002|2003|2004|2005|2006|2007|2008|2009|2010|2011|2012|2013|2014|2015|2016
attainment	2005
audio	2003
authors	2008
available	1997|1998|1999|2000|2001|2002|2003|2004|2005|2006|2007|2008|2009|2010|2011|2012|2013|2014|2015|2016
aversion	2005
avoid	1997|2006|2008|2009
awards	1998
ayisyen	1997
b	1997|2006|2008
be	1997|2006|2008|2009
becoming	1997|2006|2008|2009
been	2011|2012
before	2007
behavior	2006
behaviour	1997|2007
beings	2006
belief	2007
benevolent	1997
between	2006
biography	2003
birth	2007
birth-mother	2007
bodies	2006
bokm	1997|2005|2006|2008|2009
bonding	2007
book	1997|1998|1999|2000|2001|2002|2003|2004|2005|2006|2007|2008|2009|2010|2011|2012|2013|2014|2015|2016
books	1997|2009
bottom	2003
box	2003
browse	2006
bsczi	1997|2008
bus	2008
but	2013
buying	2005
by	1997|1998|1999|2000|2001|2002|2005|2006|2007|2008|2010|2011|2012|2013|2014|2015|2016
can	1997|2007
card	1998
cascades	2005
cataloging	2006|2008
categories	1997|2005|2006|2007|2008|2009
category	1997|1998|1999|2000|2001|2002|2003|2004|2005|2006|2007|2008|2009|2010|2011|2012|2013|2014|2015|2016
ceiling	2005|2007
censi	2007
certification	2009
change	1997|2006
changes	1997|1998|1999|2000|2001|2002|2003|2004|2005|2006|2007|2008|2009|2010|2011|2012|2013|2014|2015|2016
character	2007
characteristic	2005
characteristics	2009
characterized	1997
circle	2007
citizenship	1997
civics	1998
class	2000|2007
classification	2005|2006|2008
classifications	1997
classified	2008
clones	2008
clubs	2005
cluster	2006
co-operative	1998
co-written	2014|2015|2016
code	2007|2008
codes	2005|2008
coefficient	2005|2007
collapse	2005
colony	1997
commentary	1997
common	1997|1998
communes	1998
communication	1998
community	2007
company	2008
comparisons	2008
compilers	2008
computer	2009
computers	2008
computing	2008|2009
concept	2007
concepts	2006
conferences	1998|2009
consciousness	1997|2007
constituent	1998
construction	2009
consumption	2007
cont	1997|1998|1999|2000|2002|2003|2004|2005|2006|2007|2008|2009|2010|2011|2012|2013|2016
contacts	2006
contain	1997|2006|2008|2009
contains	2014
content	1997|1998|1999|2000|2001|2002|2003|2004|2005|2006|2007|2008|2009|2010|2011|2012|2013|2014|2015|2016
context	2009
continent	1997|1999
continuum	2009
control	1997|2006|2007|2009
corrective	2008
cost	2005
countries	2005
country	1998|2000|2006
covers	2008
craftsmen	2009
create	2009
creation	2007|2008
crime	1998
criminology	1998
crowdsourcing	1998
cultural	1997
culture	1997|1998|2004|2007
cycle	2009
data	2007
date	1998
de	1997|2006|2013
dearth	2007
decency	2007
deconcentration	2007
deficit	2005
degree	2005
deployment	2009
deprivation	2005
descent	2005
design	2009
desktop	2008
destruction	2004
details	1997|1998|1999|2000|2001|2002|2003|2004|2005|2006|2007|2008|2009|2010|2011|2012|2013|2014|2015|2016
detection	2009
determination	2005|2007
developing	2008
development	2004|2005|2007|2008|2009
device	2008
diagram	2009
dichotomy	2007
diffusion	1997|2008|2009
directly	1997|2006|2008|2009
discipline	2009
disciplines	2005|2009
discourse	2007
distinctive	1997
distribution	2005|2008
divide	2007
dll	2008
document	2009
drivers	2008
e	1997|1998|1999|2000|2001|2004|2005|2006|2007|2008|2009|2010|2013|2015|2016
economic	2005|2007
economics	1998|2004|2005
education	2005
effect	2005|2006|2007
emait	1997|2006
employment	2005
en	1997|1998|1999|2000|2001|2002|2003|2004|2005|2006|2007|2008|2009|2010|2011|2012|2013|2014|2015|2016
encoding	2007
encyclopedia	1997|1998|1999|2000|2001|2002|2003|2004|2005|2006|2007|2008|2009|2010|2011|2012|2013|2014|2015|2016
enforcement	2007
engagement	2006
engineer	2009
engineering	2009
engineers	2009
entrepreneurship	1998
environments	2008
equality	2005
error	2009
es	2013
esky	1997|1999|2000|2004|2005|2006|2008|2009
etc	2008
ethnic	1998
etiquette	2007
event	2007
events	1997|1998|1999|2000|2001|2002|2003|2004|2005|2006|2007|2008|2009|2010|2011|2012|2013|2014|2015|2016
exclusion	2007
expanding	2007
expectancy	2005
experiment	2006
explained	1997
export	1997|1998|1999|2000|2001|2002|2003|2004|2005|2006|2007|2008|2009|2010|2011|2012|2013|2014|2015|2016
extension	2008
externalizing	2005
family	2005|2007
features	2008
federations	1998
feminism	1998
feminist	2013
femmes	2013
few	1997|2006|2008|2009
fiction	1997|2001
field	2006
fields	2009
file	1997|1998|1999|2000|2001|2002|2003|2004|2005|2006|2007|2008|2009|2010|2011|2012|2013|2014|2015|2016
firearms	1998
first	2008
following	1997|1998|1999|2000|2001|2002|2003|2004|2005|2006|2007|2008|2009|2010|2011|2012|2013|2014|2015|2016
for	1997|1998|1999|2000|2001|2002|2003|2004|2005|2006|2007|2008|2009|2010|2011|2012|2013|2014|2015|2016
foreign	2007
foreigners	1998
frame	2007
framework	2007|2008
free	1997|1998|1999|2000|2001|2002|2003|2004|2005|2006|2007|2008|2009|2010|2011|2012|2013|2014|2015|2016
frequent	1997|2006|2008|2009
from	1997|1998|1999|2000|2001|2002|2003|2004|2005|2006|2007|2008|2009|2010|2011|2012|2013|2014|2015|2016
functions	2008
gairaigo	1998
game	2008
gap	2005
gathering	2007
generator	2008
genres	2006
global	2006
goal	2009
grade	2007
grants	1998
gratuity	2005
group	1997|2007
grouping	1997
groups	1997|1998|2005|2006
guarantee	2005
has	1997|1998|1999|2000|2001|2002|2004|2005|2006|2007|2008|2009
hatred	2007
have	1997|2011|2012
health	2005
help	2007
here	1997|1998|1999|2000|2001|2002|2003|2004|2005|2006|2007|2008|2009|2010|2011|2012|2013|2014|2015|2016
heritage	2007
higher	2005
historical	1998
history	1997|1998|1999|2000|2001|2002|2003|2004|2005|2006|2007|2008|2009|2010|2011|2012|2013|2014|2015|2016
hoax	2007
hoaxes	1998
homelessness	2005
http	1997|1998|1999|2000|2001|2002|2003|2004|2005|2006|2007|2008|2009|2010|2011|2012|2013|2014|2015|2016
human	2005|2006
i	2008
identification	2007
identity	1998|2007
ideological	2007
ideologies	1998
ideology	2005
if	1997|2006|2008|2009
illiteracy	2005
in	1997|1998|1999|2000|2001|2002|2003|2004|2005|2006|2007|2008|2009|2010|2011|2012|2013|2014|2015|2016
ina	1997|1999|2000|2005|2006|2007|2008|2009
include	2008
included	2005|2008
including	2006
income	2005
incompatibility	2008
index	1997|1998|1999|2000|2001|2002|2003|2004|2005|2006|2007|2008|2009|2010|2011|2012|2013|2014|2015|2016
indicator	2005
individuals	1997|2006
industry	2008
inequality	2005
inequity	2005
information	1997|1998|1999|2000|2001|2002|2003|2004|2005|2006|2007|2008|2009|2010|2011|2012|2013|2014|2015|2016
inhabitants	2007
initiatives	1998
injection	2008
instance	2009
instead	2007
institutions	1997|1998|2006
insufficiency	1997
intelligence	1997|2009
interest	1997|2006|2007
interested	2006
interface	2008
interfaces	2008
international	1998
interoperability	2008
interpolation	2005
interventionism	2005
intimacy	2007
is	1997|1998|1999|2000|2001|2002|2003|2004|2005|2006|2007|2008|2009|2010|2011|2012|2013|2014|2015|2016
isolation	2007
issues	1997
it	2009
j	2015
jokes	1998
k	1997
ka	1997|2006
kel	1997|2006
kiss	2007
knowledge	2007
l	1997|2005|2006|2008|2009|2013
la	1997|2008
labor	1998|2005
language	2004|2008|2009
languages	2009
large	1997|2006|2008|2009
largest	1998
last	1997|1998|1999|2000|2001|2002|2003|2004|2005|2006|2007|2008|2009|2010|2011|2012|2013|2014|2015|2016
law	1997|2008
laws	1998
learn	1997|1998|2003|2004|2005|2006|2007|2008|2009|2010|2011|2012|2013|2014|2015|2016
learning	2007
les	2013
leveling	2007
lib	2013
library	2008
license	2008
life	2004|2005|2009
life-cycle	2008|2009
like	2009
link	1997|1998|1999|2000|2001|2002|2003|2004|2005|2006|2007|2008|2009|2010|2011|2012|2013|2014|2015|2016
linkers	2008
links	1997|1998|1999|2000|2001|2002|2003|2004|2005|2006|2007|2008|2009|2010|2011|2012|2013|2014|2015|2016
list	1997|1998|2003|2004|2005|2006|2007|2008|2009|2010|2011|2012|2013|2014|2015|2016
lists	1997|1998|2006
literacy	2007
living	2005
local	1998
logos	2008
longest	1998
lux	2008
m-g	1997|2006|2008
main	1997|2004|2005|2006|2008|2009|2010
mainly	1997|2006|2008|2009
maintained	2007
maintenance	1997|2006|2008|2009
man	2005
management	2007|2008|2009
many	2009
market	2005
marriage	2007
marriages	1998
masculism	1998
mass	2004|2007
mathematical	2009
may	1997|1998|1999|2000|2001|2002|2003|2004|2005|2006|2007|2008|2009|2010|2011|2012|2013|2014|2015|2016
media	1997|2000|2005|2006|2007|2008|2009
megiella	1997|2006|2008
memory	2007
mentality	2007
menu	1997|1998|1999|2000|2001|2002|2004|2005|2006|2007|2008|2009|2010|2011|2012|2013|2014|2015|2016
merchants	2007
methodology	1997
methods	1998|2009
metrics	2009
migration	2009
militaries	1998
miners'	1998
misconceptions	1998
mistaken	1998
mixing	2007
mobility	2005
model	2009
modeling	2009
modelling	2009
modified	1997|1998|1999|2000|2001|2002|2003|2004|2005|2006|2007|2008|2009|2010|2011|2012|2013|2014|2015|2016
momentum	2007
monetization	2008
more	1997|1998|2003|2004|2005|2006|2007|2008|2009|2010|2011|2012|2013|2014|2015|2016
mottos	1998
moved	1997|2006|2008|2009
movement	2005
movements	1998|2004
mtatarca	1997
museum	2007
museums	1997|2002
music	2006
myth	2005
n	1997|1998|1999|2000|2005|2006|2007|2008|2009
n-l	1997|2006|2008
named	1998|2008
narrative	2007
nation	1998
national	1998|2007
nationality	1997|2000
navigation	1997|1998|1999|2000|2001|2002|2003|2004|2005|2006|2007|2008|2009|2010|2011|2012|2013|2014|2015|2016
ne	1997|2013
needs	2005
neto	1997|2006|2008
new	2007
next	2000|2007
ng	1997|1999|2000|2005|2006|2007|2008|2009|2013
nglisc	1997
no	2006
non-profit	1997|1998|1999|2000|2001|2002|2003|2004|2005|2006|2007|2008|2009|2010|2011|2012|2013|2014|2015|2016
norm	2006
not	1997|1998|2003|2004|2005|2006|2007|2008|2009|2010|2011|2012|2013|2014|2015|2016
now	2009
nski	1997|2006
ntale	2013
nynorsk	1997|2000|2005|2006|2008|2009
o	2013
observances	1998
of	1997|1998|1999|2000|2001|2002|2003|2004|2005|2006|2007|2008|2009|2010|2011|2012|2013|2014|2015|2016
office	2008
ol	1997|1998|1999|2000|2005|2006|2008|2009
oldid	1997|1998|1999|2000|2001|2002|2003|2004|2005|2006|2007|2008|2009|2010|2011|2012|2013|2014|2015|2016
on	1997|1998|1999|2000|2001|2002|2003|2004|2005|2006|2007|2008|2009|2010|2011|2012|2013|2014|2015|2016
one	2008
only	2014
operating	2005|2008
or	1997|2005|2014|2015|2016
org	1997|1998|1999|2000|2001|2002|2003|2004|2005|2006|2007|2008|2009|2010|2011|2012|2013|2014|2015|2016
organisations	2006
organization	1997|1998|1999|2000|2001|2002|2003|2004|2005|2006|2007|2008|2009|2010|2011|2012|2013|2014|2015|2016
organizations	1998|2001|2006|2009
organized	1997|1998
other	1997|2005|2009
our	2006
out	1997|1998|1999|2000|2001|2002|2003|2004|2005|2006|2007|2008|2009|2010|2011|2012|2013|2015|2016
ovarian	1997
page	1997|1998|1999|2000|2001|2002|2003|2004|2005|2006|2007|2008|2009|2010|2011|2012|2013|2014|2015|2016
pages	1997|1998|1999|2000|2001|2002|2003|2004|2005|2006|2007|2008|2009|2010|2011|2012|2013|2014|2015|2016
panethnicities	1998
paradigm	2009
partitioning	2008
pas	2007
patent	2008
patriotic	1997
patriotism	2007
peace	1998
people	1997|1998
peoples	1998|2004
percentage	2005
periods	1998
person	1998
persuasion	2007
phenomena	2006
philosophy	1997|2006
php	1997|1998|1999|2000|2001|2002|2003|2004|2005|2006|2007|2008|2009|2010|2011|2012|2013|2014|2015|2016
picture	2003
piracy	1998
place	2007|2008
planning	1998
pluralism	2007
policies	1997|1998
policy	1997|1998|1999|2000|2001|2002|2003|2004|2005|2006|2007|2008|2009|2010|2011|2012|2013|2014|2015|2016
political	1997|1998
politics	2007
poor	2005
popular	1998
population	2005
portability	2009
portal	1997|1998|1999|2000|2001|2002|2003|2004|2005|2006|2007|2008|2009|2010|2011|2012|2013|2014|2015|2016
portals	1997|2003|2004
poverty	2005
power	2005|2007
practices	2009
practitioners	2009
prefer	2006
prefixes	1998
prerequisites	2007
presented	1998
prevention	2007
previous	2000|2007
privilege	2007
problem	1997|2007
problems	1997|1998|2005|2006
process	2009
processes	2006
processors	2008
produced	2010|2011|2012
producer	2010|2011|2012
professional	2006
professionalism	2005|2007|2009
program	2007
programming	2008|2009
programs	2005|2009
progress	2005
project	2009
projects	1998|2008
propose	2007
psychology	2006|2007
public	1997|1998|2007
publications	2009
purchasing	2005
purposes	1997
qualitative	2007
quality	2007|2009
question	2007
quote	2003
r	1997|2013
range	2009
ranges	2006
rate	2005
rbaycanca	1997|2000|2006|2008
rebellions	1998
recent	1997|1998|2003|2004|2005|2006|2007|2008|2009|2010|2011|2012|2013|2014|2015|2016
recreational	1997
recruit	1998
reflect	1997|1998|2003|2004|2005|2006|2007|2008|2009|2010|2011|2012|2013|2014|2015|2016
regard	2009
regional	1998
registered	1997|1998|1999|2000|2001|2002|2003|2004|2005|2006|2007|2008|2009|2010|2011|2012|2013|2014|2015|2016
related	1997|1998|2000|2005|2006|2008|2009
relating	2007
relations	2006|2007
release	2009
releases	1998
religious	1997
renderer	2008
reporting	2008
require	1997|2006|2008|2009
requiring	1997|2008|2009
research	2007
residences	1998
resources	2003
responsibility	1997
reuse	2009
revenue	1998
revolution	2007
revolutions	1998
rieur	2007
rights	2000|2004
rights-related	1998
rk	1997|1998|1999|2000|2001|2004|2005|2006|2007|2008|2009|2010|2013|2015|2016
rkmen	1997|2006
ro	1997|2006
roomers	2007
royskt	1997
rules	2007|2009
running	2008
s	1997|1999|2000|2005|2006|2008|2009|2012|2015|2016
safety	2007|2009
sampling	2007
satisfaction	2005
scenario	1997
scholarly	1998
science	1997|1998|2004|2006|2007|2009
sciences	1997|1998|2004|2006|2009
scientific	1997
search	1997|1998|1999|2000|2001|2002|2003|2004|2005|2006|2007|2008|2009|2010|2011|2012|2013|2014|2015|2016
segregation	1997|2007
separatist	1998
set	2006
settings	2006
sex	2007
short	2006
should	1997|2006|2008|2009
silence	2007
slang	2007
slenska	1997|2006|2008|2009
social	1997|1998|2004|2006|2007
socialisation	2007
socialization	2005|2007
societies	1997|1998|2000
society	1997|1998|1999|2000|2006|2007
socio-stub	2007
sociodynamics	2007
sociological	2006
sociology	1998|2005|2006|2007
software	2007|2008|2009
some	2009
song	2010|2011|2012|2013|2015|2016
songs	2011|2012|2013
songwriter	2014|2015|2016
sorting	2007
space	2007
specification	2009
speech	2004
spending	2005
spreadsheets	2008
squeeze	2005
srpski	1997|1998|2006|2008|2009
started	2009
statistics	2006
status	2005|2006
stratification	2005|2007
street	2006
streets	1998
strikes	1998
structuralism	2007
structure	2006|2007
stub	2007
stubs	2006|2007|2008|2009
studies	1998|2006|2008
study	2006
style	2007
subcategories	1997|1998|1999|2000|2001|2002|2004|2005|2006|2007|2008|2009
subculture	2007
subfields	2009
such	2009
suffering	2005
suite	2008
suites	2008
sup	2007
suppression	2007
survey	2006
symbol	2007
symbols	1998
synthesis	2009
system	2000|2007|2008|2009
systems	1997|2008
t	1997|1999|2000|2005|2006|2007|2008|2009|2013
ta	2013
taken	2008
talk	2008
tatar	1997|2006|2008
tax	2005
techniques	2009
technology	2009
template	2006|2008
templates	1997|2007|2008
termination	2008
terminology	2006|2009
terms	1997|1998|1999|2000|2001|2002|2003|2004|2005|2006|2007|2008|2009|2010|2011|2012|2013|2014|2015|2016
terrain	2007
than	2009
that	1998
the	1997|1998|1999|2000|2001|2002|2003|2004|2005|2006|2007|2008|2009|2010|2011|2012|2013|2014|2015|2016
them	2007
theme	2013
themes	2013
themselves	2009
theorem	2009
theories	2006
theory	2005|2006|2007
there	2009
these	2008
thesis	2007
things	1998
this	1997|1998|2003|2004|2005|2006|2007|2008|2009|2010|2011|2012|2013|2015|2016
thread	2009
threshold	2005|2007
thumb	2009
thus	2006
tipping	2005
title	1997|1998|1999|2000|2001|2002|2003|2004|2005|2006|2007|2008|2009|2010|2011|2012|2013|2014|2015|2016
titles	1998
to	1997|1998|1999|2000|2001|2002|2003|2004|2005|2006|2007|2008|2009|2010|2011|2012|2013|2014|2015|2016
together	1997
too	1997|2006|2008|2009
tools	1997|1998|1999|2000|2001|2002|2003|2004|2005|2006|2007|2008|2009|2010|2011|2012|2013|2014|2015|2016
topic	1997|2001
topics	1998|2009
torture	1998
total	1997|1998|1999|2000|2001|2002|2003|2004|2005|2006|2007|2008|2009|2010|2011|2012|2013|2015|2016
trademark	1997|1998|1999|2000|2001|2002|2003|2004|2005|2006|2007|2008|2009|2010|2011|2012|2013|2014|2015|2016
transference	2007
transformation	2007
transport	1997
tree	2006
tsch	1997|2006|2008
tutor	2008
two	2008
type	2002
typing	2008
tzebuergesch	1997|2006|2008
u	1997|2000|2006|2008
under	1997|1998|1999|2000|2001|2002|2003|2004|2005|2006|2007|2008|2009|2010|2011|2012|2013|2014|2015|2016
undernourishment	2005
unemployment	2005
union	2007
unions	1998
universal	1998
unofficial	1998
unsolved	1998
urban	1998
us	1997|1998|1999|2000|2001|2002|2003|2004|2005|2006|2007|2008|2009|2010|2011|2012|2013|2014|2015|2016
use	2006|2007
used	2008
using	2008
validity	2007
ve	2013
ve-toi	2013
version	1997|1998|1999|2000|2001|2002|2003|2004|2005|2006|2007|2008|2009|2010|2011|2012|2013|2014|2015|2016
very	1997|2006|2008|2009
video	2007
vie	2013
view	1997|1998|1999|2000|2001|2002|2003|2004|2005|2006|2007|2008|2009|2010|2011|2012|2013|2014|2015|2016
vigil	2007
virtualization	2009
visualization	2009
voluntary	2006
w	1997|1998|1999|2000|2001|2002|2003|2004|2005|2006|2007|2008|2009|2010|2011|2012|2013|2014|2015|2016
wage	2005
war	2002
was	1997|1998|1999|2000|2001|2002|2003|2004|2005|2006|2007|2008|2009|2010|2011|2012|2013|2014|2015|2016
wasei-eigo	1998
wealth	2005
welfare	2005
where	1997|2006|2008|2009
which	1997|2005|2008
while	2008|2009
wide	2009
wikipedia	1997|1998|1999|2000|2001|2002|2003|2004|2005|2006|2007|2008|2009|2010|2011|2012|2013|2014|2015|2016
with	1998|2006|2013
word	2008
work	1997
working	2005
works	2008
world	2004|2008
world-related	1998
written	2014|2015|2016
year	2008
you	2006
