'74	1977
'75	1977
'Til	1983
'n'	1978|1983
's	1978
-	1977|1978|1979|1980|1981|1982|1983|1984|1985|1986|1987|1988|1989|1990|1991|1992|1993|1994|1995|1996
0	1978|1983|1990
00	1986|1996
000	1978
03	1977|1992
06	1991
07	1990
08	1983
09	1990|1994
1	1978|1979|1983|1986|1987|1988|1989|1990|1991|1992|1993|1995|1996
10	1977|1979|1980|1982|1983|1988|1992|1993|1995|1996
100	1990
1000Memories	1990|1993
101	1991
103	1995
106	1991
109	1995
11	1985|1987|1988|1989|1990|1991|1993|1995
110	1990
111	1995
112	1979|1983
115	1995
116	1991
12	1980|1987|1988|1992|1994|1995|1996
121	1995
125	1979
129	1991
13	1979|1982|1988|1989|1991|1992|1995|1996
132	1988
139	1988
14	1978|1981|1988|1989|1991|1992|1994|1995|1996
140	1987|1990
142	1987
145	1992
148	1990
15	1989|1991|1992|1995|1996
1500	1989
16	1984|1985|1988|1990|1991|1992|1993|1995
161	1995
164	1991
17	1986|1988|1991
171	1987|1992
178	1995
18	1978|1981|1984|1987|1988|1991|1992|1993|1995
1800	1989
187	1995
19	1981|1993|1995|1996
191	1993
1920s	1992
1979	1978
1989	1978
1997	1983
1st	1978
2	1978|1979|1980|1983|1988|1990|1992|1993|1995|1996
20	1977|1982|1988|1989|1991|1992|1995
200	1978|1983
2011	1977|1981|1982
2012	1984|1985|1986|1987|1988|1990|1991|1992|1993
2013	1978|1979|1980|1983|1989|1993|1994|1995|1996
2020	1994
204	1991
21	1978|1983|1988|1990|1995|1996
22	1988|1991|1992
225	1995
23	1984|1987|1989|1992|1995
24	1988|1990|1992|1995
242	1995
25	1986|1989
26	1990|1995|1996
27	1987|1995
28	1992|1995
29	1978|1989|1991|1992
3	1978|1979|1983|1988|1989|1992|1995|1996
30	1989|1992
31	1985|1988|1994
32	1989|1992|1995
33	1990|1993
34	1993|1995
342	1990
35	1989|1991
36	1995|1996
363	1995
365	1981
37	1989
38	1980|1987|1992
39	1988|1989|1995
3T	1978
4	1978|1979|1983|1987|1989|1990|1991|1992|1995|1996
40	1995
41	1991|1992|1995
414620358	1981
414928775	1977
42	1988|1995
428903959	1982
43	1991|1995
44	1990|1993
45	1982
46	1987
48	1980
49	1990|1995
4ever	1978|1979
5	1978|1985|1989|1990|1993|1995
5-1-5-0	1978
50	1981|1992|1995
500	1978
503	1995
505864240	1990
51	1990|1991|1995
510936075	1985
516	1983
519381492	1987
521187442	1988
522581974	1992
523625350	1991
528382218	1984
528391094	1986
53	1979
530829551	1995
532334329	1983
532384030	1993
532844613	1979
533020857	1994
533035811	1978
534833473	1989
534908910	1996
537534552	1980
54	1977|1989|1995
55	1989|1991|1996
56	1987|1990|1991
57	1989
59	1989
6	1987|1988|1992|1993|1995|1996
6-15-99	1996
60	1995
61	1995
62	1991
63	1992
67	1996
7	1977|1987|1988|1989|1990|1992|1996
71	1996
72	1996
73	1988
76	1991
78	1988
788	1990
79	1988
8	1978|1988|1989|1990|1992|1995|1996
80	1984|1995
80s	1980
84	1992
85	1986
867-5309	1978
897	1978
9	1978|1983|1988|1989|1990|1992|1995
95	1988|1992
96	1992
98	1983
99	1983
A	1977|1978|1979|1980|1981|1982|1983|1984|1986|1987|1988|1989|1990|1992|1993|1995|1996
AM	1978
ASAP	1978
About	1977|1978|1979|1980|1981|1982|1983|1984|1985|1986|1987|1988|1989|1990|1991|1992|1993|1994|1995|1996
Above	1983
Abraham	1996
Abu	1988
Academic	1994|1995
Accountability	1994
Accounting	1994
Achy	1983
Actant	1995
Actiance	1993
Action	1987|1995
Actions	1977|1978|1979|1980|1981|1982|1983|1984|1985|1986|1987|1988|1989|1990|1991|1992|1993|1994|1995|1996
Activism	1987|1992
Adaptive	1990
Adele	1980|1982
Adoption	1989
Adult	1996
Aei	1994
African	1988
Afrikaans	1995
After	1978|1987
Again	1978|1979|1983
Against	1979
Agency	1996
Agent-based	1995
Agriculture	1992
Aguilera	1978|1979|1983
Ahmad	1978
Ain't	1979|1983
Airplanes	1986
Akon	1978
Al	1996
Alcohol	1978
Alejandro	1979|1980|1981|1982
Alemannisch	1995
Alexis	1986
All	1977|1978|1979|1980|1981|1983|1984|1986|1989
All-American	1978
Alliance	1992
Alone	1978|1979
Alors	1980
Alright	1978|1983
Always	1977|1978|1983
Am	1978
Amarillo	1978
Amazed	1978
Amazon	1990
America	1978|1983|1985|1995|1996
American	1978|1983
Americano	1979|1981
Americans	1995
Amiens	1989
Amos	1978
Amplified	1993
Analytic	1995
Angel	1978|1986
Angelito	1978
Angels	1978
Angry	1978
Animal	1978|1995
Anniversary	1978
Anonplus	1990|1993
Another	1978
Answers	1990
Anthem	1980|1981
Anthropology	1995
Anti-oppressive	1996
Anxiety	1995
Anything	1978
Aonach	1988
Apache	1990
Apologize	1982|1983|1984
Apple	1988
Applied	1995
Aqua	1977
Arab	1988
Aragon	1995
Are	1977|1979|1980|1981|1983|1984|1985
Area	1995
Areapal	1990
Aristocracy	1995
Arms	1979|1983
Around	1977|1978|1983
Art	1979
Arthur's	1988
ArticlesBase	1990
Artistry	1987
As	1983
Ascribed	1995
Ask	1993
Askalo	1990
Ass	1983|1986
Asset-based	1995
Association	1978|1979|1983|1984|1985|1986|1996
Asturianu	1995
Atkins	1983
Attentio	1993
Attribution-ShareAlike	1977|1978|1979|1980|1981|1982|1983|1984|1985|1986|1987|1988|1989|1990|1991|1992|1993|1994|1995|1996
August	1990
Aura	1980
Australian	1979|1986
Avicii	1986
Avril	1977|1978|1979|1983|1984
Awake	1984|1986
Award	1995|1996
Awards	1993
Away	1978|1983
Axel	1978
Ayy	1978
Az	1991|1992|1995
Azul	1983
B	1977|1978|1979|1980|1981|1982|1983|1984|1985|1986|1987|1988|1989|1990|1991|1992|1993|1994|1995|1996
Ba	1986
Babe	1978
Baby	1977|1978|1979|1983|1984|1986
Back	1977|1978|1979|1980|1983|1984|1986
BackTweets	1990|1993
BackType	1993
Backstreet's	1983
Bad	1978|1979|1980|1981|1983|1984|1985
Badonkadonk	1983
Badoo	1993
Baggage	1978
Bahasa	1988|1991|1992|1995
Bajaj	1996
Ball	1988
Balla	1978
Ballad	1978
Bananza	1978
BandPage	1993
Bandz	1978
Bangarang	1983
Bangs	1977
Banjo	1993
Bank	1994
Banned	1978
Banyan	1991
Banyumasan	1995
Barack	1993
Barbie	1986
Barefoot	1983|1996
Barkley	1977
Bartender	1983
Basa	1991|1992|1995
Basic	1995
Bat	1978
Batdance	1983
Bay	1983
Be	1978|1980
Beamer	1978
Beat	1979|1981|1983|1984
Beautiful	1979|1980|1982|1983
Beauty	1979|1984
Bebo	1993
Because	1978|1983
Become	1978|1979
Bed	1978|1979
BedRock	1983
Been	1977|1979|1980|1983|1984
Beer	1978
Before	1978|1983
Befriender	1996
Begin	1978
Behavioral	1995
Behavioural	1995
Being	1994
Believe	1978|1981|1983|1986
Believin'	1978
Belly	1978
Belong	1979|1984|1985
Bentley	1978
Benz	1978
Best	1978|1979|1983
Betcha	1978
Beth	1978
Better	1978
Beyonc	1978|1979|1983|1984|1986
Bieber	1979|1984
Bielefeld	1989
Big	1978|1980|1983|1987
BigChampagne	1993
Bildungsb	1989
Bill	1978
Billie	1983
Bills	1983
Bioculture	1995
Birthday	1983
Bit	1982|1986
Bitch	1978
Bj	1996
Black	1978|1983|1986|1988
Blackboxing	1995
Blackout	1983
Blame	1983
Bless	1983
Blink	1983
Block	1978
BlogTV	1993
Blogging	1990
Blood	1984
Blow	1979|1986
Blown	1983
Blue	1978|1979|1983|1986
Blues	1992
BoardEx	1990
Boarisch	1989|1995|1996
Boaz	1996
Bodies	1981
Boi	1979|1984
Bomba	1983
Bon	1977|1983
Boom	1978
Boondocks	1978
Bop	1978
Borders	1987
Born	1977|1981|1984|1986
Bosanski	1987|1988|1991|1992|1995
Boss	1983
Boston	1983
Both	1979
Bottle	1979|1983|1984
Bottom	1983
Bounce	1986
Boy	1977|1978|1979|1980|1981|1982|1983|1984|1986
Boyfriend	1984
Boys	1978|1983
Boyzone	1979|1984
Brad	1978
Bradshaw	1993
BranchOut	1993
Brand	1978
Brandwatch	1993
Brass	1978
Break	1983
Breaking	1978
Breaks	1978|1983
Breaky	1983
Breath	1979
Breathe	1978|1983
Bridal	1988
Bride	1988
Bridge	1988
Brighter	1978
Bring	1977|1979|1983|1984
Britney	1979|1984
Broken	1983
Brokenhearted	1983
Brooks	1978
Brown	1992
Brumberg	1989
Bruno	1980|1986
Bubbly	1979|1983
Built	1983
Bulletproof	1979
Bump	1983
Burn	1983
Business	1978|1993|1994
Bust	1978|1983
Busta	1978
Butt	1978
Butta	1978
Button	1979|1993
Buttons	1979|1983
Buy	1978
BuzzDash	1990
By	1978|1984
Bye	1978
C	1977|1978|1979|1981|1983|1984|1986|1987|1988|1989|1990|1991|1992|1993|1994|1995|1996
CITYpeek	1993
CSUSB	1995
Cabot	1996
Cake	1983
California	1978|1979|1983
Call	1983|1986
Called	1978|1979
Calling	1978
Calvin	1986
Cambridge	1992
Came	1979|1984
Camp	1990
CampusBuddy	1990|1993
Can	1977|1978|1983
Can't	1978|1980|1981|1983|1986
Candle	1983
Candy	1978|1983
Candyman	1978|1979
Cantaloop	1978
Capital	1994
Capitalism	1987
Car	1983
Career	1988
Careless	1978
Caribou	1978
Carolina	1983
Carrie	1983
Cars	1984|1986
Casanova	1978
Case	1996
Caseworker	1996
Cashin'	1978
Cassandra	1995
Catal	1988|1991|1995
Catch	1978
Categories	1977|1978|1979|1980|1981|1982|1983|1984|1985|1986|1987|1988|1989|1990|1991|1992|1993|1994|1995|1996
Category	1977|1978|1979|1980|1981|1982|1983|1984|1985|1986|1987|1988|1989|1990|1991|1992|1993|1994|1995|1996
Cater	1978|1983
Cebuano	1995
Cee	1984|1986
Celebuzz	1993
Celine	1977
Center	1987
Centre	1994|1995
Ceremonies	1988
Ch-Check	1978
Cha	1983
Chain	1992
Champagne	1986
Change	1978|1987|1995
Changed	1979
Changes	1987
Chant	1978
Character	1990
Charitykick	1993
Charter	1989
Chasing	1978|1979|1983|1984|1986
Chattahoochee	1978
Cheats	1983
Check	1979|1983
Chelle	1986
Cher	1981|1983|1986
Chesney	1983
Chi	1990
Child	1989|1992|1996
Child's	1996
Chill	1988
China	1979|1987
Chokehold	1983
Chopped	1978
Chris	1990
Christina	1978|1979|1983|1986
Christine	1979
Christmas	1980
Church	1983
Cisco	1993
CiteULike	1990
Cities	1992
Citizen	1978
Citizens	1995
City	1992
Cityscape	1988
Civic	1995
Civics	1995
Claim	1978
ClaimID	1990
Clann	1994
Clarke	1996
Classification	1989|1995|1996
Clean	1978|1989
Cleaning	1978
Climate	1995
Climb	1983
Clinical	1996
Cliodynamics	1989
Close	1983|1984
Closer	1978|1983
Clothing-free	1988
Club	1977|1984|1986|1996
Clumsy	1983
Codebook	1995
Coffeehouse	1988
Cognitive	1993|1995
Cohen	1977|1979|1983
Cohort	1995
Cold	1978|1983
Colder	1978
Coldplay	1980
Collaboration	1990
Collaborative	1990
Collective	1990|1996
College	1995
Collocation	1993
Come	1978|1979|1983
Comes	1983
Coming	1978|1986
Common	1987
Commons	1977|1978|1979|1980|1981|1982|1983|1984|1985|1986|1987|1988|1989|1990|1991|1992|1993|1994|1995|1996
Commonwealth	1995
Communication	1993|1995
Communism	1987
Communist	1996
Community	1977|1978|1979|1980|1981|1982|1983|1984|1985|1986|1987|1988|1989|1990|1991|1992|1993|1994|1995|1996
Compact	1994
Comparative	1995
Competition	1988
Complex	1995
Complexity	1995
Complicated	1977|1984
Compulsive	1995
Computer	1995
Computer-mediated	1993|1995
Computer-related	1988
Concrete	1978
Conference	1994
Conferences	1988
Confessions	1978
Configurational	1995
Conflict	1992
Conga	1978
Congress	1988
Consensus	1987|1995
Conservation	1994
Constructive	1995
Consumer	1989
Contact	1977|1978|1979|1980|1981|1982|1983|1984|1985|1986|1987|1988|1989|1990|1991|1992|1993|1994|1995|1996
Contents	1977|1978|1979|1980|1981|1982|1983|1984|1985|1986|1987|1988|1989|1990|1991|1992|1993|1994|1995|1996
Contrail	1993
Convention	1988
Conversation	1981
Conway	1995
Cooler	1984|1986
Coolio	1983
Coordinated	1995
Corporate	1993|1994
Corporations	1994
Correlates	1995
Corruption	1992
Cotton-Eyed	1978|1981
Cough	1978
Could	1978|1981
Count	1978|1986
Countdown	1977
Counterpoise	1987
Country	1978
Courtesy	1978
Cover	1978
CoverItLive	1993
Cowboy	1978
Cowgirls	1978
Cradle	1978
Crank	1983
Crazy	1977|1978|1979|1983|1984
Create	1977|1978|1979|1980|1981|1982|1983|1984|1985|1986|1987|1988|1989|1990|1991|1992|1993|1994|1995|1996
Creating	1994
Creative	1977|1978|1979|1980|1981|1982|1983|1984|1985|1986|1987|1988|1989|1990|1991|1992|1993|1994|1995|1996
Credo	1994
Creepin'	1978
Cried	1978
Crime	1992
Critical	1987|1995|1996
Critical-Creative	1995
Cross	1979|1981
Crossfade	1978
Crossover	1978
Crowds	1990
Crowdsourcing	1990
Cruise	1983
Crush	1978
Cry	1978|1980|1983|1986
Cue	1993
Cult	1978
Cultural	1991|1995
Cum	1978
Cup	1978
Cupid	1983
Cupid's	1983
Current	1977|1978|1979|1980|1981|1982|1983|1984|1985|1986|1987|1988|1989|1990|1991|1992|1993|1994|1995|1996
Customer	1993
Cymraeg	1989|1991|1992|1995|1996
Czechoslovakia	1996
D	1977|1978|1979|1980|1981|1982|1983|1984|1986|1987|1988|1990|1991|1992|1993|1994|1995|1996
DJ	1977|1978|1981|1984
DOA	1978
Da	1986
Da'	1983
DaGeek	1993
Daddy	1978|1983
Dance	1977|1978|1979|1982|1983|1984|1986
Dancer	1978|1979
Dancin'	1978
Dancing	1978
Dangerous	1978
Dansk	1989|1995
Danza	1981|1982|1983|1986
Dare	1978
Darius	1983
Dark	1978|1983
DateBid	1993
Daughter	1983
Daughtry	1983
David	1986
Day	1978|1983|1986|1988|1989
Daylight	1978
Days	1978|1983
Dazzey	1983
Dead	1978|1983
Dear	1978|1983
Death	1988|1993
Debates	1988
Deborah	1996
December	1983|1984|1986
Decide	1990
Decimal	1995
Decline	1987
Dedication	1986
Dee	1978|1986
Deep	1982
Degrees	1983
Deja	1983
Delayed	1995
Delhi	1995
Delta	1992
Democracy	1987
Denmark	1980
Dennis	1996
Des'ree	1979
Design	1995
Deutsch	1983|1987|1989|1995
Development	1987
Devil	1983
Dgroups	1990
Dhabi	1988
Diabetes	1993
Diamonds	1978|1979|1983|1984|1986
Diaper	1991
Diaspora	1990|1993
Diddy	1986
Die	1984|1985|1986
Differences	1978
Dig	1978
Digg	1990
Digger	1979|1983
Diggin'	1981
Digital	1987|1993
Dilemma	1986
Dim	1978
Dion	1977
Dione	1980
Dip	1978|1983
Direct	1996
Directions	1983
Dirrty	1979
Dirt	1981
Dirtbag	1986
Dirty	1978|1979|1982|1983|1986
Disability	1992
Disclaimers	1977|1978|1979|1980|1981|1982|1983|1984|1985|1986|1987|1988|1989|1990|1991|1992|1993|1994|1995|1996
Disco	1983
Discovered	1993
Disinvestment	1994
Disneyfication	1987
Disturbia	1979|1980
Ditty	1983
Diva	1978
Dizzy	1978
Do	1977|1978|1979|1980|1983|1989
Doctor	1986|1995
Documentary	1992
Doesn't	1980|1981|1984
Dogg	1981
Doin	1978
Dolly	1978
Domestic	1992
Domino	1986
Don	1978
Don't	1977|1978|1979|1980|1981|1982|1983|1986
Donald	1978
Donate	1977|1978|1979|1980|1981|1982|1983|1984|1985|1986|1987|1988|1989|1990|1991|1992|1993|1994|1995|1996
Down	1978|1983
Download	1977|1978|1979|1980|1981|1982|1983|1984|1985|1986|1987|1988|1989|1990|1991|1992|1993|1994|1995|1996
Downtown	1978
Dr	1978
Drake	1983
Drank	1978
Dream	1978|1986
Dreams	1979|1984
Drink	1978|1983
Drive	1984
Drivin'	1978
DroidIn	1993
Drop	1983
Drops	1978|1986
Dual	1987
Duck	1983
Duff	1978
Duks	1983
Dunkie	1978
Dunn	1978
E	1977|1978|1979|1980|1981|1982|1983|1984|1986|1987|1988|1989|1990|1991|1992|1993|1994|1995|1996
E-society	1990
EQuibbly	1990|1993
Ear	1983
Eardex	1990
Earth	1986|1995
Earthquake	1984
Eastern	1987
Economic	1987|1991
Economics	1995
Ed	1979|1990
Edit	1977|1978|1979|1980|1981|1982|1983|1984|1985|1986|1987|1988|1989|1990|1991|1992|1993|1994|1995|1996
Editorial	1990
Edsby	1993
Education	1991|1995
Educational	1995
Eesti	1995
Eh	1977
Electronic	1990
Eleven	1993
Eliezah	1992
Else	1977
Elvira	1983
Em	1983
Emeli	1984
Empire	1986|1989
En	1983
Encyclopedia	1992
End	1983
Ends	1979
Eng-Tips	1990
Engineers	1987
England	1989|1996
English	1988|1995
Enough	1983|1986
Enrique	1979|1981|1982|1984|1986
Enterprise	1987|1990|1994
Entertainment	1988
Environment	1992
Environmental	1994|1995
Eos	1993
Eric	1983
Erotic	1988
Escape	1977|1979|1983
Espa	1978|1979|1982|1983|1984|1986|1987|1993|1994|1995|1996
Esperanto	1995
Essembly	1990
Estefan	1978
Ethics	1991|1994
Ethnic	1989|1995
Eufunction	1991
Euphoria	1980|1981|1982
Eureka	1993
Europe	1987
Euskara	1992|1995
Evans	1978
Even	1983
Evening	1988
Event	1988
Events	1988
Ever	1977|1978|1983
Everloop	1993
Everybody	1983
Everything	1980|1981|1982|1983
Evolution	1994
Evolutionary	1995
Ex	1986
Exclusion	1992
Exhale	1983
Exhibition	1988
Expatica	1990|1993
Experimental	1995
Exploitation	1995
Exploration	1989
Expression	1983
Extended	1995
Exxset	1990|1993
Eyed	1986
Eyes	1978|1983
F	1977|1978|1979|1980|1983|1984|1986|1987|1988|1989|1990|1991|1992|1993|1994|1995|1996
Fabric	1993
Face	1995
Facebook	1990|1993
Fair	1988
Faith	1978
Fall	1978
Fallin'	1977|1981|1984
Falling	1978
Falls	1978
Fame	1983
Family	1991|1996
Famous	1984
Fanfou	1993
Fantasia	1978
Fantastic	1983
Fantography	1993
Far	1979|1983
Farell	1983
Farm	1993
Farmer's	1983
Fearless	1983
Featured	1977|1978|1979|1980|1981|1982|1983|1984|1985|1986|1987|1988|1989|1990|1991|1992|1993|1994|1995|1996
February	1977|1980|1981
Federation	1977|1980|1981|1996
Feedalizr	1990
Feel	1978|1983|1984|1986|1989
Feelgood	1978
Feeling	1980|1981
Fellowship	1992
Felton	1996
Fergie	1980|1983
Fersommling	1988
Festival	1988
Festivals	1988
Feudalism	1989
FictionCity	1990|1993
Fields	1989
Fifteen	1983
Fight	1978|1986
Filemobile	1993
Filmow	1993
Films	1992
Final	1977
Find	1983
Fire	1977|1980|1981|1984|1985|1986
Fireflies	1983
Fireman	1983
Firestarter	1977
First	1979|1983
Flava	1983
Flickchart	1993
Flickr	1990
Flip	1978|1983
Flixster	1993
Flo	1986
Floatopia	1988
Floor	1977|1980
Florence	1986
Fly	1979|1983
Focus	1990|1993|1995
Folk	1989
Follow	1981
Foo	1990
Football	1993
Footprints	1994
For	1977|1978|1979|1983|1996
Force	1995
Forensic	1996
Forever	1977|1979|1983
Forget	1978
Forgive	1977
Formspring	1993
Forth	1978
Forums	1990
Fotopedia	1990
Foundation	1977|1978|1979|1980|1981|1982|1983|1984|1985|1986|1987|1988|1989|1990|1991|1992|1993|1994|1995|1996
Fraley	1993
Fran	1989|1996
Francisco	1996
Frauenfrage	1989
Free	1980
Frictionless	1993
Friday	1986|1988
Fridstoll	1991
Friend	1995
FriendFeed	1990
From	1977|1978|1979|1980|1981|1982|1983|1984|1985|1986|1987|1988|1989|1990|1991|1992|1993|1994|1995|1996
Frysk	1995
Fuck	1984|1986
Fuckin'	1980|1984
FunAdvice	1990
Funkdafied	1983
Funky	1983
Furlan	1995
Fush	1992
FutureMedia	1993
Futures	1995
Futurology	1987
G	1977|1978|1979|1980|1981|1982|1983|1984|1985|1986|1987|1988|1990|1991|1992|1993|1994|1995|1996
G6	1977|1984|1985|1986
Gaeilge	1994|1995
Gaelg	1995
Galego	1995
Gambling	1992
Game	1983
Games	1979|1988
Gangnam	1982
Gangsta	1983
Gangsta's	1977|1983
Gate	1995
Gave	1983
Geekli	1993
Gender	1987|1995
Genie	1979|1983|1984
Genwi	1990
Geography	1995
Georgia	1983
Geosocial	1993
Geronimo	1980
Get	1977|1978|1981|1983|1986
Getta	1983
Gigya	1993
Gimme	1983
Girl	1977|1978|1979|1981|1983|1984|1986
Girlfriend	1978|1983
Girls	1977|1979|1980|1982|1983|1984
Give	1979|1980|1981|1982|1983
Gives	1979|1985
Giving	1979
Glad	1979|1984
Glass	1977|1984
Global	1987|1988|1990|1994
Globalization	1987|1992
Globalized	1992
Globally	1994
Glogster	1993
Gloria	1978
Gnarls	1977
Go	1978|1979|1983|1984|1986|1993
God	1983
Goes	1979
Gold	1978|1979|1983
Goldilocks	1987
Gone	1979|1983
Gonna	1983
Good	1981|1983|1984
Goodbye	1977|1979
Google	1990
Gordon	1986
Got	1977|1978|1981|1983|1984
Gotta	1980
Governance	1987|1995
Government	1991
Grammar	1978
Graph	1993
Great	1983
Green	1983|1984|1986|1993
Grey	1978|1992
Grillz	1983
Grind	1983
Groundswell	1993
Group	1993|1996
Groups	1990
Guetta	1986
Gulbenkian	1995
Gulf	1988
Gun	1978|1992
Gunpowder	1983
Guns	1983
Gutefrage	1990
Guy	1979|1986
Gwen	1977|1979
H	1977|1978|1979|1981|1983|1984|1986|1987|1988|1989|1990|1993|1995|1996
Habrahabr	1990
Had	1978|1979|1980|1982|1983
Halfbakery	1993
Halfway	1986
Hall	1983
Hallelujah	1977|1979|1983
Halo	1984|1986
Hand	1983
Handle	1986
Hands	1993
Hangin'	1983
Happen	1978
Happiness	1986
Hard	1979|1983
Harris	1986
Has	1983
Hate	1983
Haul	1993
Have	1977|1978|1980|1983|1984
Haven't	1983
Hayland	1990|1993
He	1983
Head	1978|1981|1986
Headstrong	1983
Health	1988|1990|1995|1996
Healthy	1992
Hear	1981
Heart	1978|1981|1983
Heartbreak	1983
Heartless	1983
Hearts	1981|1984|1986
Heatwave	1983
Heaven	1984
Heavy	1979|1981
Heello	1993
Helele	1981
Hell	1979|1985
Hello	1984
Help	1977|1978|1979|1980|1981|1982|1983|1984|1985|1986|1987|1988|1989|1990|1991|1992|1993|1994|1995|1996
Henley	1978
Her	1978
Here	1983
Hero	1981
Hetland	1995
Heuer	1990
Hey	1979|1983|1984
Hidden	1988|1994
Higher	1983
Hilary	1978
Hilltop	1986
Hip	1983
Hips	1981|1983
Historical	1989
History	1989|1995|1996
Ho	1983|1984
Hoedown	1988
Hold	1979|1983
Holiday	1983
Hollaback	1979
Holy	1989
Home	1983|1986|1989|1995
Homeboy	1983
Honey	1983
Honky	1983
Hoods	1986
Hook	1979
Hooray	1983
Hootenanny	1988
Hop	1983
Horses	1978
Hostel	1991
Hot	1978|1983|1986
Hotel	1983
Hotstepper	1983
House	1983
Houston	1983
How	1979|1983|1989
Hrvatski	1995
Human	1987|1992|1995|1996
Human-based	1990
Humpty	1983
Hunch	1990
Hung	1983
Hustler	1983
Hustlin'	1983
Hypnotize	1983
I	1977|1978|1979|1980|1981|1982|1983|1984|1985|1986|1987|1989|1990|1991|1992|1993|1994|1995|1996
I'm	1977|1978|1983|1984|1986
I2hub	1993
IHeartRadio	1993
II	1978|1989
IRISS	1996
Ibibo	1990|1993
Ideas	1990
Identity	1995
Ido	1987|1991|1992|1995
If	1977|1979|1980|1981|1982|1983|1984|1985
Iglesias	1979|1981|1982|1984|1986
Il	1982
Ilokano	1991|1995
Imagine	1983
Imece	1996
Immortal	1979
Immortality	1977
Impact	1987|1994
In	1977|1978|1979|1981|1983|1984
Inc	1977|1978|1979|1980|1981|1982|1983|1984|1985|1986|1987|1988|1989|1990|1991|1992|1993|1994|1995|1996
Inchiesta	1995
Incroyables	1989
Independent	1995|1996
Index	1990
India	1994
Indian	1991
Indigenization	1989
Indonesia	1988|1991|1992|1995
Industrial	1989
Industry	1977|1978|1979|1980|1981|1983|1984|1985|1986
Inequalities	1995
Influence	1993
InfoArmy	1990
Information	1990|1996
Initiative	1992|1994
InnoCentive	1990
Innovation	1987
Innovations	1987
Institute	1991|1994|1995|1996
Institution	1991
Institutional	1991|1995
Institutionalisation	1991
Integrated	1995
Integrative	1995
Intellectual	1990|1995
Intentional	1987
Interaction	1977|1978|1979|1980|1981|1982|1983|1984|1985|1986|1987|1988|1989|1990|1991|1992|1993|1994|1995|1996
Intercultural	1995
Interest	1993
Interlingua	1991|1995
Interlingue	1995
Internal	1989
International	1977|1980|1981|1984|1994|1996
Internet	1990|1993
Interpretative	1995
Intervention	1987|1995
Intruder	1978
Ireland	1987
Irreplaceable	1979|1984
Is	1977|1978|1979|1980|1983|1984
Israel	1995
Issues	1992
It	1977|1978|1979|1980|1982|1983|1984|1985|1986
It's	1979|1981|1983
Italiano	1979|1980|1988|1995
Iyaz	1986
J	1978|1979|1980|1981|1982|1983|1984|1986|1988|1990|1993|1995|1996
JEL	1994
JESS3	1993
Jacked	1978
Jacobs	1989
Jagger	1981|1982
Jake	1978
Jam	1978
James	1986|1995
JamiQ	1993
Jamnalal	1996
January	1978|1979|1983|1989|1993|1994|1995|1996
Jar	1981|1986
Jason	1986
Jawa	1991|1992
Jean	1983
Jeeran	1990|1993
Jelli	1993
Jennifer	1978
Jenny	1978
Jessie	1986
Jewel	1988
Jo	1978
Joan	1989
Job	1977
Joe	1978|1981
John	1978|1983
Jones	1986
Jordan	1986
Journal	1996
Jovi	1977|1983
Jr	1995
Judas	1979
Jude	1983
Judge	1995
Juliet	1979
Jumo	1993
Jump	1977|1978|1979|1980|1981|1982|1983|1984|1985|1986|1987|1988|1989|1990|1991|1992|1993|1994|1995|1996
Junior	1983
Jupiter	1978|1986
Jurisprudence	1995
Just	1980|1982|1984|1986
Justin	1979|1984
K	1978|1979|1983|1986|1988|1990|1993|1995
Kalaallisut	1995
Kanye	1979|1983
Karmin	1983
Kasz	1995
Katharine	1996
Katy	1979|1984|1986
Keek	1993
Keith	1978
Kenny	1983
Kesha	1984|1986
Ketchup	1986
Keys	1986
Kicks	1984|1985
Kids	1978|1979
Kill	1980|1984
King	1978|1979
Kingdom	1996
Kingston	1982|1988
Kiss	1979|1983|1986
Kiswahili	1995
Kloodin	1993
Klout	1993
Know	1978|1980|1982|1983|1986
Knowledge	1990|1995
Knowles	1978|1979|1983|1984|1986
Konfigurationsanalyse	1995
Kraus	1996
Kred	1993
Kris	1978
Krokodil	1977|1979|1981|1984
Kross	1978
Kuduro	1981|1982|1983|1986
Kune	1990
L	1977|1978|1979|1980|1981|1983|1984|1985|1986|1988|1989|1990|1991|1992|1993|1995|1996
LGBT	1988|1989
La	1979|1983
Lab	1990|1993
Labor	1989
Laboratory	1995
Labrinth	1984
Ladies	1978|1982|1984|1985|1986
Ladies'	1996
Ladino	1995
Lady	1981|1983
Lady's	1989
Lafango	1993
LaiBhaari	1993
Languages	1978|1979|1980|1983|1984|1986|1987|1988|1989|1990|1991|1992|1993|1994|1995|1996
Larock	1982
Last	1986
Late	1990
Latent	1995
Latga	1995
Latina	1987|1992|1995
Latvie	1995|1996
Laundry	1978
Lavigne	1977|1978|1979|1983|1984
Law	1987|1991|1995
Lazy	1980|1984|1986
Le	1993
LeAnn	1979
Lead	1983
Leadership	1995
League	1990|1993
Lean	1983
Learn	1984
Learning	1990
Legal	1992|1995
Legend	1983
Legitimation	1995
Lena	1977|1981
Leonard	1977|1979|1983
Leone	1978
Leslie	1993
Less	1981
Let	1983|1984|1986|1990
Level	1995
Levels	1986
Liar	1979|1980|1983
Library	1995
License	1977|1978|1979|1980|1981|1982|1983|1984|1985|1986|1987|1988|1989|1990|1991|1992|1993|1994|1995|1996
Lie	1981|1983
Lietuvi	1995
Life	1978|1979|1983|1984|1992|1993|1995|1996
LifeRing	1996
Light	1983
Lighters	1979
Lights	1978|1979
Like	1977|1978|1979|1981|1982|1983|1984|1985|1986
Lil	1984
Linguistics	1995
LinkExpats	1990|1993
Linkage	1991
LinkedIn	1990|1993
Lion	1984|1986
Lisa	1977|1978|1983
List	1989|1990|1995
Literary	1988
Lithium	1990
Little	1978|1979|1981|1983|1984|1986
Live	1984
Livelihood	1995
Living	1995
Lo	1984|1986
Loca	1980
Local	1989
Locked	1984
Locker	1990|1993
Log	1977|1978|1979|1980|1981|1982|1983|1984|1985|1986|1987|1988|1989|1990|1991|1992|1993|1994|1995|1996
Logic	1995
Lollipop	1979|1984
London	1993
Loneliness	1983|1992
Lonely	1986
Long	1978
Looking	1977
Loreen	1980|1981|1982
Lose	1978|1979
Lou	1978
Love	1977|1978|1979|1980|1981|1982|1983|1984|1986
LoveGame	1979
Loved	1977
Lover	1983
Loves	1977
Lovin'	1978
Low	1978|1983|1986|1996
Lucky	1979|1984
Ludacris	1979
Lumbaart	1995
M	1977|1978|1979|1980|1981|1982|1983|1984|1985|1986|1987|1988|1989|1990|1991|1992|1993|1995|1996
M14	1994
MGMT	1979
MOSH	1990
Macarena	1985
Machine	1978|1986
Mack	1978
Madonna	1978|1979
Magyar	1989|1991|1995
Mailing	1990
Main	1977|1978|1979|1980|1981|1982|1983|1984|1985|1986|1987|1988|1989|1990|1991|1992|1993|1994|1995|1996
Maino	1983
Majoritarianism	1992
Make	1978|1983|1984|1986
Malthusian	1995
Malti	1995
Mama	1977|1983
Man	1978|1979|1980|1983|1984|1986|1989
Management	1987|1996
Manager	1993
Manipulation	1995
Margarita	1988
Maria	1977|1978|1981
Marina	1979|1984
Maroon	1978
Marriage	1987|1989|1991
Mars	1980|1986
Martin	1984
Mass	1991
Mastin	1979
Match	1988
Material	1995
Matter	1979|1984
May	1982
Me	1977|1978|1979|1980|1981|1982|1983|1984|1985|1986
Me2day	1993
Mean	1979
Measurement	1993
Mechanical	1990
Media	1992|1993|1995
Medical	1988|1996
Medina	1983
Meet	1986
MeetMe	1993
Meetings	1988
Meettheboss	1990|1993
Melayu	1988|1992|1995
Meme	1993
Men	1979|1990
Mental	1992|1996
MercyMe	1983
Meredith	1978
Merveilleuses	1989
Messabout	1988
Messina	1978
Met	1983
Metal	1992
Mexico	1978
Meyer-Landrut	1977|1981
Mi-Case	1996
Miami	1978
Microculture	1995
Microinsurance	1995
Mideast	1993
Military	1995
Milkshake	1979
MillatFacebook	1990|1993
Milton	1979
Minaj	1979
Mind	1981|1986
Mine	1977|1978|1979|1983
Minutes	1979
Miss	1986
Mixero	1993
Mmrs	1979
Mobile	1977|1978|1979|1980|1981|1982|1983|1984|1985|1986|1987|1988|1989|1990|1991|1992|1993|1994|1995|1996
Mobilities	1995
Mobli	1993
Mocial	1993
Moderation	1996
Modern	1995
Moment	1979
Monday	1981
Money	1983|1986|1993
Monkey	1978
Month	1978
Moofaces	1993
Moonlight	1978|1986
Moral	1987
More	1983|1986
Morning	1978
Morrison	1986
Moses	1978
Moskultprog	1988
MouseHunt	1990
Move	1978|1983
Moved	1980
Moves	1981|1982|1983
Moving-knife	1995
Mperience	1993
Mr	1986
Mraz	1986
Mudvayne	1978
Multi-Platinum	1983
Multimethodology	1995
Multinational	1994
Murs	1984
Music	1979|1980|1982|1990
Musik	1983
Must	1977|1978
My	1978|1979|1980|1981|1982|1983|1984|1986
Myspace	1990
N	1977|1978|1979|1983|1984|1986|1987|1989|1990|1993|1994|1995|1996
NASA	1993
Naked	1984
Name	1984
Namespaces	1977|1978|1979|1980|1981|1982|1983|1984|1985|1986|1987|1988|1989|1990|1991|1992|1993|1994|1995|1996
Nation	1978
National	1994|1996
Nations	1994
Natural	1994
Navigation	1977|1978|1979|1980|1981|1982|1983|1984|1985|1986|1987|1988|1989|1990|1991|1992|1993|1994|1995|1996
Naymz	1990|1993
Ne-Yo	1978|1983
Nederlands	1989|1995
Nedersaksies	1995
Need	1978|1979
Nelly	1986
Neoclassical	1995
Network	1994|1995
Never	1977|1979|1983|1986
New	1978|1984|1987|1989|1995
Next	1984
NextPrinciples	1993
Nextdoor	1993
Nicki	1979
Night	1978|1979|1983|1984|1986|1990
Nite	1983
Nnapulitano	1995
No	1979|1981|1983|1984
Noah	1990
Nobody	1983
Noize	1978
Non-Nuclear	1995
Non-material	1995
Nonchalant	1978
Nonprofits	1995
Normative	1995
Norsk	1988|1991|1995
Not	1979|1983
NotchUp	1990
Nothin'	1979
Nothing	1977|1984|1986
Notorious	1983
Nova	1987
Novell	1990
November	1988|1991|1992
Novial	1995
Now	1983
Number	1978
NutshellMail	1990
O	1977|1978|1979|1980|1981|1983|1988|1989|1990|1992|1993|1995|1996
O'Clock	1978
Obama	1993
Observable	1995
Observances	1988
Observatory	1990
Occupational	1995
October	1987
Off	1978
Offending	1996
OfficeArrow	1993
Ohel	1996
Old	1989
Olly	1984
Ology	1993
On	1977|1978|1979|1980|1983|1986
Once	1983
One	1977|1978|1979|1983|1986
OneRepublic	1983
Online	1990
Only	1978|1981|1983
Open	1983|1988|1990
OpenDesktop	1990
Operation	1996
Organizational	1990|1995
Organizations	1996
Organized	1988|1992
Orkut	1990|1993
Other	1983
Out	1978|1979|1981|1983|1984|1986
Outcome	1996
Outline	1995
Over	1978|1979|1983
Overcome	1995
Overprotected	1977
Owen	1978
P	1977|1978|1979|1980|1981|1983|1984|1985|1986|1987|1988|1989|1990|1991|1992|1993|1994|1995|1996
PDF	1977|1978|1979|1980|1981|1982|1983|1984|1985|1986|1987|1988|1989|1990|1991|1992|1993|1994|1995|1996
Page	1977|1978|1979|1980|1981|1982|1983|1984|1985|1986|1987|1988|1989|1990|1991|1992|1993|1994|1995|1996
Pages	1977|1978|1979|1980|1981|1982|1983|1984|1985|1986|1987|1988|1989|1990|1991|1992|1993|1994|1995|1996
Paige	1978
Paisley	1978
Pakistan	1993
Panagbenga	1988
Pandaemonium	1989
Paradise	1977|1978|1980|1983
Part	1978|1979|1984|1986
Participation	1995
Parties	1988
Parton	1978
Party	1978|1979|1980|1981|1984|1988
Path	1990
Patience	1980
Patriots	1995
Pavements	1983
Payphone	1985
Peace	1992
Peas	1986
Peasant	1989
Pedology	1995
PeerIndex	1993
People	1980|1989
PeopleBrowsr	1990|1993
Perfect	1980
Permanent	1977|1978|1979|1980|1981|1982|1983|1984|1985|1986|1987|1988|1989|1990|1991|1992|1993|1994|1995|1996
Perri	1986
Perry	1979|1984|1986
Person	1990
Personal	1977|1978|1979|1980|1981|1982|1983|1984|1985|1986|1987|1988|1989|1990|1991|1992|1993|1994|1995|1996
Peter	1990
Phantom	1978
Pheed	1993
Philosophy	1988|1995
Phonographic	1977|1980|1981
Phunk	1978
Physics	1995
Ping	1980
Pink	1981|1984
Pisin	1995
Pitbull	1979|1980|1981|1982|1986
Pitching	1990
Planet	1978
Plans	1986
Platinum	1983|1985
Plattd	1995
Play	1978|1979
Player	1978
Please	1977
Political	1992|1995
Politics	1987|1995
Polski	1989|1992|1995|1996
Polycentrism	1995
Polyvore	1993
Pong	1980
Poppa	1983
Portal	1995
Portugu	1987|1989|1991|1992|1995|1996
Post	1993
Posterous	1993
Potential	1992
Potshow	1988
Poverty	1992
Practices	1995
Praxis	1996
Prayer	1981
Prediction	1990
Presans	1990
Presidents	1978
Primadonna	1979|1984
Primary	1992
Princess	1979
Principle	1992
Print	1977|1978|1979|1980|1981|1982|1983|1984|1985|1986|1987|1988|1989|1990|1991|1992|1993|1994|1995|1996
Printable	1977|1978|1979|1980|1981|1982|1983|1984|1985|1986|1987|1988|1989|1990|1991|1992|1993|1994|1995|1996
Privacy	1977|1978|1979|1980|1981|1982|1983|1984|1985|1986|1987|1988|1989|1990|1991|1992|1993|1994|1995|1996
Privacy-enhancing	1992
Private-collective	1995
Problems	1983|1992
Process	1987
Productores	1982
Professional-managerial	1995
Program	1988|1996
Project	1987|1990|1995
Promotional	1993
Pros	1993
Protective	1996
Protectory	1996
Protests	1988
Proto-industrialization	1995
Proutist	1995
Psychiatry-related	1996
Psychoeducation	1996
Pub	1988
Public	1991|1995
Puff	1983
Pumped	1984|1985
Punctuated	1987
Punjab	1994
Pure	1979
Push	1979
Put	1982|1984|1985|1986
Q	1978|1983|1987|1990|1993|1995|1996
Qaiku	1993
Qapacity	1990|1993
Qaraqalpaqsha	1995
Qaym	1990|1993
Quadruple	1985
Qualifications	1996
Qualitative	1996
Quasi-experiment	1995
Queen	1978
Questions	1978
Quiet	1987
Quora	1990|1993
R	1977|1978|1979|1980|1982|1983|1984|1986|1987|1988|1989|1990|1991|1992|1993|1995|1996
RIAA	1978|1983|1985
ROFLCon	1988
Race	1979|1987
Radio	1993
Rae	1986
Rain	1978|1979|1980|1981|1983|1984|1985|1986
Raining	1979
Raise	1977|1984
Raise5	1993
Random	1977|1978|1979|1980|1981|1982|1983|1984|1985|1986|1987|1988|1989|1990|1991|1992|1993|1994|1995|1996
Raquel	1996
Read	1977|1978|1979|1980|1981|1982|1983|1984|1985|1986|1987|1988|1989|1990|1991|1992|1993|1994|1995|1996
Reader	1993
Reading	1988
Really	1977
Recent	1977|1978|1979|1980|1981|1982|1983|1984|1985|1986|1987|1988|1989|1990|1991|1992|1993|1994|1995|1996
Recording	1978|1979|1983|1984|1985|1986
Recovery	1996
Red	1978
Reece	1979
Regator	1990
Regional	1995
Register	1991
Related	1977|1978|1979|1980|1981|1982|1983|1984|1985|1986|1987|1988|1989|1990|1991|1992|1993|1994|1995|1996
Religion	1991
Remarriage	1991
Renaissance	1988
Repetition	1995
Replay	1986
Reporting	1994
Repository	1990
Representative	1996
Republic	1987
Reputation	1990
Research	1987|1989|1994|1995
Residential	1996
Resources	1996
Responsible	1994
Rest	1979
Retirement	1995
Retrieved	1977|1978|1979|1980|1981|1982|1983|1984|1985|1986|1987|1988|1989|1990|1991|1992|1993|1994|1995|1996
Reunions	1988
Revolution	1987|1992
Revolutions	1989
Rhetoric	1987
Rhymes	1978
Rich	1977|1979
Richard	1996
Richmond	1992
Rick	1983
Rida	1986
Ride	1978
Ridin'	1986
Right	1979|1980|1983|1984|1986
Rights	1995
Rihanna	1979|1980|1982|1983|1986
Rimes	1979
Ring	1982|1984|1985|1986
Rise	1982
Rivers	1981
Road	1983
Robbie	1981
Roboinvest	1993
Rock	1978|1979|1980|1981
Rodney	1983
Role	1996
Rolling	1982
Rom	1988|1989|1990|1991|1992|1995
Roman	1989
Romance	1980|1981|1983|1985
Romani	1995
Ronaldsay	1996
Room	1978
Ross	1983
Round	1980|1984|1986
Roundtable	1994
Roux	1979
Rucker	1983
Rugbynist	1993
Rumantsch	1995
Run	1979|1981|1984|1986
Rural	1989
S	1977|1978|1979|1980|1981|1982|1983|1984|1985|1986|1987|1988|1989|1990|1991|1992|1993|1994|1995|1996
SEED-SCALE	1987
SHARE	1995
SOCMINT	1993
SWObjects	1990
SWV	1978
Safety	1996
Said	1979|1981
Saints	1977
Saleebey	1996
Same	1979
Samepoint	1993
San	1996
Sanctuary	1991
Sand	1984
Sang	1977
Sanskritization	1987
Sardu	1991|1995
Satellite	1977|1981
Saturday	1993
Say	1977|1979|1983|1984
Scene	1979
Schader	1995
Schmap	1993
Schnappi	1977|1979|1981|1984
School	1989|1995|1996
Schools	1995|1996
Science	1989|1995
Sciences	1991|1995
Scientific	1995
Scotland	1996
ScraperWiki	1990
Scream	1977|1986
Script	1979|1983
Sean	1982
Search	1977|1978|1979|1980|1981|1982|1983|1984|1985|1986|1987|1988|1989|1990|1991|1992|1993|1994|1995|1996
Seasons	1983
Sebastian	1979|1986
Secret	1983|1993
Secular	1996
Security	1992
See	1977|1978|1979|1980|1981|1982|1983|1984|1985|1986|1987|1988|1989|1990|1991|1992|1993|1994|1995|1996
Seikatsu	1995
Self	1983
Self-Help	1996
Selfridge	1995
Semiotics	1995
Senge	1990
September	1985
Service	1996
Services	1996
Set	1980|1981|1984|1985|1986
Sex	1977
Sexual	1987
Sexy	1980
Shaggy	1986
Shake	1978|1979
Shania	1979
Share	1990
Shared	1994|1996
She	1977|1979|1981|1983
She's	1979
Sheeran	1979
ShiftSpace	1990
Shit	1978
Shock	1977|1981
Shoes	1978
Shoop	1983
Shop	1983
Shores	1979
Shorty	1993
Shots	1990
Shout	1977|1986
Shoutbox	1990
Show	1988
Showers	1986
Shutdown	1993
Sicilianu	1995
Sickness	1983
Sierra	1978
Simon	1990
Simple	1988|1995
Simplify360	1993
Since	1979
Single	1982|1984|1985|1986
Singles	1977|1978|1979|1980|1981|1982|1983|1984|1985|1986
Singles_certified_gold_by_the_International_Federation_of_the_Phonographic_Industry_of_Sweden	1977
Singles_certified_gold_by_the_Recording_Industry_Association_of_America	1978
Singles_certified_platinum_by_the_Australian_Recording_Industry_Association	1979
Singles_certified_platinum_by_the_International_Federation_of_the_Phonographic_Industry_of_Denmark	1980
Singles_certified_platinum_by_the_International_Federation_of_the_Phonographic_Industry_of_Switzerland	1981
Singles_certified_platinum_by_the_Productores_de_M	1982
Singles_certified_platinum_by_the_Recording_Industry_Association_of_America	1983
Singles_certified_platinum_by_the_Recording_Industry_Association_of_New_Zealand	1984
Singles_certified_quadruple_platinum_by_the_Recording_Industry_Association_of_America	1985
Singles_certified_triple_platinum_by_the_Australian_Recording_Industry_Association	1986
Sister	1983
Situational	1995
SixReps	1993
Sk8er	1979|1984
Skeptics	1988
Skills	1995
Skips	1981
Skrewed	1978
Sky	1978
Slideluck	1988
Sloven	1989|1991|1995
Small	1993
Smarkets	1993
Smart	1990
Smile	1979
Snoop	1981
So	1979|1983|1984
Sober	1983
Sobriety	1996
Social	1987|1988|1989|1990|1991|1992|1993|1994|1995|1996
SocialEngine	1990|1993
SocialIQ	1993
Social_change	1987
Social_events	1988
Social_history	1989
Social_information_processing	1990
Social_institutions	1991
Social_issues	1992
Social_media	1993
Social_responsibility	1994
Social_sciences	1995
Social_work	1996
Socially	1994
Societal	1995
Society	1987|1988|1989|1991|1992|1993|1994|1995|1996
Society-related	1989
Socio-scientific	1995
Socioecology	1995
Sociology	1987|1991|1995
Socionom	1996
Soldier	1978
Soles4Souls	1994
Solo	1986
Solveig	1984
Somebody	1977|1982|1984
Someone	1980|1982
Something	1984
Sometimes	1979
Song	1977|1978|1980|1981|1984|1986
Soomaaliga	1995
Sorry	1983
Soul	1983
Soulja	1983
Sound	1978
Source	1990
South	1996
Soviet	1988
Space	1988
Spanish	1987
Spatial	1991|1995
Speak	1979|1981|1993
Spears	1979|1984
Special	1977|1978|1979|1980|1981|1982|1983|1984|1985|1986|1987|1988|1989|1990|1991|1992|1993|1994|1995|1996
Spectacle	1988
Spectrum	1984
Sphere	1990|1993
Spice	1977|1979
Spigit	1990
Spoke	1990|1993
Sport	1987
Srinivas	1990
Srpskohrvatski	1991|1995|1996
St	1981
Stakeholder	1994
Standard	1994|1995
Stansfield	1977|1983
Star	1979
Starships	1977|1981
State	1986|1991|1995
States	1995
Staysafe	1996
Stefani	1977|1979
Step	1978|1983
Stereo	1984|1986
Stereotypes	1995
StixCamp	1990
Stop	1978|1979|1980|1982|1983
Storify	1993
Story	1984|1986|1996
Strands	1990|1993
Strapped	1978
Strategic	1994
Streams	1993
Street	1992
Strength-based	1996
Stretch	1978
Stromquist	1995
Stronger	1980|1984
Structuration	1987
Students'	1991
Studies	1995
Study	1992|1995
StumbleUpon	1990|1993
Style	1982
Styx	1978
Subcategories	1987|1988|1989|1990|1991|1992|1993|1995|1996
Subject	1995
Suck	1979
Suede	1978
Suffering	1992
Sugababes	1979
Sugarland	1978
Suicidology	1995
Sullivan	1994
Sumazi	1993
Summer	1980
Sumpin'	1978
Sun	1978|1979
Sunda	1995
Suomi	1989|1995
Superstar	1979
Supportive	1996
Surfbook	1993
Surplus	1993
Survive	1978
Sustainability	1994
Svenska	1989|1991|1995
Sweat	1983
Sweden	1977|1990
Sweet	1977|1979|1980|1981|1984|1986
Swift	1978|1983|1984|1986
Switzerland	1981
Symbolic	1995
Synekism	1989|1995
Syrup	1978
Sysomos	1993
System	1995|1996
Systems	1987|1996
T	1978|1979|1981|1982|1983|1984|1986|1987|1988|1989|1990|1991|1992|1993|1995|1996
T-Pain	1983
Tacata'	1981
Tagalog	1995
Tailteann	1988
Take	1978|1980
Takes	1978
Talenthouse	1990|1993
Talk	1977|1978|1979|1980|1981|1982|1983|1984|1985|1986|1987|1988|1989|1990|1991|1992|1993|1994|1995|1996
Talks	1984|1986
Taqbaylit	1995
Tarand	1995
Tawdheef	1988
Taylor	1978|1983|1984|1986
Tea	1988
Team	1983|1984|1986|1996
Techedge	1993
Technologies	1990
Technology	1995
Teenage	1986
Telephone	1984|1986
Tell	1978|1986
Templates	1993
Tencent	1993
Terms	1977|1978|1979|1980|1981|1982|1983|1984|1985|1986|1987|1988|1989|1990|1991|1992|1993|1994|1995|1996
Terrorism	1993
Text	1977|1978|1979|1980|1981|1982|1983|1984|1985|1986|1987|1988|1989|1990|1991|1992|1993|1994|1995|1996
Thailand	1992
Than	1978
Tharwa	1987
That	1977|1978|1979|1980|1981|1982|1983|1986
The	1977|1978|1979|1980|1981|1982|1983|1984|1985|1986|1987|1988|1989|1990|1991|1992|1993|1994|1995|1996
Theft	1978
Then	1983
Theories	1992|1995
There	1978|1979
Thesixtyone	1990
They	1989
Thick	1995
Thing	1978|1979|1983|1986
Thingiverse	1990
Things	1978|1979|1981
Think	1977|1978
Thinking	1995
This	1977|1978|1979|1980|1981|1982|1983|1984|1985|1986|1987|1988|1989|1990|1991|1992|1993|1994|1995|1996
Thnks	1979
Thorngate's	1995
Thousand	1986
Ti	1987|1989|1991|1992|1995
Tick	1993
Till	1979
Timbaland	1977|1981
Time	1979|1982|1983|1986|1990
Timers	1989
To	1978|1993|1995
Tofu-dreg	1992
Together	1979|1984
Tok	1995
Tonight	1977|1979|1981|1984|1986
Tonk	1983
Toolbox	1977|1978|1979|1980|1981|1982|1983|1984|1985|1986|1987|1988|1989|1990|1991|1992|1993|1994|1995|1996
Top	1978|1983|1993
Total	1995
Tough	1983
Town	1993
Tractor	1983
Traffic	1988
Transformative	1987|1992
Transhistoricity	1989
Transition	1987
Translation	1995
Transparency	1992
Trapt	1983
Trending	1993
Trendrr	1993
Trick	1979
Trictionary	1990
Tropez	1981
Troublemaker	1984
True	1979|1983
Trump	1978
Truss	1978
Trust	1983
Try	1981|1984|1986
Tuckman's	1996
Tuenti	1993
Turk	1990
Turn	1986
Twain	1979
Tweet	1993
Twelve-step	1996
Twine	1990
Twitdom	1990
Twitter	1993
TwitterCounter	1993
Two	1978
U	1977|1978|1979|1980|1981|1983|1984|1988|1990|1992|1993|1994|1995|1996
Ubiquitous	1990
Uganda	1992
Umbrella	1979|1984
Un'estate	1977
Unauthorized	1993
Unconference	1990
Underwood	1983
Unemployment	1992
Unfaithful	1977|1980|1981
Union	1991
Unit	1995
United	1994|1995|1996
Universal	1995
Unseen	1995
Unthink	1993
Until	1984
Up	1978|1979|1982|1983|1984|1985|1986
Upload	1977|1978|1979|1980|1981|1982|1983|1984|1985|1986|1987|1988|1989|1990|1991|1992|1993|1994|1995|1996
Uptown	1983
Urban	1978|1995
Us	1977|1979|1981|1984
Use	1977|1978|1979|1980|1981|1982|1983|1984|1985|1986|1987|1988|1989|1990|1991|1992|1993|1994|1995|1996
Used	1978|1982
Usher	1983
V	1977|1978|1979|1983|1987|1989|1990|1993|1995
Value	1977|1981|1994
Variable	1995
Variants	1977|1978|1979|1980|1981|1982|1983|1984|1985|1986|1987|1988|1989|1990|1991|1992|1993|1994|1995|1996
Velvet	1978
Venture	1994
Veps	1987|1992|1995
Vi	1987|1989|1991|1992|1995
Vibe	1990
Video	1979
View	1977|1978|1979|1980|1981|1982|1983|1984|1985|1986|1987|1988|1989|1990|1991|1992|1993|1994|1995|1996
Views	1977|1978|1979|1980|1981|1982|1983|1984|1985|1986|1987|1988|1989|1990|1991|1992|1993|1994|1995|1996
Villagetech	1987
Villein	1989
Virb	1990|1993
Virtual	1990
Visitor	1996
Viva	1977|1979
Vocational	1995
Vogue	1983
Voyage	1983
Vu	1978|1983
W	1977|1978|1979|1980|1981|1983|1984|1985|1986|1988|1989|1990|1992|1993|1995|1996
WANT	1993
Wahooly	1993
Wait	1984
Waiting	1977|1979
Wake	1978|1986
Wanna	1977|1978
Wannabe	1977
Want	1978|1979|1980|1983
Wants	1983
War	1989|1992
Was	1979|1983
Wash	1983
Wasn't	1986
Water	1984
Wave	1990
Way	1977|1978|1979|1980|1981|1984
Wayne	1984
We	1977|1979|1980|1981|1984|1985|1986
We've	1979|1983
WeOurFamily	1993
Weather	1978
Weaver	1978
Web	1990|1993
Webfluenz	1993
Week	1988
Weekend	1988
Weibo	1993
Welcome	1981
Welfare	1996
Went	1983
Wepolls	1993
Were	1977|1979|1980|1981|1982|1984
West	1979|1983
West-Vlams	1995
Wet	1981
What	1977|1978|1979|1980|1981|1982|1983|1984|1985|1986|1987|1988|1989|1990|1991|1992|1993|1994|1995|1996
What's	1993
Whataya	1979
When	1977|1978|1979|1983
Whenever	1986
Where	1980|1984
Wherever	1986
Whisper	1978
Whistle	1981
White	1978|1983
Whitney	1983
Who	1977|1980|1984
Why	1977
WiO	1993
Wide	1978|1984|1986|1993
Wiki	1990
WikiProject	1996
Wikimedia	1977|1978|1979|1980|1981|1982|1983|1984|1985|1986|1987|1988|1989|1990|1991|1992|1993|1994|1995|1996
Wikio	1993
Wikipedia	1977|1978|1979|1980|1981|1982|1983|1984|1985|1986|1987|1988|1989|1990|1991|1992|1993|1994|1995|1996
Wikirating	1990
Wikis	1990
Wild	1980
Will	1981|1984
Williams	1981
Winaray	1995|1996
Wind	1983
Wisdom	1990
Without	1979|1983|1986|1987|1992
Woman	1977
Women	1996
Women's	1988
Won't	1978|1986
Words	1979
Work	1996
Workers	1996
Working	1989
Workplace	1995
World	1977|1978|1979|1981|1983|1985|1989|1992|1993|1995
Would	1979
Wreckamovie	1990
Writers'	1988
Wynter	1986
X	1978|1983
Y	1977|1978|1979|1980|1983|1984|1985|1986|1990|1992|1993|1995|1996
Ya	1979|1983
Yahoo	1990|1993
Yala	1990
Yardsellr	1993
Year	1990
Years	1986
Yes	1979|1993
Yet	1983
Yo	1983
Yoko	1978
Yor	1991|1992|1995
You	1977|1978|1979|1980|1981|1982|1983|1984|1985|1986|1990
You're	1977|1979|1983
Young	1980|1984|1985|1986
Your	1977|1978|1979|1983|1984
Yours	1986
Yourself	1984
Youth	1992|1993|1995|1996
Yves	1982
Z	1978|1983|1990|1993|1995
Zealand	1984
Zemiology	1995
Zhuang	1995
Zimbio	1993
Zorpia	1990|1993
a	1977|1978|1979|1980|1981|1982|1983|1984|1985|1986|1987|1988|1989|1990|1991|1992|1993|1994|1995|1996
about	1996
abuse	1991|1996
academic	1995
access	1990|1993
account	1977|1978|1979|1980|1981|1982|1983|1984|1985|1986|1987|1988|1989|1990|1991|1992|1993|1994|1995|1996
accounting	1994
action	1996
active	1990
acupuncture	1995
adaptive	1995
additional	1977|1978|1979|1980|1981|1982|1983|1984|1985|1986|1987|1988|1989|1990|1991|1992|1993|1994|1995|1996
administration	1995
advertised	1988
advisor	1995
after	1987
age	1992
ais	1989|1996
album	1977|1981
also	1978|1983|1988|1991|1995
alternate	1993
am	1984|1990|1993
ame	1990
an	1979|1988|1994
analysis	1990|1991|1995
and	1977|1978|1979|1980|1983|1984|1986|1987|1988|1989|1990|1991|1992|1993|1994|1995|1996
anthropology	1995
application	1990|1993
apply	1977|1978|1979|1980|1981|1982|1983|1984|1985|1986|1987|1988|1989|1990|1991|1992|1993|1994|1995|1996
archives	1990
are	1977|1978|1979|1980|1981|1982|1983|1984|1985|1986|1987|1988|1989|1990|1991|1992|1993|1994|1995|1996
arranged	1988
art	1987
article	1977|1978|1979|1980|1981|1982|1983|1984|1985|1986|1987|1988|1989|1990|1991|1992|1993|1994|1995|1996
articles	1996
as	1977|1978|1979|1980|1981|1982|1983|1984|1985|1986|1987|1988|1989|1990|1991|1992|1993|1994|1995|1996
aspects	1995
assessment	1995
at	1977|1978|1979|1980|1981|1982|1983|1984|1985|1986|1987|1988|1989|1990|1991|1992|1993|1994|1995|1996
attitudes	1989
attribute	1995
available	1977|1978|1979|1980|1981|1982|1983|1984|1985|1986|1987|1988|1989|1990|1991|1992|1993|1994|1995|1996
awards	1995
b	1991|1992|1995
bank	1990|1991
be	1978
been	1978|1983|1985
behavior	1992
bias	1995
blogging	1990
bokm	1995
book	1977|1978|1979|1980|1981|1982|1983|1984|1985|1986|1987|1988|1989|1990|1991|1992|1993|1994|1995|1996
bookmarking	1990
books	1995|1996
both	1991
boundaries	1995
brand	1993
bsczi	1995
building	1996
busca	1996
business	1993|1994
but	1978
by	1977|1978|1979|1980|1981|1982|1983|1984|1985|1986|1988|1989|1992|1995
calendar	1990
capital	1995
care	1992|1996
cataloging	1995
categories	1988|1994
category	1977|1978|1979|1980|1981|1982|1983|1984|1985|1986|1987|1988|1989|1990|1991|1992|1993|1994|1995|1996
ceremonies	1991
certification	1977|1978|1979|1980|1981|1982|1983|1984|1985|1986
certified	1977|1978|1979|1980|1981|1982|1983|1984|1985|1986
change	1987|1992
changes	1977|1978|1979|1980|1981|1982|1983|1984|1985|1986|1987|1988|1989|1990|1991|1992|1993|1994|1995|1996
changing	1989
characteristics	1995
checks	1995
child	1996
childhood	1989
children	1992|1995
citizenship	1994
civics	1995
class	1995
classification	1992|1994|1995
codes	1994
collaboration	1993
colonialism	1989
com	1990|1993
commensurate	1995
comment	1995
commission	1995
common	1988
commons	1990
communication	1993|1995
communicative	1995
communities	1990
community	1990|1995
companies	1988
companion	1989
competence	1995
complexity	1995
comprise	1995
computation	1990
computing	1990
concepts	1995|1996
concerned	1995
conference	1993
conferences	1995
confirmation	1996
conomiques	1995
cons	1993
consciousness	1987|1996
cont	1977|1978|1979|1980|1981|1982|1983|1984|1985|1986|1987|1988|1989|1990|1991|1992|1993|1994|1995|1996
contains	1996
content	1977|1978|1979|1980|1981|1982|1983|1984|1985|1986|1987|1988|1989|1990|1991|1992|1993|1994|1995|1996
control	1995
conventions	1991
corporate	1994
corporation	1994
country	1989|1992
crashing	1995
crime	1989|1992|1995
criminology	1995
crowd	1990
culture	1993|1995
curation	1993
d'	1995
da	1977|1984
dance	1988
danse	1980
das	1977|1979|1981|1984
de	1982|1995
democratic	1987
description	1995
design	1995
desirability	1995
details	1977|1978|1979|1980|1981|1982|1983|1984|1985|1986|1987|1988|1989|1990|1991|1992|1993|1994|1995|1996
development	1987|1995|1996
deviance	1995
discipline	1989
disciplines	1995
discrete	1995
documentary	1992
documentation	1995
during	1989
e	1978|1983|1987|1988|1991|1992|1993|1995
economics	1995
economy	1990
education	1990|1995
effect	1995
eligible	1978
elite	1995
emait	1995
en	1977|1978|1979|1980|1981|1982|1983|1984|1985|1986|1987|1988|1989|1990|1991|1992|1993|1994|1995|1996
encyclopedia	1977|1978|1979|1980|1981|1982|1983|1984|1985|1986|1987|1988|1989|1990|1991|1992|1993|1994|1995|1996
energy	1987
engagement	1994|1995
engine	1990|1993
entity	1994
entrepreneurship	1992
entropy	1995
equilibrium	1987
equity	1993
esky	1989|1991|1996
et	1995
ethical	1994
ethics	1994
evaluation	1993
event	1988
events	1977|1978|1979|1980|1981|1982|1983|1984|1985|1986|1987|1988|1989|1990|1991|1992|1993|1994|1995|1996
exclusion	1987|1992
export	1977|1978|1979|1980|1981|1982|1983|1984|1985|1986|1987|1988|1989|1990|1991|1992|1993|1994|1995|1996
fashion	1990|1993
fertilizer	1989
feudal	1989
fiction	1995
field	1995
fields	1996
file	1977|1978|1979|1980|1981|1982|1983|1984|1985|1986|1987|1988|1989|1990|1991|1992|1993|1994|1995|1996
film	1992|1993
filtering	1990
finance	1994
fm	1993
following	1977|1978|1979|1980|1981|1982|1983|1984|1985|1986|1987|1988|1989|1990|1991|1992|1993|1994|1995|1996
footprint	1993
for	1977|1978|1979|1980|1981|1982|1983|1984|1985|1986|1987|1988|1989|1990|1991|1992|1993|1994|1995|1996
formalized	1991
formation	1995
forum	1990
foundation	1996
fr	1979
free	1977|1978|1979|1980|1981|1982|1983|1984|1985|1986|1987|1988|1989|1990|1991|1992|1993|1994|1995|1996
friend	1995
friendship	1995
from	1977|1978|1979|1980|1981|1982|1983|1984|1985|1986|1987|1988|1989|1990|1991|1992|1993|1994|1995|1996
front	1989
future	1987
gaku	1992
game	1990
games	1993
general	1991
generally	1988
geography	1995
gold	1977|1978|1983
governance	1995
government	1994
grande	1982
group	1996
groups	1988|1995|1996
guidance	1995
hART	1987
hack	1993
has	1987|1988|1989|1990|1991|1992|1993|1994|1995|1996
have	1978|1983|1985
health	1992|1995|1996
here	1977|1978|1979|1980|1981|1982|1983|1984|1985|1986|1987|1988|1989|1990|1991|1992|1993|1994|1995|1996
historians	1989
history	1977|1978|1979|1980|1981|1982|1983|1984|1985|1986|1987|1988|1989|1990|1991|1992|1993|1994|1995|1996
house	1988
housing	1996
http	1977|1978|1979|1980|1981|1982|1983|1984|1985|1986|1987|1988|1989|1990|1991|1992|1993|1994|1995|1996
human	1990|1995
i	1984
icon	1990
ideological	1994
impact	1994
in	1977|1978|1979|1980|1981|1982|1983|1984|1985|1986|1987|1988|1989|1990|1991|1992|1993|1994|1995|1996
ina	1989|1991|1995
included	1994
includes	1988
including	1995
index	1977|1978|1979|1980|1981|1982|1983|1984|1985|1986|1987|1988|1989|1990|1991|1992|1993|1994|1995|1996
individual	1994
individuals	1995
industry	1990|1993
inequality	1996
information	1977|1978|1979|1980|1981|1982|1983|1984|1985|1986|1987|1988|1989|1990|1991|1992|1993|1994|1995|1996
infrastructure	1993
innovation	1992|1995
institution	1991
institutions	1991|1995
intelligence	1990|1995
internet	1990
intervention	1987|1996
investing	1994
involve	1988
involvement	1993
is	1977|1978|1979|1980|1981|1982|1983|1984|1985|1986|1987|1988|1989|1990|1991|1992|1993|1994|1995|1996
issue	1992
issues	1987|1992|1995
it	1978|1994
italiana	1977
j	1978
judgement	1995
juridiques	1995
justice	1995|1996
ka	1995
kel	1987|1992|1995
khidmat	1996
kleine	1977|1979|1981|1984
knowledge	1993|1996
l	1995
labor	1989
labour	1989
large	1988|1994
last	1977|1978|1979|1980|1981|1982|1983|1984|1985|1986|1987|1988|1989|1990|1991|1992|1993|1994|1995|1996
learn	1977|1978|1979|1980|1981|1982|1983|1984|1985|1986|1987|1988|1989|1990|1991|1992|1993|1994|1995|1996
learning	1990|1996
library	1987
life	1995
like	1977|1980|1981|1982
link	1977|1978|1979|1980|1981|1982|1983|1984|1985|1986|1987|1988|1989|1990|1991|1992|1993|1994|1995|1996
linking	1993
links	1977|1978|1979|1980|1981|1982|1983|1984|1985|1986|1987|1988|1989|1990|1991|1992|1993|1994|1995|1996
list	1977|1978|1979|1980|1981|1982|1983|1984|1985|1986|1987|1988|1989|1990|1991|1992|1993|1994|1995|1996
lists	1995
literature	1995
lives	1996
living	1989
logos	1988
lzisch	1995
m-g	1995
mailing	1990
main	1987|1988|1989|1990|1991|1992|1993|1994|1995|1996
management	1988|1993|1995
market	1990
marketing	1993
markets	1990
may	1977|1978|1979|1980|1981|1982|1983|1984|1985|1986|1987|1988|1989|1990|1991|1992|1993|1994|1995|1996
meaning	1995
measurement	1993
mechanisms	1991
media	1988|1989|1990|1991|1993|1995|1996
medicine	1995
meeting	1988
megiella	1995
memory	1991|1995
menu	1977|1978|1979|1980|1981|1982|1983|1984|1985|1986|1987|1988|1989|1990|1991|1992|1993|1994|1995|1996
merchants	1991
methodology	1995
metrics	1993
microcosm	1995
military	1996
million	1990
mob	1990
mobile	1990|1993
model	1987|1993|1995|1996
modelling	1995
modified	1977|1978|1979|1980|1981|1982|1983|1984|1985|1986|1987|1988|1989|1990|1991|1992|1993|1994|1995|1996
more	1977|1978|1979|1980|1981|1982|1983|1984|1985|1986|1987|1988|1989|1990|1991|1992|1993|1994|1995|1996
movement	1989
movements	1987|1989|1992
moving-knife	1995
museums	1989
must	1978
n	1987|1988|1989|1990|1991|1992|1995
n'	1983
n-l	1995
narrative	1995
natural	1989
navigation	1977|1978|1979|1980|1981|1982|1983|1984|1985|1986|1987|1988|1989|1990|1991|1992|1993|1994|1995|1996
ne	1995
needs	1995
negotiation	1995
net	1990
neto	1995
network	1990|1993|1994
networking	1990|1993
networks	1987|1990|1993
neuroscience	1995
newsroom	1993
next	1978|1983
ng	1987|1989|1991|1992|1995
no	1988
non-profit	1977|1978|1979|1980|1981|1982|1983|1984|1985|1986|1987|1988|1989|1990|1991|1992|1993|1994|1995|1996
not	1977|1978|1979|1980|1981|1982|1983|1984|1985|1986|1987|1988|1989|1990|1991|1992|1993|1994|1995|1996
nski	1995
nudity	1992
nynorsk	1988|1991|1995
observation	1995
occupations	1995|1996
of	1977|1978|1979|1980|1981|1982|1983|1984|1985|1986|1987|1988|1989|1990|1991|1992|1993|1994|1995|1996
ol	1978|1979|1983|1984|1986|1987|1993|1994|1995|1996
oldid	1977|1978|1979|1980|1981|1982|1983|1984|1985|1986|1987|1988|1989|1990|1991|1992|1993|1994|1995|1996
on	1977|1978|1979|1980|1981|1982|1983|1984|1985|1986|1987|1988|1989|1990|1991|1992|1993|1994|1995|1996
online	1993
or	1978|1983|1994
order	1995
org	1977|1978|1979|1980|1981|1982|1983|1984|1985|1986|1987|1988|1989|1990|1991|1992|1993|1994|1995|1996
organization	1977|1978|1979|1980|1981|1982|1983|1984|1985|1986|1987|1988|1989|1990|1991|1992|1993|1994|1995|1996
organizational	1995
organizations	1995|1996
organized	1989
organizing	1996
out	1977|1978|1979|1980|1981|1982|1983|1984|1985|1986|1987|1988|1989|1990|1991|1992|1993|1994|1995|1996
page	1977|1978|1979|1980|1981|1982|1983|1984|1985|1986|1987|1988|1989|1990|1991|1992|1993|1994|1995|1996
pages	1977|1978|1979|1980|1981|1982|1983|1984|1985|1986|1987|1988|1989|1990|1991|1992|1993|1994|1995|1996
paradox	1995
partying	1988
payee	1996
pedagogy	1996
people	1988|1996
period	1995
phenomenological	1995
philosophy	1987
php	1977|1978|1979|1980|1981|1982|1983|1984|1985|1986|1987|1988|1989|1990|1991|1992|1993|1994|1995|1996
phrase	1995
pi	1982
piano	1989
planned	1988
planning	1995
platinum	1978|1979|1980|1981|1982|1983|1984|1985|1986
polarization	1992
policy	1977|1978|1979|1980|1981|1982|1983|1984|1985|1986|1987|1988|1989|1990|1991|1992|1993|1994|1995|1996
political	1987|1995
portal	1977|1978|1979|1980|1981|1982|1983|1984|1985|1986|1987|1988|1989|1990|1991|1992|1993|1994|1995|1996
postulate	1995
poverty	1992
power	1987
practice	1995|1996
preferences	1995
presence	1993
previous	1978|1983
priming	1995
principles	1994|1995
problems	1992
procedure	1995
process	1996
processing	1990
profession	1996
professional	1996
program	1996
project	1992
property	1990
prostitution	1989
psychology	1995|1996
public	1993
quadruple	1985
quasi-experiments	1995
racial	1992
rbaycanca	1991|1992|1995
re	1993
reached	1978
reality	1993
rebellions	1989
recent	1977|1978|1979|1980|1981|1982|1983|1984|1985|1986|1987|1988|1989|1990|1991|1992|1993|1994|1995|1996
recruiting	1993
reflect	1977|1978|1979|1980|1981|1982|1983|1984|1985|1986|1987|1988|1989|1990|1991|1992|1993|1994|1995|1996
regalo	1982
registered	1977|1978|1979|1980|1981|1982|1983|1984|1985|1986|1987|1988|1989|1990|1991|1992|1993|1994|1995|1996
related	1988|1989|1991|1995|1996
relations	1995
religion	1995
required	1978
research	1995
responsibility	1992|1994
responsible	1994
revolution	1987|1989
revolutions	1989
rgertum	1989
rights	1992
ritual	1991
rk	1978|1983|1987|1988|1991|1992|1993|1995
rkmen	1987|1992
rn	1996
roles	1987
s	1987|1989|1991|1992|1995|1996
sales	1978
scandal	1996
schema	1995
school	1988
science	1995
sciences	1995|1996
scientific	1995
scientists	1995
search	1977|1978|1979|1980|1981|1982|1983|1984|1985|1986|1987|1988|1989|1990|1991|1992|1993|1994|1995|1996
series	1988
services	1990|1991|1992|1996
set	1988
sharing	1993
shipments	1978
sica	1982
sica_de_Espa	1982
simulation	1995
single	1978
singles	1983|1985
site	1993
sitio	1996
slavery	1989
slenska	1995
social	1987|1989|1990|1992|1993|1994|1995|1996
sociales	1995
society	1987|1990|1991|1992|1994
sociology	1989|1995
software	1990|1993
solutions	1987
song	1977|1978|1979|1980|1981|1982|1983|1984|1985|1986
songs	1978
source	1990
spillover	1995
srpski	1991|1992|1995|1996
st	1993
stages	1996
statistics	1995
stress	1992
stubs	1996
studies	1995
study	1995
su	1996
subcategories	1987|1988|1989|1990|1991|1992|1993|1995|1996
subtitling	1993
suicide	1993
support	1996
surgery	1993
sustainable	1994
synthesis	1995
system	1990|1995
systems	1991
t	1987|1989|1991|1992|1995
talking	1995
tatar	1991|1995
technologies	1992
television	1993
template	1988
terminology	1995
terms	1977|1978|1979|1980|1981|1982|1983|1984|1985|1986|1987|1988|1989|1990|1991|1992|1993|1994|1995|1996
th	1979
tha	1978
than	1984|1986|1990
that	1978|1983|1985|1994|1995
the	1977|1978|1979|1980|1981|1982|1983|1984|1985|1986|1987|1988|1989|1990|1991|1992|1993|1994|1995|1996
theory	1987|1994|1995
this	1977|1978|1979|1980|1981|1982|1983|1984|1985|1986|1987|1988|1989|1990|1991|1992|1993|1994|1995|1996
timelines	1989
title	1977|1978|1979|1980|1981|1982|1983|1984|1985|1986|1987|1988|1989|1990|1991|1992|1993|1994|1995|1996
to	1977|1978|1979|1980|1981|1982|1983|1984|1985|1986|1987|1988|1989|1990|1991|1992|1993|1994|1995|1996
tools	1977|1978|1979|1980|1981|1982|1983|1984|1985|1986|1987|1988|1989|1990|1991|1992|1993|1994|1995|1996
topic	1988|1989
total	1977|1978|1979|1980|1981|1982|1983|1984|1985|1986|1987|1988|1989|1990|1991|1992|1993|1994|1995|1996
tourism	1995
trademark	1977|1978|1979|1980|1981|1982|1983|1984|1985|1986|1987|1988|1989|1990|1991|1992|1993|1994|1995|1996
trading	1993
traditional	1991
transformation	1987
transition	1987
translucence	1990
trap	1992|1995
triple	1986
tsch	1995
tudes	1995
tzebuergesch	1989|1995
u	1995|1996
uncertainty	1995
under	1977|1978|1979|1980|1981|1982|1983|1984|1985|1986|1987|1988|1989|1990|1991|1992|1993|1994|1995|1996
units	1978
us	1977|1978|1979|1980|1981|1982|1983|1984|1985|1986|1987|1988|1989|1990|1991|1992|1993|1994|1995|1996
usage	1987
users	1990
utility	1993
v	1993
variable	1995
version	1977|1978|1979|1980|1981|1982|1983|1984|1985|1986|1987|1988|1989|1990|1991|1992|1993|1994|1995|1996
video	1993
view	1977|1978|1979|1980|1981|1982|1983|1984|1985|1986|1987|1988|1989|1990|1991|1992|1993|1994|1995|1996
violence	1992
virtual	1990
w	1977|1978|1979|1980|1981|1982|1983|1984|1985|1986|1987|1988|1989|1990|1991|1992|1993|1994|1995|1996
was	1977|1978|1979|1980|1981|1982|1983|1984|1985|1986|1987|1988|1989|1990|1991|1992|1993|1994|1995|1996
website	1990|1993
websites	1993
welfare	1996
whether	1994
which	1988|1994
white	1995
wikipedia	1977|1978|1979|1980|1981|1982|1983|1984|1985|1986|1987|1988|1989|1990|1991|1992|1993|1994|1995|1996
will	1984
wireless	1993
with	1977|1978|1979|1983|1984|1985|1988|1990|1995|1996
women	1987
work	1996
worker	1990|1996
workers	1996
working	1992
world	1989|1995
writers	1995
