'Abd	1526
'Em	1518
'N	1518
'Show	1532
-	1517|1518|1519|1520|1521|1522|1523|1524|1525|1526|1527|1528|1529|1530|1531|1532|1533|1534|1535|1536
0	1532|1535
00	1521
001	1532
01	1519
02	1529
037	1532
04	1535
050	1526
057	1532
063	1532
07	1525
08	1517|1524|1531|1532
09	1519
1	1517|1518|1519|1521|1522|1524|1526|1530|1531|1532|1533|1534|1536
1-2-3	1517
10	1521|1522|1525|1526|1527|1530|1532
100	1526|1536
105	1521
108	1536
11	1525|1526|1530|1533|1536
111	1536
112	1534
115	1532|1534
116	1523
117	1532
12	1520|1523|1524|1525|1526|1528|1530|1536
121	1536
124	1536
129	1532
13	1519|1520|1521|1522|1530|1532|1536
130	1530|1531
133	1526
136	1521|1524
14	1527|1530|1534|1536
15	1517|1530|1532|1533|1536
151	1536
154	1536
158	1536
159	1532
16	1521|1524|1525|1527|1530|1531|1534|1536
161	1526|1536
164	1536
17	1517|1521|1522|1530|1534|1536
173	1532
18	1523|1524|1525|1526|1530|1536
180	1532
188	1532
19	1517|1518|1522|1530|1534|1536
1927	1526
196	1532
1999	1517
19th-century	1522
2	1518|1519|1521|1522|1524|1525|1526|1527|1530|1532|1536
20	1519|1522|1524|1525|1526|1527|1530|1533|1536
200	1517|1518|1526|1532|1535
2006	1532
2007	1532
2008	1532
2009	1532
2010	1529|1532
2011	1526|1532
2012	1517|1518|1519|1520|1524|1527|1528|1530|1531|1532|1533|1534
2013	1521|1522|1523|1525|1532|1535|1536
202	1536
20th-century	1522
21	1526|1530|1534|1536
211	1532
213	1532
219	1526
22	1528|1530|1536
227	1518
23	1518|1523|1530
230	1532
234	1532
239	1535
24	1528|1529|1530|1536
241	1532
249	1532
25	1522|1530|1536
253	1536
26	1521|1522|1525|1530|1536
27	1526|1530|1536
28	1518|1525|1530|1531|1532|1534|1536
29	1523|1530|1532
2nd	1526
3	1517|1523|1524|1525|1526|1528|1529|1530|1531|1533|1536
30	1521|1530|1536
307	1532
31	1521|1525|1530|1533|1535
317	1532
32	1522|1534|1536
329	1532
336	1526|1536
348	1532
35	1533
358	1532
36	1527
366	1532
368	1526
37	1536
370	1532
371	1532
373	1532
38	1521|1536
380626691	1529
387	1532
389	1532
390	1536
4	1517|1519|1521|1524|1525|1526|1530|1531|1536
40	1518|1536
407	1532
42	1521|1532|1536
423001764	1526
424	1532
428	1532
43	1517|1536
433	1532
434	1532
44	1519|1527|1529
46	1525
47	1536
472	1532
476123078	1527
476290250	1533
48	1536
482	1532
484	1536
487472241	1517
488	1532
49	1522|1536
492275708	1530
495759781	1528
496897290	1532
499	1532
5	1518|1521|1523|1524|1525|1530|1532|1534|1535|1536
50	1530|1535
500458433	1524
502587994	1531
505	1532
51	1523|1526
512174480	1520
513664133	1519
518	1532
52	1523
520	1532
520294602	1534
520340298	1518
522090540	1525
53	1521
530960954	1522
532172253	1523
535	1532
535813049	1535
537309968	1521
537921175	1536
54	1534|1536
541	1526
55	1534
550	1536
553	1532
555	1532
56	1534
57	1517|1524|1533
58	1532|1535|1536
586	1532
587	1532
59	1536
597	1532
6	1521|1522|1523|1524|1526|1530|1531|1534|1536
601	1526
609	1532
62	1536
625	1524
628	1532
63	1524|1536
636	1532
65	1532
653	1532
66	1536
678	1536
68	1519
680	1532
69	1532|1536
7	1521|1524|1526|1530|1534|1536
70	1526|1536
71	1519
73	1521|1524
731	1532
734	1526
739	1532
74	1526
78	1532
8	1521|1522|1524|1525|1526|1530|1532|1536
80	1532
808	1532
812	1532
818	1526
819	1532
82	1526|1532
840	1532
843	1532
855	1532
867	1532
884	1532
9	1521|1523|1524|1525|1530|1531|1532|1534|1535|1536
90	1536
901	1532
910	1532
916	1532
930	1532
960	1517
965	1532
988	1532
993	1532
A	1517|1518|1521|1522|1524|1525|1526|1527|1528|1530|1531|1532|1534|1535|1536
AM	1526
Abd	1526
Abdelhafid	1526
Abdul-Shaheed	1526
Abgott	1526
Abidi	1526
Abiola	1526
Abir	1526
About	1517|1518|1519|1520|1521|1522|1523|1524|1525|1526|1527|1528|1529|1530|1531|1532|1533|1534|1535|1536
Abraha	1526
Abraham	1526
Abrams	1526
Abrar	1526
Absentee	1536
Absolutely	1517|1518
Abu	1526
Abune	1526
Acapella	1517
Accountancy	1536
Accounting	1536
Acharya	1522
Ackerley	1526|1527
Actions	1517|1518|1519|1520|1521|1522|1523|1524|1525|1526|1527|1528|1529|1530|1531|1532|1533|1534|1535|1536
Adam	1526|1535
Adamczyk	1526
Adams	1526
Addicted	1517
Adele	1535
Administration	1536
Administrators	1532
Adu	1535
Affair	1518
Africus	1526
Afrikaans	1536
Afrotropic	1521
After	1527
Again	1517|1518
Agerskov	1526
Aggarwal	1526
Agrawal	1526
Aguilera	1517|1518|1535
Aguirre	1526
Ahmad	1526
Ahmed	1526
Ain't	1517|1518
Aird	1526
Aja	1526
Akhudiat	1526
Akiyama	1526
Akkad	1526
Al	1526
Alam	1526
Alan	1522
Alanis	1518|1535
Albert	1526
Alec	1526
Aleeqa	1526
Alejandro	1517
Alessandro	1524
Alex	1526
Alexander	1519|1526
Ali	1522
Alice	1526
Alicia	1517|1518
Alisha	1517
Alison	1535
Alive	1517
All	1517|1518|1532|1535
Allen	1526|1535
Allende	1526
Alley	1526
Almada	1526
Alok	1526
Aloud	1535
Alpert	1517
Alphaville	1517
Alright	1517
Althaus	1526
Altheimer	1526
Always	1518
Aly	1526
Am	1517
Ama	1535
Amazing	1517
Ambassador	1527
Ambrose	1526
America	1517
American	1517|1521|1527
Ametek	1536
Amin	1526
Amit	1526
Ammar	1526
Anabolic	1526
And	1517
Anderson	1526
Andr	1522|1526
Andrea	1526|1535
Andrew	1526
Andy	1523
Ang	1526
Angel	1517|1518
Angeles	1527
Animal	1521|1534
Ann	1526
Anna	1517
Anne	1526
Annie	1535
Another	1517|1518|1535
Ansett	1526
Answering	1517
Antarctic	1521
Anthem	1518
Anthropization	1521
Antonijevic	1526
Antonios	1526
Ants	1535
Anu	1526
Any	1517
Anything	1517
Anytime	1517
Apologize	1518
Apostolov	1526
Appen	1526
April	1517|1526|1530|1532
Aquarela	1517
Aragon	1521
Aratius	1526
Archer	1526|1535
Archers	1526
Architecture	1536
Arctic	1535
Arcto-Tertiary	1521
Are	1517|1518
Area	1521
Arellano	1526
Arensdorff	1526
Argentina	1517
Argerich	1526
Argue	1526
Arismendi	1526
Arledge	1526
Army	1517
Arodaki	1526
Arokiaraj	1526
Around	1517|1518
Arrate	1526
Arrowsmith	1526
Arsenault	1526
Art	1523
Articles	1526|1532
Artur	1526
Asad	1526
Asbury	1526
Ascum	1526
Ash	1526
Astley	1535
Atkins	1526
Atlantic	1517
Atmospherics	1536
Atomic	1517
Attack	1535
Attention	1536
Attraction	1535
Attribution-ShareAlike	1517|1518|1519|1520|1521|1522|1523|1524|1525|1526|1527|1528|1529|1530|1531|1532|1533|1534|1535|1536
August	1529|1532
Augustus	1526
Austen	1531
Austin	1517
Autalummash	1526
Autobiogeography	1534
Autobiographers	1522
Autobiographies	1524
Autobiography	1525|1527
Automatic	1517
Ava	1536
Aventura	1526
Avicii	1517
Avila	1526
Avranches	1526
Avril	1518|1522
Award	1527|1535
Awards	1527|1535
Away	1517|1518
Axel	1517
Ayyub	1526
Az	1536
B	1517|1518|1519|1521|1522|1523|1524|1525|1526|1528|1529|1530|1531|1532|1533|1534|1535|1536
BLP	1526|1532
BLP_articles_lacking_sources	1532
BLPs	1532
BT	1517
Babai	1526
Baby	1517|1518
Back	1517|1518
Backward	1536
Bad	1517|1518|1526
Badilla	1526
Baer	1526
Baeza-Yates	1526
Baggett	1526
Bahasa	1519|1521|1525|1536
Bahrani	1519
Bahro	1526
Bailamos	1517
Baillie	1526
Baker	1526
Balance	1536
Balasubramaniam	1526
Baldazzini	1526
Ballet	1535
Balmaceda	1526
Balsom	1535
Banana	1517
Band	1517
Bangles	1535
Baniszewski	1526
Banton	1526
Bara	1526
Barack	1531
Barbarigo	1526
Bardhan	1526
Barker	1526
Barksdale	1526
Barnacle	1526
Barnett	1526
Barony	1526
Barrett	1526
Barrington	1526
Barros	1526
Barsauma	1526
Bary	1526
Basa	1536
Basement	1535
Bass	1517
Bassey	1535
Basto	1526
Batdance	1517
Batson	1526
Battenberg	1526
Batthy	1526
Be	1517|1518
Bear	1526
Beat	1517
Beatles	1535
Beatriz	1526
Beattie	1526
Beaulieu	1526
Beautiful	1517|1518|1535
Because	1518
Beck	1526|1535
Bedard	1526
Bedford	1526
Bedingfield	1517|1535
Bedtime	1517
Bee	1535
Been	1518
Beeno	1526
Before	1517
Beija	1526
Being	1518
Belaya	1526
Belford	1526
Believe	1517
Belle	1535
Belyakova	1526
BenAmots	1526
Benchabla	1526
Bended	1518
Benjamin	1535
Benny	1522
Benson	1526
Bent	1518
Bernard	1535
Berry	1526
Bertolt	1526
Best	1517
Betances	1526
Beth	1535
Better	1517
Bettina	1526
Betty	1535
Beverley	1535
Beyonc	1517|1518|1535
Bez	1526
Bhargav	1526
Bhargava	1526
Bhatia	1526
Bhoy	1526
Big	1517|1518|1526
Bilerman	1526
Billboard	1517|1518
Billboard's	1518
Billboard_Hot_Dance_Club_Songs_number-one_singles	1517
Billboard_Mainstream_Top_40_	1518
Billie	1517
Billionaire	1519
Billionaires	1519
Binney	1526
Bio	1528
Biocoenosis	1521
Bioengineering	1520
Biogeochemical	1521
Biogeographers	1521
Biogeographic	1521
Biogeography	1521
Biographers	1522|1525
Biographical	1523|1524|1525|1529
Biographical_museums	1523
Biographical_works	1524
Biographies	1524|1525|1526
Biography	1522|1523|1524|1525|1526|1527|1528|1529|1530|1531|1532
Biography_Channel_shows	1528
Biography_articles_needing_attention	1526
Biography_awards	1527
Biography_journals	1529
Biography_portal	1530
Biography_portals	1531
Biological	1520
Biomes	1521
Biomics	1521
Biotone	1521
Birch	1526
Bitch	1518
Bj	1535
Black	1519|1527
Blanco	1526
Blauensteiner	1526
Bleeding	1518
Blias	1526
Blige	1518
Blow	1517|1518
Blue	1517|1526|1535
Blunt	1535
Blur	1535
Blurton	1526
Boarisch	1521|1525
Bob	1523|1535
Bocelli	1535
Boddington	1526
Bodindecha	1526
Body	1518
Boere	1526
Boggia	1526
Bograd	1527
Boi	1518
Bol	1523
Bolster	1521
Bomb	1517|1526
Bon	1535
Bone	1526
Bonjour	1526
Bonn	1526
Bonnell	1526
Boo	1535
Boogie	1517|1533
Boogie_	1533
Book	1517|1527
Boom	1518
Booth	1526
Booth-Tucker	1526
Borges	1526
Born	1517|1518
Borovansky	1526
Bosanski	1521|1534|1536
Boss	1517
Bossy	1517
Bottle	1517
Bottrill	1526
Bouboulidi	1526
Bouvier	1526
Bow	1518
Bowie	1535
Box	1517
Boy	1517|1518
Boys	1526|1535
Brady	1526
Brain	1526
Branches	1534
Branches_of_geography	1534
Brand	1517
Brandt	1526
Brank	1526
Branson	1526
Brasil	1517
Brattain	1526
Brawley	1526
Break	1517|1518
Breakin'	1517
Breaking	1517
Breath	1517
Breathe	1517
Brecht	1526
Breen	1526
Brian	1526|1535
Brieden	1526
Brief	1525
Brigit	1526
Brignell	1526
Brill	1526
Bring	1518
Brit	1535
Brit_Award_winners	1535
British	1519
Britney	1517
Britten	1535
Brodbeck	1526
Broderick	1526
Brokenhearted	1517
Brokoff	1526
Bronques	1526
Brooks	1518
Bros	1535
Brothers	1535
Brown	1517|1526
Brownell	1526
Bruce	1526
Brumaire	1526
Bruno	1518
Bruns	1526
Bryan	1522
Buchanan	1526
Buck-O-Nine	1526
Buckland	1526
Budapest	1523
Buffalo	1517
Bull	1526
Bulletproof	1517
Burdi	1526
Burgess	1522
Burke	1522
Burns	1526
Burson	1526
Burton	1517|1526
Bush	1526|1535
Business	1536
Businesspeople	1536
Busted	1535
But	1517
Butera	1526
Butler	1526|1535
Buttons	1517|1518
By	1517
By2	1526
C	1517|1518|1519|1521|1522|1523|1524|1525|1526|1527|1528|1530|1531|1532|1533|1534|1535|1536
C'est	1517
C'mon	1517
Cabada	1526
Cabas	1526
Cabaud	1522
Cagliostro	1524
California	1517|1518
Call	1517|1518
Calling	1517
Came	1518
Can	1517
Can't	1517|1518
Canada	1528
Canned	1517
Cannibals	1535
Carbon	1521
Carey	1518
Caribbean	1517
Carla	1526
Carlos	1526
Carolyn	1522
Carroll	1535
Cartography	1534
Castillo	1526
Catal	1521|1536
Catch	1517
Categories	1517|1518|1519|1521|1522|1523|1524|1525|1526|1527|1528|1529|1530|1531|1532|1533|1534|1535|1536
Category	1517|1518|1519|1520|1521|1522|1523|1524|1525|1526|1527|1528|1529|1530|1531|1532|1533|1534|1535|1536
Catherine	1526
Caught	1517
Causing	1517
Cebuano	1536
Cee	1518|1535
Celebration	1517
Celebrity	1522|1528
Census	1521
Cent	1535
Central	1521|1536
Certain	1517
Certified	1536
Cha	1517
Change	1517
Channel	1525|1528
Chapman	1535
Charles	1531
Charlie	1535
Chasing	1517
Check	1517|1518
Chemical	1535
Chemosynthetic	1521
Cher	1517
Cherchez	1517
Cherry	1535
Chic	1517
Chiefs	1535
Child	1535
Children	1517
Chili	1535
Chimes	1517
Chokehold	1518
Chorography	1534
Chorology	1521
Chris	1517|1526|1535
Christina	1517|1518|1535
Christine	1526
Chung	1517
Circle	1527
Circles	1517
Circus	1518
Citizenship	1536
City	1517
Clapton	1535
Clarkson	1518
Classification	1525
Clerihew	1525
Cliff	1535
Closer	1517
Closure	1536
Club	1517|1518|1535
Co-creation	1536
Coconuts	1535
Code	1521
Cognitive	1536
Cold	1518
Coldplay	1535
Collide	1517
Collins	1535
Come	1517
Coming	1517|1518
Commander	1517|1536
Commerce	1536
Commons	1517|1518|1519|1520|1521|1522|1523|1524|1525|1526|1527|1528|1529|1530|1531|1532|1533|1534|1535|1536
Commotion	1517
Community	1517|1518|1519|1520|1521|1522|1523|1524|1525|1526|1527|1528|1529|1530|1531|1532|1533|1534|1535|1536
Companies	1536
Company	1517
Complicated	1518
Consumer	1536
Contact	1517|1518|1519|1520|1521|1522|1523|1524|1525|1526|1527|1528|1529|1530|1531|1532|1533|1534|1535|1536
Contents	1517|1518|1519|1520|1521|1522|1523|1524|1525|1526|1527|1528|1529|1530|1531|1532|1533|1534|1535|1536
Continuity	1536
Control	1517
Controversy	1517
Cook	1535
Cool	1517
Cooper	1527
Corey	1526
Corporate	1536
Corrs	1535
Cosmopolitan	1521
Cost	1518|1536
Costa	1527
Could	1517
Count	1526
Counter	1536
Covington	1535
Craig	1526
Craven	1535
Crawford	1535
Crazy	1517|1518
Create	1517|1518|1519|1520|1521|1522|1523|1524|1525|1526|1527|1528|1529|1530|1531|1532|1533|1534|1535|1536
Creative	1517|1518|1519|1520|1521|1522|1523|1524|1525|1526|1527|1528|1529|1530|1531|1532|1533|1534|1535|1536
Creole	1535
Crew	1535
Critics	1527
Crow	1518|1535
Crowded	1535
Crowdsourcing	1536
Cry	1517|1518
Crying	1517
Crystal	1517
Culture	1535
Cupid's	1518
Cure	1535
Current	1517|1518|1519|1520|1521|1522|1523|1524|1525|1526|1527|1528|1529|1530|1531|1532|1533|1534|1535|1536
Curtis	1526
Customer	1536
Cymraeg	1519|1536
D	1517|1518|1521|1522|1526|1527|1530|1531|1532|1535|1536
D'Arby	1535
DJ	1517
DNB	1526
Da	1517
Daa	1517
Daft	1517
Dan	1526
Dance	1517|1518
Dance-pop	1517
Dancer	1517
Dancin'	1517
Dancing	1517
Dangerous	1517
Daniel	1526|1535
Danny	1526
Dansk	1522|1525|1536
Dare	1517
Dark	1517
Darkness	1535
Daughtry	1518
David	1522|1526|1535
Dawn	1535
Day	1517|1518|1535
Dayne	1517
Days	1517
December	1530|1532
Decimal	1525
Decoded	1528
Deep	1517|1518
Deep-Water	1521
Deeper	1517
Deeply	1518
Del	1535
Demand	1536
Depeche	1535
Deputy	1517
Des'ree	1535
Destiny's	1535
Deutsch	1521|1523|1525
Devil	1517
Devil's	1517
Dexys	1535
Diamonds	1517
Diana	1517
Diary	1517
Dickens	1531
Did	1517|1518|1530
Dido	1535
Die	1517|1518
Dieter	1526
Different	1517
Digger	1518
Dilemma	1518
Din	1517
Dina	1535
Dioskoros	1526
Dip	1517
Dire	1535
Direction	1535
Dirty	1517
Dis	1517
Disadvantaged	1536
Disappointment	1536
Disciple	1517
Disclaimers	1517|1518|1519|1520|1521|1522|1523|1524|1525|1526|1527|1528|1529|1530|1531|1532|1533|1534|1535|1536
Disco	1517
Discographers	1522
Discoth	1517
Disjunct	1521
Distribution	1536
Distributions	1521
Disturbia	1517|1518
Diva	1517
Diversity	1521
Divine	1517
Dizzee	1535
Dmitry	1519
Do	1517|1518|1532
Doesn't	1518
Doin'	1517
Dolls	1518
Domestic	1536
Dominique	1526
Domino	1517
Don't	1517|1518
Donate	1517|1518|1519|1520|1521|1522|1523|1524|1525|1526|1527|1528|1529|1530|1531|1532|1533|1534|1535|1536
Donna	1526
Door-to-door	1536
Dorn	1526
Doubt	1518
Down	1518
Download	1517|1518|1519|1520|1521|1522|1523|1524|1525|1526|1527|1528|1529|1530|1531|1532|1533|1534|1535|1536
Drainie-Taylor	1527
Dream	1518
Dreamer	1517
Dreamlover	1518
Duck	1536
Duff	1527
Duffy	1535
Duran	1535
Dynamite	1535
E	1518|1521|1522|1524|1527|1528|1532|1534|1535|1536
E-lancing	1536
EPG	1536
Eastern	1521
Eclipse	1518
Ecogeographic	1521
Ecological	1521
Economic	1534
Ecoprovince	1521
Ecoregion	1521
Ecoregions	1521
Ecosystems	1521
Ecotone	1521
Ed	1535
Edaphic	1521
Eddi	1535
Edit	1517|1518|1519|1520|1521|1522|1523|1524|1525|1526|1527|1528|1529|1530|1531|1532|1533|1534|1535|1536
Edmund	1526
Ednaswap	1518
Edouard	1526
Edwin	1517|1526
Eels	1535
Eesti	1521|1536
Effective	1521
Elbow	1535
Electronic	1533
Elevational	1521
Eliecer	1523
Elizabeth	1527
Ellie	1518|1535
Elton	1535
Elvira	1526
Emeli	1535
Emeterio	1526
Emili	1525
Eminem	1535
Emotions	1517
Employee	1536
Encalada	1526
Encore	1536
Encounters	1528
End	1517|1518
Endemism	1521
Ending	1518
England	1522
English	1519|1522|1532|1534|1535|1536
Eno	1535
Enough	1518
Enrique	1517|1526
Entering	1517
Entrepreneurship	1536
Environmental	1521
Ephraim	1526
Equality	1536
Erasure	1517|1535
Eric	1535
Ernst	1526
Espa	1517|1518|1519|1521|1522|1523|1525|1535|1536
Esperanto	1519|1521|1523|1525|1536
Eternal	1517
Ethan	1535
Eug	1526
Eugene	1526
Eurythmics	1535
Euskara	1519|1521|1536
Eva	1526
Every	1518
Everything	1518
Expos	1517
Extinction	1521
Eyre	1522
F	1517|1518|1519|1521|1522|1525|1526|1528|1532|1535|1536
Face	1518
Fairground	1535
Fake	1517
Fall	1517
Fallin'	1518
Falling	1517|1518
Family	1518|1525
Fantasy	1518
Far	1518
Fast-moving	1536
Featured	1517|1518|1519|1520|1521|1522|1523|1524|1525|1526|1527|1528|1529|1530|1531|1532|1533|1534|1535|1536
February	1521|1525|1527|1530|1532|1533|1536
Feel	1517
Feeling	1517|1518
Feet	1518
Feldman	1526
Female	1519
Femme	1517
Ferdinand	1526|1535
Fergie	1518
Fernando	1526
Fictional	1525
Fighters	1535
Fila	1526
Final	1528
Finance	1536
Fine	1535
Finley	1535
Fire	1518
Firework	1518
Five	1535
Fleetwood	1535
Flor	1526
Flora	1521
Florence	1535
Floristic	1521
Floristics	1521
Fly	1517|1518
Foo	1535
Foolish	1518
For	1525
For-profit	1536
Forbes	1519
Forests	1521
Forever	1518
Forget	1517
Forgive	1517
Foundation	1517|1518|1519|1520|1521|1522|1523|1524|1525|1526|1527|1528|1529|1530|1531|1532|1533|1534|1535|1536
Fran	1517|1519|1521|1522|1525|1532
France	1517
Frank	1526
Frankie	1535
Franz	1522|1535
Fratellis	1535
Freda	1517
Freddie	1535
Frederick	1526
Free	1536
Friday	1518
Friedrich	1526
Friend	1517
Frolic	1526
From	1517|1518|1519|1520|1521|1522|1523|1524|1525|1526|1527|1528|1529|1530|1531|1532|1533|1534|1535|1536
Fuck	1518
Fuckin'	1518
Fugees	1535
Fun	1517
Functional	1536
Funk	1517|1533
Funny	1518
Furtado	1535
Further	1517
Future	1521
G	1517|1518|1521|1522|1523|1528|1532|1534|1535|1536
Gabriel	1535
Gabrielle	1535
Gaeilge	1536
Gaelg	1521|1534|1536
Gaga	1518|1535
Gagauz	1525
Gaitan	1523
Galego	1525
Games	1518
Gang	1517
Garden	1518
Garfunkel	1535
Gary	1526
Gavin	1526
Gees	1535
Geldof	1535
GenGIS	1521
Genealogical	1529
Genres	1525
Geodemography	1534
Geodispersal	1521
Geoflora	1521
Geographical	1521
Geography	1534
Geomorphometry	1534
George	1517|1526|1535
Gertrude	1522|1526
Get	1517|1518
Ghostly	1528
Ghostwriters	1522
Giay	1522
Gilvam	1526
Gino	1517
Gioia	1526
Girl	1518
Girlfriend	1517|1518
Girls	1517|1518|1535
Give	1518
Gives	1518
Giving	1536
Glad	1518
Glass	1518|1523
Globalization	1536
Glossary	1536
Glover	1535
Go	1517|1518|1535
Godden	1522
Goes	1517|1518|1535
Goin'	1517
Going	1517
Gold	1517|1518
Goldfrapp	1517
Goncourt	1527
Gondwana	1521
Gone	1518
Gonna	1518
Goo	1518
Good	1517|1518
Gordon	1517
Gori	1523
Got	1518
Gotta	1518
Goulding	1518|1535
Govind	1526
Gradient	1521
Grasslands	1521
Gray	1535|1536
Great	1521|1526
Green	1518|1535
Gregory	1526
Grenade	1518
Grisell	1526
Guggenheim	1523
Gulf	1521
Gun	1517
Gurls	1517|1518
Guzm	1526
Gwen	1517
H	1518|1519|1521|1522|1532|1534|1535|1536
Habib	1526
Habits	1517
Hagiographers	1522
Hakeem	1526
Hall	1517
Hammer	1535
Hannah	1535
Happen	1517
Happy	1518
Harold	1517
Harum	1535
Have	1518
Head	1517|1518
Health	1534
Heart	1517|1518
Hearts	1518
Heat	1517
Heinrich	1526
Hell	1518
Help	1517|1518|1519|1520|1521|1522|1523|1524|1525|1526|1527|1528|1529|1530|1531|1532|1533|1534|1535|1536
Hemiboreal	1521
Her	1517
Herb	1517
Here	1518
Herminia	1526
Hero	1518
Herre	1518
Heteropatric	1521
Hey	1518
Hidden	1520|1522|1526|1532|1536
High-technology	1536
Highlands	1521
Hikaru	1517
Hinduja	1519
Hips	1518
His	1518
Historians	1522
History	1525|1527
Hit	1518
Holarctic	1521
Hollaback	1518
Hollywood	1535
Hoobastank	1518
Hooper	1535
Horn	1535
Hot	1517|1518|1535
House	1523|1535
Housemartins	1535
Houser	1526
How	1518
Howard	1526
However	1517
Hrvatski	1521
Hucknall	1535
Huey	1535
Human	1534|1535
Humanities	1529
Humans	1525
Hutchence	1535
I	1517|1518|1521|1522|1523|1528|1530|1532|1535|1536
I'll	1518
I'm	1517|1518
III	1526
IMDb	1526
INXS	1535
Ian	1526
Ibn	1522
Ice	1517
Ido	1534|1536
Iglesias	1517
Ignition	1518
Image	1530
In	1518
Inc	1517|1518|1519|1520|1521|1522|1523|1524|1525|1526|1527|1528|1529|1530|1531|1532|1533|1534|1535|1536
Incorrectly	1526
Independent	1518
India	1521
Indigenous	1521
Indo-Pacific	1521
Indomalaya	1521
Indonesia	1521|1525|1536
Industry	1536
Indy	1535
Inferno	1517
Information	1521|1536
Ingrid	1526
Inner	1517
Innovation	1536
Inose	1522
Inside	1517
Insulantarctica	1521
Intangible	1536
Interaction	1517|1518|1519|1520|1521|1522|1523|1524|1525|1526|1527|1528|1529|1530|1531|1532|1533|1534|1535|1536
Interchange	1521
Interlingua	1534|1536
International	1521|1523|1536
Interoperable	1536
Intro	1530
Introduced	1521
Ira	1526
Iris	1518
Iron	1535
Ironic	1518
Irreplaceable	1518
Is	1517
Ishaq	1522
Island	1521
It	1517|1518|1522|1527|1532|1536
It's	1518
Italiano	1522|1525
Ivan	1526
Iyaz	1518
J	1517|1518|1521|1523|1525|1526|1527|1529|1532|1535|1536
JLS	1535
JUICE	1521
Jack	1535
Jackson	1517|1518|1535
Jacqueline	1527
Jagadguru	1531
Jagger	1518
James	1526|1527|1535
Jane	1531
Janet	1517|1518
January	1522|1523|1530|1532|1535
Japan	1517|1526
Jason	1526
Javier	1526
Jaxx	1535
Jay	1518
Jay-Z	1535
Jean	1517
Jenny	1517
Jesse	1518
Jessie	1517|1535
Jesuit	1522
Jim	1526
Jiro	1526
Joey	1526
Johanne	1526
John	1522|1526|1535
Johns	1535
Johnson	1535
Joli	1517
Jon	1535
Jones	1535
Jorge	1523
Jos	1526
Joseph	1523
Journal	1529
Jovi	1535
Joyalukkas	1536
Jr	1526
Judith	1522
Jules	1522
Julia	1526
Julian	1535
Julie	1535
July	1524|1530|1531|1532
Jump	1517|1518|1519|1520|1521|1522|1523|1524|1525|1526|1527|1528|1529|1530|1531|1532|1533|1534|1535|1536
Jumpin'	1518
June	1528|1530|1532
Just	1518
Justin	1518
K	1518|1522|1532|1535|1536
KLF	1535
Kaiser	1535
Kanye	1518
Karl	1526
Karmin	1517
Kasabian	1535
Kashkar	1526
Kate	1535
Katy	1518|1535
Keane	1535
Kelis	1535
Kelly	1518
Kenneth	1526
Kernowek	1536
Kesha	1518
Keys	1517|1518
Kid	1535
Kildare	1526
Kill	1518
Killers	1535
Killing	1518
Kimberley	1517
Kind	1517
Kingdom	1521|1535|1536
Kingdomality	1536
Kings	1535
Kiss	1517|1518
Knee	1518
Knew	1518
Knopfler	1535
Know	1518
Knowles	1517|1518|1535
Kool	1517
Kravitz	1518|1535
Kreesha	1517
Krinitsa	1526
Kryptonite	1518
Kukrit's	1523
Kula	1535
Kylie	1535
L	1518|1519|1521|1522|1523|1524|1526|1527|1532|1535|1536
La	1517
Ladies	1518
Ladislav	1526
Lady	1518|1535
Lana	1535
Land	1521
Landscape	1521
Languages	1517|1518|1519|1521|1522|1523|1524|1525|1530|1531|1532|1534|1535|1536
Last	1517|1518
Latga	1536
Latina	1521|1536
Latvie	1521|1525|1530|1534|1536
Laura	1526
Laurahartley	1536
Lavigne	1518
Lawrence	1521
Layout	1530
League	1535
Lean	1536
Leave	1517|1518
Leavin'	1518
Leckie	1535
Legal	1536
Legends	1528
Lemar	1535
Lennon	1535
Lennox	1535
Lenny	1518|1535
Leon	1535
Leona	1517
Les	1526
Let	1517|1518
Level	1535
Leventio	1523
Lewis	1517|1535
Lewis-Stempel	1522
Liar	1517
Liberty	1535
Library	1525
License	1517|1518|1519|1520|1521|1522|1523|1524|1525|1526|1527|1528|1529|1530|1531|1532|1533|1534|1535|1536
Lie	1518
Lies	1517
Lietuvi	1519|1521|1536
Life	1517|1518|1521
Lights	1518
Likely	1517
Lily	1526|1535
Lindsay	1517
Line	1521
Lips	1518
Lisa	1517|1526|1535
List	1519|1521|1522|1535|1536
Listen	1518
Lists	1517|1519
Literary	1523|1527
Little	1517
Liudmila	1526
Live	1518
Livin'	1518
Lloyd	1535
Lo	1518|1535
Loaf	1526
Loca	1518
Local	1536
Locke	1517
Loeb	1535
Log	1517|1518|1519|1520|1521|1522|1523|1524|1525|1526|1527|1528|1529|1530|1531|1532|1533|1534|1535|1536
Lohan	1517
Lonely	1518
Longford	1527
Look	1517
Lopez	1523
Los	1527
Lose	1517|1518
Lou	1526
Love	1517|1518
LoveGame	1518
Loved	1518
Lovefool	1518
Lover	1517
Lovers	1517
Low	1517
Luck	1517
Lullaby	1518
M	1518|1519|1521|1522|1523|1524|1525|1526|1527|1532|1534|1535|1536
MC	1535
MMMBop	1518
Mac	1535
Machine	1535
Macy	1535
Madagascar	1521
Madly	1518
Madonna	1517|1518|1535
Maiden	1535
Main	1517|1518|1519|1520|1521|1522|1523|1524|1525|1526|1527|1528|1529|1530|1531|1532|1533|1534|1535|1536
Mainstream	1518
Make	1518
Malagasy	1525
Man	1517
Management	1536
Manic	1535
Manuel	1526
Marcel	1527
Marcellinus	1522
March	1530|1532
Mariah	1518
Mariana	1526
Marine	1521
Mark	1535
Market	1536
Marketing	1536
Marley	1523
Marmalade	1518
Maroon	1518
Mars	1518
Marsh	1527
Martha	1526
Martin	1535
Marton	1523
Marvie	1526
Marvin	1526
Mary	1518
Massive	1535
Matthew	1526
May	1530|1532
Maybe	1518
McCartney	1518|1535
McCombs	1519
McFly	1535
McGregor	1523
McLean	1526
Me	1517|1518
Meaning	1518
Medical	1529
Medley	1517
Megadiverse	1521
Melayu	1519|1521|1525|1536
Melvin	1517
Memorial	1527
Mercury	1535
Meredith	1518
Mergers	1536
Merlin	1526
Mersch	1522
Metabiography	1525
Michael	1517|1526|1535
Mick	1535
Midnight	1535
Mika	1535
Mikha	1526
Miles	1518|1535
Military	1534
Mind	1517|1518
Minogue	1535
Minutes	1517
Mirand	1521
Miss	1518
Missed	1518
Missing	1518
Misunderstood	1517
Mitt	1531
Mobile	1517|1518|1519|1520|1521|1522|1523|1524|1525|1526|1527|1528|1529|1530|1531|1532|1533|1534|1535|1536
Mode	1535
Model	1536
Modern	1523
Monaco	1523
Monday	1517
Monkeys	1535
More	1518
Morissette	1518|1535
Morning	1518
Morrison	1535
Mousa	1522
Moustapha	1526
Moves	1518
Moyet	1535
Mr	1517
Ms	1535
Muhsin	1526
Mullins	1518
Mumford	1535
Murder	1526
Muse	1535
Museum	1523
Museums	1523
Music	1535
My	1517|1518
Mystique	1517
N	1518|1519|1521|1522|1523|1527|1528|1529|1532|1535|1536
Nakane	1522
Namespaces	1517|1518|1519|1520|1521|1522|1523|1524|1525|1526|1527|1528|1529|1530|1531|1532|1533|1534|1535|1536
Nancy	1526
Naoki	1522
Napoleon	1523
Nara	1522
Nash	1535
Natasha	1517
Nath	1522
Nathan	1526
National	1527
Navigation	1517|1518|1519|1520|1521|1522|1523|1524|1525|1526|1527|1528|1529|1530|1531|1532|1533|1534|1535|1536
Navy	1526
Ne-Yo	1517
Neal	1526
Near	1517
Nearctic	1521
Nederlands	1521|1525|1536
Need	1517
Nellee	1535
Nelly	1518|1535
Neneh	1535
Neotropic	1521
Neozealandia	1521
Nerve	1528
Netfrastructure	1536
Networks	1528
Neuston	1521
Nevil	1517
New	1517|1529|1535
News	1535
Nickelback	1518
Nicole	1526
Niemetschek	1522
Nigel	1526
Night	1517|1518
Nightmares	1528
Nikola	1524
Nirvana	1535
Nite	1517
Nitrogen	1521
Niyi	1535
No	1517|1518
Nobody	1517
Nomenclature	1521
Non-fiction	1525
Norah	1535
Norman	1535
Norsk	1521|1525|1535|1536
Northern	1521
Not	1517|1518
Note	1520
Notes	1517
Nothin'	1517|1518
Nothing	1517
Notorious	1528
November	1532
Now	1518
Nu	1526
Number-one	1517|1518
O	1518|1521|1523|1525|1531|1532|1535|1536
O'Connor	1535
Oasis	1535
Obadiah	1526
Obama	1531
Occitan	1521
Ocean	1521
Oceania	1521
October	1518|1532|1534
Odell	1535
Odessa	1523
Off	1518
Office	1536
Omraam	1526
On	1517|1518
One	1517|1518|1535
Only	1518
Oogie	1517
Oops	1518
Open-book	1536
Operating	1536
Operations	1536
Oral	1525
Orchestra	1535
Order	1517|1535
Orders	1536
Ordinary	1518
Organizational	1536
Orion	1526
Orson	1535
Orton	1535
Oscar	1531
Osmany	1523
Other	1517
Out	1517|1518
Over	1518
Overachievement	1536
P	1517|1518|1519|1521|1522|1523|1524|1525|1526|1527|1530|1531|1532|1533|1534|1535|1536
PDF	1517|1518|1519|1520|1521|1522|1523|1524|1525|1526|1527|1528|1529|1530|1531|1532|1533|1534|1535|1536
PEN	1527
Pacific	1521
Page	1517|1518|1519|1520|1521|1522|1523|1524|1525|1526|1527|1528|1529|1530|1531|1532|1533|1534|1535|1536
Pages	1517|1518|1519|1521|1522|1523|1525|1526|1527|1528|1529|1530|1531|1533|1534|1535|1536
Palace	1536
Palaearctic	1521
Palaeotropical	1521
Palearctic	1521
Palmer	1535
Panbiogeography	1521
Pantropical	1521
Paparazzi	1518
Partner	1536
Party	1517|1518
Pat	1526
Patch	1521
Patti	1517
Paul	1526|1535
Payne	1517
Payphone	1518
Peat	1522
People	1517|1519|1525|1526|1535
Peppers	1535
Perfect	1518
Permanent	1517|1518|1519|1520|1521|1522|1523|1524|1525|1526|1527|1528|1529|1530|1531|1532|1533|1534|1535|1536
Pero	1522
Perry	1518|1535
Person	1525
Personal	1517|1518|1519|1520|1521|1522|1523|1524|1525|1526|1527|1528|1529|1530|1531|1532|1533|1534|1535|1536
Persondata	1526
Persons	1519
Pet	1535
Peter	1535
Phil	1535
Philharmonic	1535
Philosophy	1534
Photobiography	1525
Phylogeography	1521
Physical	1521|1534
Physiographic	1534
Phytogeography	1521
Phytosociology	1521
Pieces	1518
Pink	1535
Pitbull	1518
Plaatje	1523
Plan	1535
Planetary	1534
Planned	1536
Plant	1521
Play	1517
Please	1527|1532
Pointer	1517
Poker	1518
Police	1535
Policy	1536
Political	1534
Pollitzer	1527
Polski	1521|1523|1525|1531
Polybiography	1525
Pop	1517|1518
Pop_Songs	1518
Populations	1521
Portal	1525|1530|1531|1536
Portugu	1517|1518|1519|1521|1523|1534|1535|1536
Possessive	1517
Post-disco	1533
Post-transaction	1536
Potter	1535
Pow	1518
Power	1517
Pranab	1526
Preachers	1535
Price	1536
Price-based	1536
Pricing	1536
Prince	1535
Print	1517|1518|1519|1520|1521|1522|1523|1524|1525|1526|1527|1528|1529|1530|1531|1532|1533|1534|1535|1536
Printable	1517|1518|1519|1520|1521|1522|1523|1524|1525|1526|1527|1528|1529|1530|1531|1532|1533|1534|1535|1536
Privacy	1517|1518|1519|1520|1521|1522|1523|1524|1525|1526|1527|1528|1529|1530|1531|1532|1533|1534|1535|1536
Prix	1527
Prize	1527
Procol	1535
Procurement	1536
Prodigy	1535
Professional	1536
Promiscuous	1518
Promotion	1536
Psychic	1536
Public	1536
Pulitzer	1527
Punk	1517
Pushkin	1523
Put	1518
Putilov	1519
Pyman	1522
Q	1521|1523|1530|1532|1535|1536
QDGC	1521
Qualifying	1536
Quarterly	1536
Quaye	1535
Queen	1517|1535
Quinta	1523
Quote	1530
R	1518|1521|1522|1523|1524|1526|1531|1532|1534|1535|1536
Rafael	1526
Rain	1518
Raise	1518
Ralph	1526
Ram	1526
Rambhadracharya	1531
Random	1517|1518|1519|1520|1521|1522|1523|1524|1525|1526|1527|1528|1529|1530|1531|1532|1533|1534|1535|1536
Randy	1535
Range	1521
Rascal	1535
Rattle	1535
Raw	1528
Ray	1518
Raymond	1526
Read	1517|1518|1519|1520|1521|1522|1523|1524|1525|1526|1527|1528|1529|1530|1531|1532|1533|1534|1535|1536
Reader	1535
Ready	1517
Real	1518
Reason	1518
Recent	1517|1518|1519|1520|1521|1522|1523|1524|1525|1526|1527|1528|1529|1530|1531|1532|1533|1534|1535|1536
Record	1529
Recording	1521
Red	1519|1535
Refugium	1521
Reg	1526
Regina	1517
Regional	1534
Register	1521
Related	1517|1518|1519|1520|1521|1522|1523|1524|1525|1526|1527|1528|1529|1530|1531|1532|1533|1534|1535|1536
Relict	1521
Religion	1536
Rembrandts	1518
Remind	1518
Remix	1518
Rent	1517
Replay	1518
Retail	1536
Retrieved	1517|1518|1519|1520|1521|1522|1523|1524|1525|1526|1527|1528|1529|1530|1531|1532|1533|1534|1535|1536
Revenue	1536
Rey	1535
Ricardo	1526
Richard	1522|1535
Rick	1535
Rifqa	1526
Right	1518
Rihanna	1517|1518|1535
Ring	1518
Rita	1526
Rizal	1523
Road	1518
Robbie	1517
Robert	1526|1535
Roberto	1526
Rock	1518
Rolling	1518
Rom	1519|1521|1525|1534|1535|1536
Roman-era	1522
Romance	1517|1518
Romney	1531
Ronson	1535
Roomorama	1536
Roone	1526
Roots	1517
Rose	1518
Ross	1517
Roux	1517
Royal	1526|1535
Rude	1518
Rudolf	1526
Rule	1536
Run	1518
Runners	1535
Rushent	1535
Ruth	1526|1535
S	1518|1519|1521|1522|1523|1524|1527|1528|1531|1532|1534|1535|1536
SEO	1536
SOS	1518
Sade	1535
Sadie	1526
Sagu	1535
Saint	1526
Saints	1535
Sales	1536
Samuel	1526
Sand	1535
Sara	1522
Sardu	1525
Savage	1518
Save	1518
Say	1518
Schedule	1536
Scheme	1521
Science	1536
Scissor	1535
Scrubs	1518
Seal	1517|1535
Sean	1518
Search	1517|1518|1519|1520|1521|1522|1523|1524|1525|1526|1527|1528|1529|1530|1531|1532|1533|1534|1535|1536
Sebastian	1535
See	1517|1518|1519|1520|1521|1522|1523|1524|1525|1526|1527|1528|1529|1530|1531|1532|1533|1534|1535|1536
Selected	1530
Selling	1536
Semi-Charmed	1518
Sensuality	1517
September	1519|1520|1530|1532
Serene	1526
Sergio	1526
Service	1517
Serviced	1536
Set	1518
Settlement	1534
Sexy	1517
SexyBack	1518
Shaggy	1518|1535
Shake	1518
Shaker	1535
Shakespeare	1531
Shakespears	1535
Shakira	1517
Sharaf	1522
Shareholder	1536
Shatner's	1528
Shawn	1518
She	1517|1518
Sheeran	1535
Sheryl	1518|1535
Shirley	1535
Shola	1535
Shop	1535
Show	1518
Shqip	1534|1536
Shrine	1523
Shrubland	1521
Sick	1518
Side	1517
Sign	1518
Simi	1522
Simon	1535
Simone	1526
Simple	1519|1522|1532|1534|1535|1536
Simply	1535
Simpson	1535
Sin	1535
Since	1518
Single	1518
Sister	1535
Sisters	1517|1526|1535
Sk8er	1518
Skanderbeg	1523
Skies	1517
Sky	1521
Slide	1518
Sloven	1521|1525|1532|1535|1536
Small	1536
Smooth	1518
So	1518|1535
Soccio	1517
Society	1531|1536
Softly	1518
Sol	1523
Solid	1535
Somebody	1518
Sometimes	1518
Song	1517|1518
Songs	1517|1518
Sonique	1535
Sons	1535
Soomaaliga	1536
Sounds	1517
South	1535
Spandau	1535
Spatial	1521
Speak	1518
Spearritt	1535
Spears	1517
Special	1517|1518|1519|1520|1521|1522|1523|1524|1525|1526|1527|1528|1529|1530|1531|1532|1533|1534|1535|1536
Species	1521
Specsavers	1527
Speed	1536
Sports	1536
Srpskohrvatski	1519|1521|1536
St	1521
Staff	1536
Stalin	1523
Stance	1517
Stansfield	1517
Star	1535
Starr	1517
States	1517|1518|1519|1523|1536
Stay	1518
Stefani	1517
Step	1518
Steppe	1521
Stereo	1518
Sterling	1522
Steve	1526
Stickwitu	1518
Stop	1517
Stopping	1517
Story	1517|1518
Straits	1535
Stranger	1517
Stream	1521
Street	1535|1536
Stronger	1518
Stuart	1526
Style	1518
Subcategories	1517|1519|1521|1522|1523|1524|1525|1526|1527|1531|1532|1533|1534|1536
Subfields	1521|1534
Subtotals	1532
Such	1523
Sugar	1518
Suleiman	1522
Summer	1518
Sun	1517
Sunda	1536
Suomi	1519|1521|1525|1536
Survived	1528
Sustainopreneurship	1536
Svenska	1519|1521|1522|1525|1536
Swear	1518
Sweet	1518
Swift	1518
Sync	1518
System	1521
Systematic	1521
Systems	1536
T	1518|1519|1521|1524|1525|1526|1532|1534|1535|1536
TBrandley	1531
TV	1528
Tailfeather	1518
Tait	1527
Take	1518
Talk	1517|1518|1519|1520|1521|1522|1523|1524|1525|1526|1527|1528|1529|1530|1531|1532|1533|1534|1535|1536
Tasmin	1535
Taylor	1517|1518
Teenage	1518
Tele-commerce	1536
Telephone	1517
Telling	1517
Temperate	1521
Temperature	1518
Template	1519
Terence	1535
Terms	1517|1518|1519|1520|1521|1522|1523|1524|1525|1526|1527|1528|1529|1530|1531|1532|1533|1534|1535|1536
Terrestrial	1521
Tesla	1524
Text	1517|1518|1519|1520|1521|1522|1523|1524|1525|1526|1527|1528|1529|1530|1531|1532|1533|1534|1535|1536
Than	1517
That	1518
That's	1518
The	1517|1518|1519|1521|1522|1523|1525|1526|1527|1528|1529|1530|1531|1532|1533|1534|1535|1536
Theory	1521
There	1518|1520|1526
There's	1517
These	1517|1535
Thing	1518
Things	1517
Think	1517
This	1517|1518|1519|1520|1521|1522|1523|1524|1525|1526|1527|1528|1529|1530|1531|1532|1533|1534|1535|1536
Thomas	1522|1526
Thorson's	1521
Those	1532
Thousand	1518
Ti	1517|1518|1521|1535|1536
Tiger	1521
Timberlake	1518
Time	1517|1518
Times	1527
Tinguiririca	1521
Today	1517
Tofael	1526
Tom	1535
Tonight	1517|1518
Toolbox	1517|1518|1519|1520|1521|1522|1523|1524|1525|1526|1527|1528|1529|1530|1531|1532|1533|1534|1535|1536
Top	1518|1532|1535
Topography	1534
Toponymy	1534
Torn	1518
Total	1518
Town	1517
Toxic	1518
Tracy	1535
Trade	1536
Trent	1535
Trevor	1535
Troitsky	1519
Trouble	1518
Truly	1518
Trust	1518
Try	1518
Tubthumping	1518
Tup	1536
Turn	1518
Turner	1517
Tussock	1521
U	1518|1521|1528|1532|1535|1536
UK	1528
US	1519
Ukraine	1519
Uncorporation	1536
Undated	1532
Underpopulated	1527
Unexplained	1528
United	1517|1518|1519|1523|1535|1536
Universal	1525
Unreferenced	1532
Up	1517|1518
Update	1532
Upload	1517|1518|1519|1520|1521|1522|1523|1524|1525|1526|1527|1528|1529|1530|1531|1532|1533|1534|1535|1536
Urban	1528
Us	1517
Use	1517|1518|1519|1520|1521|1522|1523|1524|1525|1526|1527|1528|1529|1530|1531|1532|1533|1534|1535|1536
Used	1518
User	1531|1536
Utada	1517
V	1521|1532|1534|1535|1536
Values	1536
Van	1535
Variants	1517|1518|1519|1520|1521|1522|1523|1524|1525|1526|1527|1528|1529|1530|1531|1532|1533|1534|1535|1536
Vegas	1517
Vendor	1536
Veps	1525
Vernacular	1534
Vernou	1526
Vi	1517|1518|1521|1535|1536
Viability	1536
Vicariance	1521
Vida	1518
Vie	1517
View	1517|1518|1519|1520|1521|1522|1523|1524|1525|1526|1527|1528|1529|1530|1531|1532|1533|1534|1535|1536
Views	1517|1518|1519|1520|1521|1522|1523|1524|1525|1526|1527|1528|1529|1530|1531|1532|1533|1534|1535|1536
Virginia	1526
Virtual	1536
Vissi	1517
Visual	1534
Vogue	1517
Volap	1525
Vu	1517
W	1521|1522|1523|1525|1530|1531|1532|1535|1536
WPBiography	1526
Wallace	1521
Wallacea	1521
Walter	1526
Wang	1517
Wanna	1517|1518
Want	1517|1518
Wants	1517|1518
Warhol	1523
Wasn't	1518
Way	1517|1518
Wealth	1519
Webber	1535
Week	1518
Weld	1527
Well	1517
Were	1518
West	1518|1535
West-Vlams	1536
Western	1521
Wetbelt	1521
What	1517|1518|1519|1520|1521|1522|1523|1524|1525|1526|1527|1528|1529|1530|1531|1532|1533|1534|1535|1536
Wheeler	1522
WikiProject	1526|1530|1531
WikiProjects	1530
Wikimedia	1517|1518|1519|1520|1521|1522|1523|1524|1525|1526|1527|1528|1529|1530|1531|1532|1533|1534|1535|1536
Wikipedia	1517|1518|1519|1520|1521|1522|1523|1524|1525|1526|1527|1528|1529|1530|1531|1532|1533|1534|1535|1536
Wilde	1531
Will	1518
William	1526
Winaray	1521|1536
Windwatt	1521
Winners	1535
Without	1517|1518
Women	1518
Works	1524|1536
World	1517|1518|1521
Writers	1522
Wynter	1517
X	1532|1535
Xaver	1522
Y	1532|1535
Ya	1517|1518
Yahya	1526
Yazdi	1522
Yazoo	1517
Yor	1525|1536
York	1529
You	1517|1518
YouTube	1526
Young	1518|1535
Your	1517|1518
Yourself	1518
Yowsah	1517
Z	1521|1532|1535
Zahirul	1526
Zazaki	1521
Zoogeography	1521
_number-one_singles	1518
a	1517|1518|1519|1520|1521|1522|1523|1524|1525|1526|1527|1528|1529|1530|1531|1532|1533|1534|1535|1536
about	1524|1525|1532|1536
academic	1534
account	1517|1518|1519|1520|1521|1522|1523|1524|1525|1526|1527|1528|1529|1530|1531|1532|1533|1534|1535|1536
acquisitions	1536
activation	1536
actress	1526
actual	1524
acumen	1536
ad	1535
ad-Din	1522
add	1527
added	1526
additional	1517|1518|1519|1520|1521|1522|1523|1524|1525|1526|1527|1528|1529|1530|1531|1532|1533|1534|1535|1536
adjustment	1536
administration	1532|1536
after	1523
agility	1536
agreement	1536
aircraft	1536
ais	1517|1519|1521|1522|1525|1532
al-Fihri	1526
al-Ilah	1526
al-Masri	1526
al-Mu'min	1526
al-Qaisarani	1522
al-Rahman	1526
al-Ramli	1526
al-Shami	1526
alam	1526
albums	1533
also	1522|1526
an	1517|1518|1523|1532
analysis	1536
and	1517|1518|1519|1521|1522|1525|1527|1529|1532|1533|1535|1536
any	1522|1527|1536
ao	1526
appear	1532
applicable	1522|1536
apply	1517|1518|1519|1520|1521|1522|1523|1524|1525|1526|1527|1528|1529|1530|1531|1532|1533|1534|1535|1536
are	1517|1518|1519|1520|1521|1522|1523|1525|1526|1527|1528|1529|1530|1531|1532|1533|1534|1535|1536
area	1522|1536
article	1517|1518|1519|1520|1521|1522|1523|1524|1525|1526|1527|1528|1529|1530|1531|1532|1533|1534|1535|1536
articles	1522|1525|1526|1527|1532|1533|1536
arts	1524|1536
as	1517|1518|1519|1520|1521|1522|1523|1524|1525|1526|1527|1528|1529|1530|1531|1532|1533|1534|1535|1536
assessment	1536
asset	1536
associated	1525
association	1521
associations	1536
assurance	1536
at	1517|1518|1519|1520|1521|1522|1523|1524|1525|1526|1527|1528|1529|1530|1531|1532|1533|1534|1535|1536
attention	1526|1532
author	1526
auto-generated	1526
automatically	1526
available	1517|1518|1519|1520|1521|1522|1523|1524|1525|1526|1527|1528|1529|1530|1531|1532|1533|1534|1535|1536
avoid	1522|1536
award	1535
awards	1525|1527|1536
b	1525|1526|1536
backlog	1532
band	1526|1535
banner	1526
based	1523|1524|1526
be	1520|1522|1527|1532|1536
becoming	1522|1536
been	1526|1527
behaviour	1536
belong	1527
belt	1521
billion	1519
billionaires	1519
biogeographic	1521
biogeographical	1521
biogeography	1521
biographer	1522
biographers	1522
biographical	1525|1526
biography	1525|1527|1530
biography-related	1526
biology	1521
blank	1526
bokm	1521|1525|1536
book	1517|1518|1519|1520|1521|1522|1523|1524|1525|1526|1527|1528|1529|1530|1531|1532|1533|1534|1535|1536
books	1524|1525
bridge	1521
broker	1536
bush	1521
business	1536
businesspeople	1524
but	1518
by	1517|1518|1519|1521|1522|1523|1524|1526|1527|1532|1534
capture	1521
capturing	1536
cartography	1534
cataloging	1525
categories	1520|1521|1522|1526|1527|1532|1536
categories'	1532
categorize	1527
categorized	1527
category	1517|1518|1519|1520|1521|1522|1523|1524|1525|1526|1527|1528|1529|1530|1531|1532|1533|1534|1535|1536
ceiling	1536
chain	1536
changes	1517|1518|1519|1520|1521|1522|1523|1524|1525|1526|1527|1528|1529|1530|1531|1532|1533|1534|1535|1536
characters	1525
charity	1536
chart	1517|1518
citizenship	1536
classification	1521|1525
classifications	1536
cleanup	1526
collaboration	1536
collection	1523
communications	1536
community	1521
comparably	1519
compliance	1536
concepts	1536
conference	1536
conferences	1536
connectivity	1521
consumer	1536
cont	1517|1518|1521|1522|1524|1525|1526|1527|1530|1531|1532|1534|1535|1536
contain	1522|1536
contains	1526|1527|1532|1533
content	1517|1518|1519|1520|1521|1522|1523|1524|1525|1526|1527|1528|1529|1530|1531|1532|1533|1534|1535|1536
continuity	1536
contract	1536
controversy	1526
corresponding	1532
countries	1519|1521
country	1521|1523
cover	1521
criticism	1525
currency	1519
cycle	1521|1536
d	1535
da	1518
dance	1517
databases	1525
de	1523|1526
debt	1521
deficit	1521
delete	1532
description	1526
design	1536
details	1517|1518|1519|1520|1521|1522|1523|1524|1525|1526|1527|1528|1529|1530|1531|1532|1533|1534|1535|1536
development	1536
diffusion	1522|1536
direct	1526
directly	1522|1536
directory	1536
disaster	1536
discipline	1534
distance	1536
distribution	1521
districts	1536
dith	1526
do	1517|1532
documents	1536
dollar	1519
dollars	1519
dynamics	1521|1536
e	1519|1521|1525|1534|1535|1536
e'	1536
ecology	1521|1534
economics	1536
ecozone	1521
editors	1532
education	1536
effect	1536
empty	1520|1532
en	1517|1518|1519|1520|1521|1522|1523|1524|1525|1526|1527|1528|1529|1530|1531|1532|1533|1534|1535|1536
encyclopedia	1517|1518|1519|1520|1521|1522|1523|1524|1525|1526|1527|1528|1529|1530|1531|1532|1533|1534|1535|1536
engineering	1520
enterprise	1536
entertainer	1526|1535
entertainers	1524
entrepreneur	1536
epidemiology	1521
equal	1519
esky	1519|1521|1522|1525|1534|1535|1536
ethics	1536
euros	1519
evaluation	1525
even	1532
event	1536
events	1517|1518|1519|1520|1521|1522|1523|1524|1525|1526|1527|1528|1529|1530|1531|1532|1533|1534|1535|1536
evolutionary	1521
experience	1536
expert	1526
export	1517|1518|1519|1520|1521|1522|1523|1524|1525|1526|1527|1528|1529|1530|1531|1532|1533|1534|1535|1536
externalizing	1536
failures	1536
fame	1523
families	1536
family	1526
famous	1523
farming	1536
fauna	1521
fellowships	1536
few	1522|1527|1536
fictional	1525
figures	1519
file	1517|1518|1519|1520|1521|1522|1523|1524|1525|1526|1527|1528|1529|1530|1531|1532|1533|1534|1535|1536
files	1520
films	1524|1536
finance	1536
financial	1536
firm	1536
follow	1521
following	1517|1518|1519|1521|1522|1523|1524|1525|1526|1527|1528|1529|1530|1531|1532|1533|1534|1535|1536
for	1517|1518|1519|1520|1521|1522|1523|1524|1525|1526|1527|1528|1529|1530|1531|1532|1533|1534|1535|1536
forest-boreal	1521
forests	1521
founders	1523
free	1517|1518|1519|1520|1521|1522|1523|1524|1525|1526|1527|1528|1529|1530|1531|1532|1533|1534|1535|1536
frequent	1522|1536
from	1517|1518|1519|1520|1521|1522|1523|1524|1525|1526|1527|1528|1529|1530|1531|1532|1533|1534|1535|1536
gaisha	1536
gastropods	1521
general	1525
genre	1522|1525|1527|1533
genres	1533
geographies	1534
geography	1521|1534
goods	1536
governance	1536
government	1519
grass	1521
greater	1519
group	1526|1535
groups	1532
had	1519
halls	1523
hardwood	1521
has	1517|1519|1521|1522|1523|1524|1525|1526|1527|1531|1532|1533|1534|1535|1536
have	1517|1519|1526|1527|1532
heads	1519
heath	1521
help	1527
here	1517|1518|1519|1520|1521|1522|1523|1524|1525|1526|1527|1528|1529|1530|1531|1532|1533|1534|1535|1536
hidden	1532
historical	1519
history	1517|1518|1519|1520|1521|1522|1523|1524|1525|1526|1527|1528|1529|1530|1531|1532|1533|1534|1535|1536
hme	1526
hockey	1526
housing	1536
http	1517|1518|1519|1520|1521|1522|1523|1524|1525|1526|1527|1528|1529|1530|1531|1532|1533|1534|1535|1536
humans	1525
ibn	1526
ice	1526
idea	1536
if	1522|1532|1536
immediate	1526
impact	1536
improvement	1536
in	1517|1518|1519|1520|1521|1522|1523|1524|1525|1526|1527|1528|1529|1530|1531|1532|1533|1534|1535|1536
ina	1521|1525|1532|1535|1536
include	1532
index	1517|1518|1519|1520|1521|1522|1523|1524|1525|1526|1527|1528|1529|1530|1531|1532|1533|1534|1535|1536
individual	1523
industry	1536
inertia	1536
infoboxes	1526
information	1517|1518|1519|1520|1521|1522|1523|1524|1525|1526|1527|1528|1529|1530|1531|1532|1533|1534|1535|1536
instructions	1520
insufficient	1526
intelligence	1536
interaction	1536
interface	1536
interoperability	1536
into	1517
invention	1536
involvement	1536
is	1517|1518|1519|1520|1521|1522|1523|1524|1525|1526|1527|1528|1529|1530|1531|1532|1533|1534|1535|1536
island	1521
issues	1532
it	1532
its	1532
j	1517
journal	1529
journalism	1536
journals	1525|1529
k	1525|1526
kel	1525
know	1530
l	1521|1525|1526|1536
la	1518
lacking	1526|1532
land	1521
lang	1535
large	1522|1536
last	1517|1518|1519|1520|1521|1522|1523|1524|1525|1526|1527|1528|1529|1530|1531|1532|1533|1534|1535|1536
law	1536
lawyers	1524
le	1526
leaders	1524
learn	1517|1518|1519|1520|1521|1522|1523|1525|1526|1527|1528|1529|1530|1531|1533|1534|1535|1536
libraries	1536
life	1536
like	1518
limnology	1521
line	1536
link	1517|1518|1519|1520|1521|1522|1523|1524|1525|1526|1527|1528|1529|1530|1531|1532|1533|1534|1535|1536
links	1517|1518|1519|1520|1521|1522|1523|1524|1525|1526|1527|1528|1529|1530|1531|1532|1533|1534|1535|1536
list	1517|1518|1519|1520|1521|1522|1523|1525|1526|1527|1528|1529|1530|1531|1533|1534|1535|1536
listas	1526
listing	1526
lists	1536
literary	1525
literature	1525
living	1526|1532
located	1520
lowland	1521
m	1517
m-g	1534|1536
magician	1526
main	1519|1521|1525|1533|1536
mainly	1522|1536
maintenance	1522|1532|1536
management	1536
manager	1526
mapping	1536
marked	1526
marketing	1536
may	1517|1518|1519|1520|1521|1522|1523|1524|1525|1526|1527|1528|1529|1530|1531|1532|1533|1534|1535|1536
measures	1536
media	1519|1521|1522|1524|1525|1534|1535|1536
member	1532
menu	1517|1518|1519|1520|1521|1522|1523|1524|1525|1526|1527|1528|1529|1530|1531|1532|1533|1534|1535|1536
message	1527
migration	1521
mileage	1536
military	1524
modelling	1521
models	1536
modified	1517|1518|1519|1520|1521|1522|1523|1524|1525|1526|1527|1528|1529|1530|1531|1532|1533|1534|1535|1536
month	1532
more	1517|1518|1519|1520|1521|1522|1523|1525|1526|1527|1528|1529|1530|1531|1533|1534|1535|1536
most	1532
moved	1522|1536
multiplier	1536
museums	1523|1525
music	1533
musicals	1524
musician	1526|1535
musicians	1533
n	1518|1519|1521|1525|1526|1534|1535|1536
n-l	1534|1536
name	1526
named	1523
nationality	1519|1522
navigation	1517|1518|1519|1520|1521|1522|1523|1524|1525|1526|1527|1528|1529|1530|1531|1532|1533|1534|1535|1536
ne	1526
needing	1526|1532
net	1519
networks	1536
next	1517|1518|1526|1535
ng	1517|1518|1521|1535|1536
niche	1521
no	1520
non-fiction	1522
non-inflated	1519
non-profit	1517|1518|1519|1520|1521|1522|1523|1524|1525|1526|1527|1528|1529|1530|1531|1532|1533|1534|1535|1536
normally	1523
not	1517|1518|1519|1520|1521|1522|1523|1525|1526|1527|1528|1529|1530|1531|1532|1533|1534|1535|1536
novels	1524
number	1517|1518|1519
number-one	1517|1518
ny	1526
nynorsk	1521|1535|1536
o	1526
obsolescence	1536
occasionally	1532
occupations	1524
of	1517|1518|1519|1520|1521|1522|1523|1524|1525|1526|1527|1528|1529|1530|1531|1532|1533|1534|1535|1536
office	1536
officer	1526
often	1523
ol	1517|1518|1519|1521|1522|1523|1525|1535|1536
oldid	1517|1518|1519|1520|1521|1522|1523|1524|1525|1526|1527|1528|1529|1530|1531|1532|1533|1534|1535|1536
on	1517|1518|1519|1520|1521|1522|1523|1524|1525|1526|1527|1528|1529|1530|1531|1532|1533|1534|1535|1536
one	1517|1518|1519
only	1517|1533
opportunities	1536
or	1517|1519|1520|1523|1526|1527|1532
org	1517|1518|1519|1520|1521|1522|1523|1524|1525|1526|1527|1528|1529|1530|1531|1532|1533|1534|1535|1536
organiser	1536
organization	1517|1518|1519|1520|1521|1522|1523|1524|1525|1526|1527|1528|1529|1530|1531|1532|1533|1534|1535|1536
organizations	1536
orientation	1536
other	1526
out	1517|1518|1519|1521|1522|1523|1524|1525|1526|1527|1528|1529|1530|1531|1532|1533|1534|1535|1536
owner	1536
page	1517|1518|1519|1520|1521|1522|1523|1524|1525|1526|1527|1528|1529|1530|1531|1532|1533|1534|1535|1536
pages	1517|1518|1519|1520|1521|1522|1523|1524|1525|1526|1527|1528|1529|1530|1531|1532|1533|1534|1535|1536
parameter	1526
parks	1536
part	1532
particular	1523
partnering	1536
people	1519|1523|1524|1525|1526
performance	1536
periodically	1526
person	1523
persondata	1526
personnel	1524
persons	1532
philosophers	1524
photographs	1526
php	1517|1518|1519|1520|1521|1522|1523|1524|1525|1526|1527|1528|1529|1530|1531|1532|1533|1534|1535|1536
picture	1530
plain	1526
planning	1536
plays	1524
please	1527
policy	1517|1518|1519|1520|1521|1522|1523|1524|1525|1526|1527|1528|1529|1530|1531|1532|1533|1534|1535|1536
politician	1526
politicians	1524
populated	1527
population	1521
portal	1517|1518|1519|1520|1521|1522|1523|1524|1525|1526|1527|1528|1529|1530|1531|1532|1533|1534|1535|1536
portals	1525|1530|1531
post-disco	1533
pounds	1519
preference	1532
presented	1527
previous	1517|1518|1526|1535
priority	1526
process	1536
producer	1535
project	1526|1532
provinces	1521
puzzles	1521
qualifications	1536
que	1517
rate	1536
rather	1532
rbaycanca	1536
re-balancing	1521
reached	1517|1518
rebellion	1536
rebels	1524
recent	1517|1518|1519|1520|1521|1522|1523|1525|1526|1527|1528|1529|1530|1531|1533|1534|1535|1536
recovery	1536
redirected	1520
references	1532
reflect	1517|1518|1519|1520|1521|1522|1523|1525|1526|1527|1528|1529|1530|1531|1533|1534|1535|1536
refresh	1532
regions	1534
registered	1517|1518|1519|1520|1521|1522|1523|1524|1525|1526|1527|1528|1529|1530|1531|1532|1533|1534|1535|1536
reimbursement	1536
related	1519|1521|1522|1525|1527|1534|1535|1536
relating	1525
release	1521
reliable	1532
religious	1524
remove	1527
replacement	1526
report	1536
requested	1526|1527
require	1522|1536
requires	1532
requiring	1522|1526|1536
research	1536
resource	1536
retail	1536
revolutionaries	1524
richest	1519
risk	1536
rk	1519|1521|1525|1534|1535|1536
ro	1536
rule	1521
rumagn	1525
s	1517|1518|1519|1521|1522|1523|1526|1534|1535|1536
scales	1536
science	1536
screening	1536
search	1517|1518|1519|1520|1521|1522|1523|1524|1525|1526|1527|1528|1529|1530|1531|1532|1533|1534|1535|1536
sector	1536
see	1525
selling	1536
series	1528
service	1536
services	1536
set	1523|1532
sheet	1536
shi	1536
short	1526
should	1520|1522|1536
shown	1532
shows	1525|1528
singer	1526|1535
singles	1517|1518
slenska	1536
social	1536
soft	1520
software	1536
soldier	1526
song	1517|1518
songs	1517|1533
soprano	1526
sorted	1532
sourced	1526
sources	1526|1532
sourcing	1532|1536
speciation	1521
species	1521
spending	1536
sportspeople	1524
srpski	1519|1521|1525|1536
state	1519|1521
statistics	1536
status	1519|1532
strategy	1536
stubs	1526|1536
study	1536
subcategories	1519|1521|1522|1523|1524|1525|1526|1527|1531|1532|1533|1534|1536
subcategory	1517|1532
subject	1522
subsidiary	1536
substantiation	1536
sufficient	1532
sz	1522
t	1517|1518|1521|1535|1536
tagged	1526
talk	1525
tariff	1536
tatar	1519|1521|1534|1536
taxes	1536
tei	1522
template	1526|1532
templates	1526
terms	1517|1518|1519|1520|1521|1522|1523|1524|1525|1526|1527|1528|1529|1530|1531|1532|1533|1534|1535|1536
than	1519|1532
that	1517|1518|1521|1526|1527|1532
the	1517|1518|1519|1520|1521|1522|1523|1524|1525|1526|1527|1528|1529|1530|1531|1532|1533|1534|1535|1536
thinking	1536
this	1517|1518|1519|1520|1521|1522|1523|1525|1526|1527|1528|1529|1530|1531|1532|1533|1534|1535|1536
three	1536
through	1532
time	1521|1532
timelines	1536
title	1517|1518|1519|1520|1521|1522|1523|1524|1525|1526|1527|1528|1529|1530|1531|1532|1533|1534|1535|1536
to	1517|1518|1519|1520|1521|1522|1523|1524|1525|1526|1527|1528|1529|1530|1531|1532|1533|1534|1535|1536
too	1522|1536
tools	1517|1518|1519|1520|1521|1522|1523|1524|1525|1526|1527|1528|1529|1530|1531|1532|1533|1534|1535|1536
topic	1524|1536
topics	1527
total	1517|1518|1519|1521|1522|1523|1524|1525|1526|1527|1528|1529|1530|1531|1532|1533|1534|1535|1536
totally	1532
trade	1536
trademark	1517|1518|1519|1520|1521|1522|1523|1524|1525|1526|1527|1528|1529|1530|1531|1532|1533|1534|1535|1536
transition	1521
type	1523|1527
u	1521|1525|1530|1534|1536
under	1517|1518|1519|1520|1521|1522|1523|1524|1525|1526|1527|1528|1529|1530|1531|1532|1533|1534|1535|1536
units	1519
unless	1532
unsourced	1532
us	1517|1518|1519|1520|1521|1522|1523|1524|1525|1526|1527|1528|1529|1530|1531|1532|1533|1534|1535|1536
used	1532
user	1532
usual	1536
v	1522
valued	1519
vanhov	1526
var	1523
version	1517|1518|1519|1520|1521|1522|1523|1524|1525|1526|1527|1528|1529|1530|1531|1532|1533|1534|1535|1536
very	1522|1536
view	1517|1518|1519|1520|1521|1522|1523|1524|1525|1526|1527|1528|1529|1530|1531|1532|1533|1534|1535|1536
visual	1536
visualization	1536
von	1526
w	1517|1518|1519|1520|1521|1522|1523|1524|1525|1526|1527|1528|1529|1530|1531|1532|1533|1534|1535|1536
was	1517|1518|1519|1520|1521|1522|1523|1524|1525|1526|1527|1528|1529|1530|1531|1532|1533|1534|1535|1536
wealth	1519
wealthiest	1519
where	1522|1536
who	1519
wikipedia	1517|1518|1519|1520|1521|1522|1523|1524|1525|1526|1527|1528|1529|1530|1531|1532|1533|1534|1535|1536
willing	1532
winners	1535
winning	1527
with	1517|1518|1525|1526|1532
without	1526
work	1526|1536
works	1524|1525|1527
world	1534
worth	1519
writer	1522
you	1530
