'	1954
'Cause	1937
'Til	1937|1951
'em	1937
-	1937|1938|1939|1940|1941|1942|1943|1944|1945|1946|1947|1948|1949|1950|1951|1952|1953|1954|1955|1956
0	1937
00	1953
02	1942
03	1939|1948
04	1942
05	1947|1954|1955
06	1939|1941
09	1937|1938|1951|1953
1	1937|1938|1940|1943|1945|1947|1948|1949|1952|1953|1954|1955|1956
10	1937|1938|1940|1944|1945|1948|1954|1955
100	1937
102	1954
104	1954
107	1948|1955
11	1938|1941|1945|1948|1949|1954
112	1945
113	1946
115	1943
116	1955
11784	1946
11785	1946
12	1938|1940|1941|1943|1948|1950|1952|1954|1955|1956
120	1943
125	1954
13	1938|1940|1943|1948|1954|1955
136	1947|1948
137	1940|1954
139	1947
14	1940|1943|1945|1946|1947|1948|1952|1954
140	1943|1946
14223	1946
14443	1946
15	1941|1944|1945|1948|1954
150	1941|1945
155	1955
157	1940
16	1940|1947|1952|1953|1955|1956
161	1938
17	1941|1947|1948|1950|1952|1954
170	1948
172	1952
178	1938
18	1938|1940|1943|1954
180	1955
18000	1946
18000-3	1946
181	1940
184	1942
1885	1943
19	1940|1946|1948|1952|1956
1997	1937
2	1937|1938|1939|1940|1943|1944|1945|1947|1948|1950|1952|1953|1954|1955
20	1938|1947|1948
200	1937|1954
201	1949
2010	1953|1954
2011	1951|1954
2012	1937|1940|1941|1942|1943|1945|1946|1947|1948|1949|1950|1952|1954|1956
2013	1938|1939|1943|1944|1955
21	1944|1952|1953|1954|1955|1956
211	1940
22	1938|1945|1948|1954|1955
225	1941
23	1938|1939|1948|1954
230	1949
232	1949
24	1937|1938|1942|1943|1944|1949
25	1941|1943|1948
259	1937
26	1949|1950
27	1946|1948|1951|1952|1954
274	1954
28	1945|1948|1949|1954
29	1938|1948
292	1955
2DEG	1944
3	1937|1938|1941|1942|1943|1945|1946|1947|1948|1949|1950|1952|1953|1954|1955|1956
30	1952|1954
31	1948|1952
312	1949
319	1940
32	1939|1947|1948|1954
33	1943|1950
34	1948
344	1948
36	1939|1948
38	1938|1954
389063279	1953
39	1954
3dvia	1942
4	1937|1938|1940|1942|1943|1944|1945|1946|1947|1948|1950|1953|1954|1955
40	1954
41	1937|1944|1948
42	1943|1945|1948
43	1940|1944
436474974	1951
45	1954
46	1945
47	1944
48	1941
49	1949
5	1938|1939|1940|1941|1943|1945|1947|1948|1952|1954|1956
50	1949|1952|1954|1956
503232091	1947
508868176	1942
51	1948
511293397	1945
515780484	1949
515949569	1950
516014932	1946
518154666	1952
519544132	1937
520755018	1948
525272640	1954
525852341	1956
527733097	1940
529689485	1941
53	1952|1954
531682109	1944
532676257	1955
534448473	1939
537421342	1943
538017273	1938
55	1954
56	1948|1952
57	1946
58	1941|1951|1954
59	1943
6	1938|1940|1941|1944|1945|1948|1949|1953|1954|1955
60	1945
62	1954
63	1938
64	1942
67	1942|1954
68	1948
69	1952
7	1938|1939|1945|1948|1954|1956
70	1937|1949
72	1940|1954
73	1944|1948
78	1954
79	1940
8	1938|1941|1943|1948|1952|1954
80	1937
83	1938|1951
86	1952
87	1945
88	1940
9	1937|1938|1943|1945|1948|1949|1950|1952|1954|1955
90	1952
911	1943
93	1937
95	1950
98	1940
9814072356	1952
A	1937|1938|1942|1943|1946|1947|1948|1949|1950|1951|1952|1953|1954|1955
A'z	1949
A-Long	1937
A-Love	1937
AIDS	1954
AMPS	1947
AN	1946
AQuoSA	1950
AS5678	1946
About	1937|1938|1939|1940|1941|1942|1943|1944|1945|1946|1947|1948|1949|1950|1951|1952|1953|1954|1955|1956
Absorption	1947
Abstrakt	1949
Accompanied	1948
Actions	1937|1938|1939|1940|1941|1942|1943|1944|1945|1946|1947|1948|1949|1950|1951|1952|1953|1954|1955|1956
Active	1947
Adams	1949
Addicted	1937
Adhesive	1948
Adi	1937
Adore	1937
Advance	1942
Aerowagon	1948
Affairs	1954
African	1953
African-American	1955
Afrikaans	1938|1948
Afrocentrism	1943
After	1937
Again	1937|1946|1951
Against	1937
Agapi	1937
Age	1943|1952
Ages	1943
Agility	1946
Agnew	1937
Aguilera	1937
Ahnenerbe	1943
Ailill	1943
Air-line	1948
Airport	1948
Akakor	1943
Al	1937
Albrecht	1946
Alemannisch	1938
Alexanderson	1947
Alguien	1937
Alice	1937
All	1937|1947|1949|1951
Alla	1937
Almost	1937|1952
Alone	1937|1951
Already	1937
Alternative	1953
Always	1937
Am	1951
Amateur	1947
America	1943|1945|1954
American	1937|1943|1947|1951|1955
Americas	1943
Amor	1937
Ampliphase	1947
Amusement	1948
An	1937
Anacalypsis	1943
Ancient	1943
And	1937|1951
Angel	1937|1946
Angelia	1937
Angels	1937
Anglo-Israelism	1943
Anne	1943
Annette	1955
Another	1937
Answer	1937
Ant	1952
Antediluvian	1943
Antenna	1947
Antes	1937
Anti-Christian	1954
Anti-clericalism	1954
Antique	1947
Antolog	1937
Anyone	1937
Anything	1937
Anytime	1937
Anywhere	1937
Apologize	1937
Application	1946
Applied	1946|1954
Aragon	1938|1949|1955
Aras	1942
Arc	1947
Are	1937
Armenian	1943
Arms	1937
Armstrong	1947
Around	1937|1951
Arrangements	1948
Arrow	1937
Art	1937
Arthur	1950
As	1937
Ashton	1946
Asignatura	1937
Asked	1951
Associates	1942
Association	1942|1948|1954
Assyria	1943
At	1937
Atlantis	1943
Atom	1950
Atropos	1950
Attribution-ShareAlike	1937|1938|1939|1940|1941|1942|1943|1944|1945|1946|1947|1948|1949|1950|1951|1952|1953|1954|1955|1956
August	1942
Auto-ID	1946
Autobiographical	1952
Automatic	1946
Avril	1937
Award	1955
Awards	1955
Away	1937
Axle	1948
Ay	1937
Ayer	1937
Az	1938|1941|1948|1949|1954
B	1937|1938|1940|1943|1944|1945|1946|1947|1948|1949|1951|1952|1954|1955|1956
Babe	1937
Baby	1937|1955
Baby-Baby-Baby	1937
Babylons	1943
Back	1937|1951
Backstreet	1937
Baconian	1943
Bad	1937
Bag	1946
Bah	1954
Bahasa	1938|1948|1954
Balise	1948
Ballad	1937
Ballads	1937
Balun	1947
Baroness	1954
Baseband	1947
Battlefield	1937
Batwing	1947
Baxter	1937
Be	1937|1951
Beast	1937
Beautiful	1937
Beauty	1937
Because	1937|1951
Beckett	1949
Become	1937
Bector	1949
Bedingfield	1937
Bedlam	1952
Been	1937
Before	1937
Being	1951
Beitman	1947
Bell	1939
Belle	1937
Ben	1937
Berkley	1954
Besides	1938
Besos	1937
Best	1937|1955
Better	1937|1954
Bicycle	1948
Big	1937
Bigger	1937
Billy	1949
Bin	1946
Biometric	1946
Bit	1937
Black	1937|1945|1946
Blame	1937
Blank	1937
Blasphemous	1937
Bleeding	1937
Blood	1943
Blowing	1937
Blue	1937|1951
Bluer	1937
Blues	1951|1955
Bluetooth	1946
Boarisch	1938|1948|1949|1955
Bobbie	1951
Boghosian	1946
Boogaloo	1956
Book	1943
Books	1943
Boris	1952
Born	1937
Bosanski	1938|1941|1952
Bosnian	1943
Boy	1951|1954
Boys	1937
Braid-breaker	1947
Branch	1948
Brand	1937
Breakaway	1937
Breakfast	1937
Breaking	1937
Breathe	1937
Brezhoneg	1938
Bridge	1937
Bringin'	1937
Britanniae	1943
British	1955
Broadcast	1947
Broken	1937|1951
Broken-Hearted	1937
Brooke	1949
Brotherhood	1954
Brought	1937
Brown-eyed	1956
Brus	1944
Buat	1937
Bubbly	1937
Buddhist	1954
Bulgarian	1952
Bulk	1946
Bunton	1937
Burn	1937
Burst	1946
Business	1940
Businessmen's	1954
Bustitution	1948
Butterflies	1937
Butterfly	1937
Bye	1937
C	1937|1938|1939|1940|1941|1942|1943|1944|1945|1946|1947|1948|1949|1950|1951|1952|1953|1954|1955|1956
CAD	1942
CASPIAN	1946
CAT	1938
CATIA	1942
CPU	1950
CVG	1938
Call	1937|1951
Calling	1937
Calypso	1946
Cambashi	1942
Can	1937
Can't	1937|1951
Canal	1948
Candace	1943
Candidates	1938
Candle	1937
Candy	1949
Cape	1948
Captain	1937
Car	1948
Careless	1937
Carey	1937
Caroline	1954
Carolyna	1937
Carpenter's	1952
Carry	1937
Casa	1937
Cat's	1937
Cat's-whisker	1947
Catal	1938|1943|1945|1948|1949|1952|1955
Categories	1937|1938|1939|1940|1941|1942|1943|1944|1945|1946|1947|1948|1949|1950|1951|1952|1953|1954|1955|1956
Categorizing	1938
Category	1937|1938|1939|1940|1941|1942|1943|1944|1945|1946|1947|1948|1949|1950|1951|1952|1953|1954|1955|1956
Catholic	1943|1954
Cathy's	1951
Cavity	1947
Cebuano	1938
Cel-Fi	1947
Celeste	1937
Cellular	1947|1952
Censorship	1954
Center	1946|1954
Centric	1942
Cerca	1937
Cetera	1937
Chains	1937
Chakra	1949
Challenge	1952
Change	1943
Change-making	1952
Chaos	1943
Charge	1944
Chariots	1943
Charles	1943
Chasing	1937
Cheers	1937
Chelsea	1951
Cher	1937
Chiasson	1943
Chicago	1943
Chief	1948
Childhood	1937
Chiniquy	1943
Christian	1954
Christina	1937
Christmas	1937
Chronology	1943
Church	1954
Cimatron	1942
Circle	1937
Citizens	1954
Civil	1940|1954
Clarkson	1937|1951
Class	1949
Clementine	1937
Climb	1937
Clipped	1946
Closer	1937
Closure	1948
Clown	1951
Clyde	1947
Code	1946
Coexistence	1954
Cognio	1946
Coherer	1947
Coin	1952
Collect	1946
Collins	1947
Collision	1943
Colors	1937
Colossal	1944
Colour-blind	1945
Combinatorial	1952
Combined	1948
Come	1937
Comes	1937|1951
Coming	1937
Common	1948
Commons	1937|1938|1939|1940|1941|1942|1943|1944|1945|1946|1947|1948|1949|1950|1951|1952|1953|1954|1955|1956
Communication	1947
Communications-based	1948
Community	1937|1938|1939|1940|1941|1942|1943|1944|1945|1946|1947|1948|1949|1950|1951|1952|1953|1954|1955|1956
CompactRIO	1950
Companies	1948
Competition	1940
Computer-aided	1942
Computer-integrated	1942
Con	1937
Concerned	1954
Concrete	1942
Condensed	1944
Conductance	1944
Conference	1940|1954
Confessions	1937
Conflict	1940
Confraternity	1945
Congress	1948
Connor	1937
Consider	1951
Consumer	1940
Contact	1937|1938|1939|1940|1941|1942|1943|1944|1945|1946|1947|1948|1949|1950|1951|1952|1953|1954|1955|1956
Contactless	1946
Contemporary	1955|1956
Contentious	1943
Contents	1937|1938|1939|1940|1941|1942|1943|1944|1945|1946|1947|1948|1949|1950|1951|1952|1953|1954|1955|1956
Contract	1940
Contre	1937
Control	1950
Conway	1952
Cool	1937
Coraz	1937
Corazonado	1937
Corp	1942
Corporations	1940
Corps	1947
Corre	1937
Could	1937
Could've	1937
Coulomb	1944
Council	1954
Count	1937
Counted	1952
Counterpoise	1947
Cowgirls	1951
Cox	1954
Cradle	1937
Create	1937|1938|1939|1940|1941|1942|1943|1944|1945|1946|1947|1948|1949|1950|1951|1952|1953|1954|1955|1956
Creative	1937|1938|1939|1940|1941|1942|1943|1944|1945|1946|1947|1948|1949|1950|1951|1952|1953|1954|1955|1956
Creek	1951
Creo	1942
Cried	1937
Criteria	1938
Critical	1943
Crosley	1947
Cross-figure	1952
Crunk	1956
Crusade	1954
Cry	1937|1951
Cryptosystems	1946
Crystal	1947
Cult	1943|1954
Cults	1954
Cultural	1939
Culture	1938
Current	1937|1938|1939|1940|1941|1942|1943|1944|1945|1946|1947|1948|1949|1950|1951|1952|1953|1954|1955|1956
Curve	1948
Cymraeg	1938|1943|1954
D	1937|1942|1943|1946|1947|1948|1949|1950|1951|1952|1953|1954|1955|1956
D-Cubed	1942
DASH7	1946
DELMIA	1942
DS-2	1942
Dalitstan	1943
Dancehall	1953
Daniel	1937|1939
Dansk	1938|1943|1948|1949|1955
Dark	1937
Daughter	1937
Daxcad	1942
Day	1937
Days	1938
Dead	1948
Deadheading	1948
Deal	1951
December	1940|1941|1956
Decirte	1937
Dee	1955
Deep	1956
Del	1937
Demodulation	1947
Denial	1943
Denying	1943
Der	1943
Derailment	1948
Derbyite	1943
Description	1938
Design	1942
Designation	1947
Detector	1947
Deutsch	1938|1948|1949|1952|1955
Dialectrix	1949
Diddy	1937
Die	1937
Dielectric	1947
Diesel	1948
Dieselisation	1948
Digital	1942|1946|1947|1948
Diplexer	1947
Direct-conversion	1947
Direction	1946
Directory	1938
Dirty	1937
Disciples	1943
Disclaimers	1937|1938|1939|1940|1941|1942|1943|1944|1945|1946|1947|1948|1949|1950|1951|1952|1953|1954|1955|1956
Disengagement	1954
Disney	1937
Do	1951
Dock	1948
Does	1951
Doesn't	1937
Dollar	1949
Domino	1952
Don	1951
Don't	1937|1951
Donate	1937|1938|1939|1940|1941|1942|1943|1944|1945|1946|1947|1948|1949|1950|1951|1952|1953|1954|1955|1956
Doo-wop	1956
Down	1937
Download	1937|1938|1939|1940|1941|1942|1943|1944|1945|1946|1947|1948|1949|1950|1951|1952|1953|1954|1955|1956
Drama	1943
Dream	1937
Dreams	1951
Drink	1937
Dub	1953
Dummy	1947
Duplexer	1947
E	1937|1938|1939|1940|1942|1944|1946|1947|1948|1950|1951|1952|1954
EXI	1946
Ear	1946
Earliest	1950
Earth	1943
Economic	1939
Economics	1945|1954
Ed	1952
Edit	1937|1938|1939|1940|1941|1942|1943|1944|1945|1946|1947|1948|1949|1950|1951|1952|1953|1954|1955|1956
Education	1938|1954
Edwin	1947
Eesti	1938|1949|1952
Egyptian	1952
Eight	1952
El	1949
Electric	1948
Electric-field	1947
Electrical	1942
Electrically	1944|1947
Electrolytic	1947
Electromagnetic	1947
Electron	1947
Electronic	1946
Electronics	1944|1947
Electropop	1937
Elements	1942
Eleusis	1952
Elevated	1948
Elton	1937
Embedded	1950
Emma	1937
Encyclopaedia	1948
End	1937
Engine	1948|1950
Engineer's	1948
England	1943|1951
English	1948|1949
Enhancement	1944
Enrique	1937
Enterprise	1942
Envelope	1947
Environment	1954
Environmental	1948
Equal	1952
Erenlai	1954
Error	1947
Erthi	1937
Espa	1937|1938|1943|1944|1946|1948|1949|1950|1952|1953|1954|1955|1956
Esperanto	1941|1948|1949|1955
Ethnic	1945|1954
Eudoxa	1946
Eugene	1947
Europe	1954|1955
European	1940|1948
Euskara	1938|1944|1949|1952
Evacuation	1946
Even	1951
Event	1946
Events	1946
Every	1951
Eyes	1937
F	1937|1938|1940|1942|1943|1944|1945|1946|1947|1948|1949|1951|1952|1954|1956
FLR-9	1946
FRACTRAN	1952
Factor	1948
Faith	1954
Fall	1937
Fallin'	1951
Falling	1937
Family	1940
Fancy	1951
Fast	1946
Father	1937
Fear	1951
Featured	1937|1938|1939|1940|1941|1942|1943|1944|1945|1946|1947|1948|1949|1950|1951|1952|1953|1954|1955|1956
February	1938|1943
Feed	1947
Feel	1937
Feels	1937|1951
Fellowship	1954
Female	1949
Femap	1942
Fergie	1937
Ferry	1948
Fictional	1949
Fields	1941|1952
Fill	1948
Find	1951
Finger	1951
Fingerprints	1943
Fire	1943
First	1951
Five	1947
Flat	1943
Flexagon	1952
Flux	1944
Fly	1937
Fomenko	1943
Fool	1951
For	1937|1947|1951
Forever	1937|1951
Forget	1937
Forschungsstelle	1943
Foundation	1937|1938|1939|1940|1941|1942|1943|1944|1945|1946|1947|1948|1949|1950|1951|1952|1953|1954|1955|1956
Fran	1938|1942|1943|1944|1948|1949|1952|1954|1955
Frederick	1949
Free	1937
Freedom	1943|1954
Freighthopping	1948
French	1940|1943
Frequency	1946|1947
Friend	1937
Fringe	1943
Frog	1948
From	1937|1938|1939|1940|1941|1942|1943|1944|1945|1946|1947|1948|1949|1950|1951|1952|1953|1954|1955|1956
Fujiwara	1952
Fun	1937
Funicular	1948
Funk	1956
Funkger	1947
Fuzzy	1946
G	1937|1938|1942|1943|1946|1947|1948|1951|1952|1953|1954|1955
GHz	1947
GRAITEC	1942
Gaeilge	1949
Galego	1938|1949|1952
Game	1951
Gandy	1948
Gardner	1952
Garrison	1949
Gender	1954
Genocide	1943
Gentle	1937
Gentry	1951
Geography	1938
Geolocation	1946
Georgia	1951
Germany	1943
Get	1951
Gets	1951
Ghosting	1947
Gibson	1951
Gilbert	1947
Girl	1937|1951
Girls	1937
Give	1937
Glastonbury	1943
Glossaries	1948
Glossary	1941
Go	1937|1952
God	1943
Gods	1943
Gogi	1943
GoldenSource	1942
Gone	1937|1951
Gonna	1951
Good	1937|1951
Gordon	1955
Gospel	1953
Got	1951|1955
Government	1948
Graatsma	1952
Grail	1943
Grammy	1955
Grand	1943
Gravel	1943
Gravity	1948
Greater	1945
Greatest	1951
Grid	1947
Grid-leak	1947
Grimaldi	1943
Gross	1948
Group	1946|1950
Grover	1937
Grundy's	1952
Guard	1946
Guidelines	1938
Guiding	1954
Gwen	1937
H	1937|1938|1940|1943|1945|1946|1947|1948|1949|1951|1952|1954
Hague	1940
Hall	1937|1944
Hallade	1948
Hamitic	1943
Hands	1951
Hangin'	1951
Happiness	1954
Happy	1937|1952
Harary's	1952
Harmonic	1947
Hart	1952
Has	1951
Hat	1947
Hatori	1952
Have	1937|1951
Haven't	1951
Hawk	1949
Hazara	1954
He	1951
Headboard	1948
Headway	1948
Healthcare	1946
Heard	1951
Heart	1937|1951
Heartbreak	1937
Heatwave	1937
Heaven	1951
Heidi	1946
Help	1937|1938|1939|1940|1941|1942|1943|1944|1945|1946|1947|1948|1949|1950|1951|1952|1953|1954|1955|1956
Hepsi	1955
Her	1937|1951
Here	1937
Heribert	1943
Heritage	1948
Hexagonal	1952
Hidden	1949|1955
High-frequency	1946
High-speed	1948
Him	1951
Hip	1949
His	1951
Historia	1943
Historic	1943
Historical	1943|1945
Historiography	1943
History	1938|1943|1948
Hold	1937|1951
Holocaust	1943
Holy	1943|1954
Home	1937|1946|1952
Homicidal	1952
Honest	1951
Honey	1949
Horned	1943
Horse	1948
Horse-drawn	1948
Horsecars	1948
Hospital	1948
Hot	1947
Hotchkiss	1948
Houston	1937
How	1951
Howard	1947
Hrvatski	1938|1943|1948|1952|1955
Hubbard	1954
Human	1954
Hummin'	1955
Hundred-digit	1952
Hundred-dollar	1952
Hunter	1951
Huzita	1952
Hwandan	1943
Hydrail	1948
I	1937|1939|1940|1942|1943|1944|1946|1947|1948|1951|1952|1954|1955
I'd	1951
I'll	1951
I'm	1951
I'm-a	1937
I've	1951
IBM	1946
IEC	1946
IF	1947
IFF	1946
II	1947
IRIS	1948
ISO	1942|1946
Ica	1943
Identification	1946
Ido	1941|1952|1954
If	1951
Iglesias	1937
Ihes	1937
Ilaiah	1943
Illig	1943
Image	1947
Immanuel	1943
Immobiliser	1946
Impinj	1946
In	1943
Inc	1937|1938|1939|1940|1941|1942|1943|1944|1945|1946|1947|1948|1949|1950|1951|1952|1953|1954|1955|1956
Indonesia	1938|1948|1954
Indoor	1946|1947
Inductive	1941
Industrial	1948
Industry	1948
Information	1939|1942|1946|1950
Informational	1939
Infrastructure	1948
Inghamite	1954
Ingolstadt	1943
Inheritance	1940
Inspection	1946
Institute	1940|1943|1948
Instructions	1938
Integer	1952
Intellekt	1949
Intentional	1947
Interaction	1937|1938|1939|1940|1941|1942|1943|1944|1945|1946|1947|1948|1949|1950|1951|1952|1953|1954|1955|1956
Interdisciplinary	1943
Interface	1950
Interfaith	1954
Interlingua	1938|1941|1948|1954
Intermec	1946
Intermediate	1947
Intermodulation	1947
International	1940|1942|1948|1954
Intersubband	1944
Invention	1942
Ireland	1946|1954
Iron	1949
Irving	1943
Is	1937|1951|1955
Ishq	1949
Islamic	1954
Isouna	1937
Israelism	1943
It	1937|1948|1949|1951
It's	1951
Italiano	1938|1943|1944|1946|1948|1949|1951|1952|1955|1956
Its	1951
Iyengar	1949
J	1937|1940|1942|1943|1945|1946|1947|1949|1950|1951|1952|1954|1956
J-Chip	1946
JT	1942
Jack	1937
JackBe	1950
Jackson	1937
Janet	1937
January	1939|1944|1955
Japan	1945
Japhetic	1943
Java	1950
Jay	1956
Jeans	1937
Jeep	1952
Jesus	1943
Jew	1943
Jewel	1937
Jibbs	1949
Jitter	1946
JoJo	1937
John	1937|1951
Johnson	1956
Joint	1947
Jordanian	1954
Josef	1946
Journal	1940|1943|1946|1952
Jr	1937|1947|1952
Juan	1945
Julep	1955
July	1947
Jump	1937|1938|1939|1940|1941|1942|1943|1944|1945|1946|1947|1948|1949|1950|1951|1952|1953|1954|1955|1956
June	1951
Just	1951
K	1937|1942|1943|1947|1948|1949|1952|1955
K-Ci	1937
Ka	1949
Kaka	1949
Kalash	1938
Kambi	1949
Kancha	1943
Karlsruhe	1948
Katherine	1946
Kawasaki's	1952
KeeLoq	1947
Keep	1951
Keith	1955
Kelly	1937|1951
Kerambit	1949
Kevin	1946
Khan	1949
Kind	1951
Kipchakya	1943
Kiss	1937
Kisses	1937
Kiswahili	1938
Klotz	1947
Knew	1951
Know	1937|1951
Knowledge-based	1942
Kobon	1952
Kordemsky	1952
Kronos	1943
L	1937|1938|1940|1943|1944|1946|1947|1948|1949|1951|1952|1953|1954|1956
L'amour	1937
LGBT	1949|1954
LLC	1946
LaBelle	1951
Lab	1950
Label	1946
Labour	1940
Labs	1946
Lana	1937
Land	1937|1948
Landscape	1943
Landser	1943
Lane	1946
Languages	1937|1938|1939|1940|1941|1942|1943|1944|1945|1946|1947|1948|1949|1950|1951|1952|1953|1954|1955|1956
Laser	1944
Lasers	1944
Last	1951
Late	1951
Latin	1945|1952
Latina	1938|1948|1949
Latvie	1938|1948|1952
Lavigne	1937
Law	1940
Lay	1937
Leave	1937|1951
Leaving	1951
Lecher	1947
Leigh	1952
Let	1937|1951
Level	1946
Lez	1949
License	1937|1938|1939|1940|1941|1942|1943|1944|1945|1946|1947|1948|1949|1950|1951|1952|1953|1954|1955|1956
Lie	1937|1951
Lies	1943
Lietuvi	1938|1948
Life	1937|1951
Lift	1951
Light	1937|1948
Lights	1951
Like	1937
Linda	1943
Link	1954
Linz	1943
Lipstadt	1943
List	1938|1941|1943|1948|1952|1954|1955|1956
Literacy	1954
Little	1937|1951
Livestock	1946
Living	1954
Liz	1946
Load	1947
Local	1947
Locating	1946
Location	1946
Locomotive	1948
Log	1937|1938|1939|1940|1941|1942|1943|1944|1945|1946|1947|1948|1949|1950|1951|1952|1953|1954|1955|1956
Logic	1947|1952
Lonely	1937|1951
Long	1937
Longer	1937
Longest	1948|1952
Look	1937
Loop	1947
Loose	1943
Lost	1943
Lott	1937
Love	1937|1951
Loved	1937
Lovers	1953
Loving	1951
Low	1947|1948
Low-Level	1946
Luftwaffe	1947
Lumbaart	1955
Luxury	1948
Lynch	1943
M	1937|1938|1939|1942|1943|1944|1945|1946|1947|1948|1949|1951|1952|1954|1955
MC	1949
MIVILUDES	1954
MSC	1942
MTV	1955
MacAlpin's	1943
Machine	1942|1943
Madge	1946
Madonna	1937
Maggie	1951
Magic	1952
Magnetic	1946|1947
Magnetocapacitance	1944
Magyar	1938|1941|1943|1948|1949
Main	1937|1938|1939|1940|1941|1942|1943|1944|1945|1946|1947|1948|1949|1950|1951|1952|1953|1954|1955|1956
Maintenance	1942
Majk	1949
Make	1937
Malaysian	1949
Malti	1941
Man	1937|1943|1951|1952
Management	1942|1950
Manna	1943
Manual	1943
Manufacturing	1942
Maria	1946
Mariah	1937
Mariah's	1937
Maris	1952
Mark	1937|1951
Market	1940
Marketing	1942
Marriage	1954
Martin	1952
Masahiko	1952
Mass	1946
Mastung	1954
Mathematical	1941|1952
Mathematics	1938|1947|1952
MattyBraps	1949
McDonald	1947|1951
McEntire	1951
McGwire	1952
McIntyre	1946
McLachlan	1937
Me	1937|1951|1955
Measurement	1941
Mechanic's	1948
Mechanical	1952
Medan	1943
Media	1950
Medio	1937
Medium-capacity	1948
Melayu	1938|1948
Mems-ID	1946
Mercer	1952
Mero	1943
Merry	1943
Merry-go-round	1948
Message	1943
Mi	1937
Mice	1952
Michael	1937|1951
Microchip	1946
Miles	1937
Military	1948
Million	1937
Mind	1951
Mine	1937
Minidish	1947
Ministers	1954
Mint	1955
Mir	1946
Missing	1945
Mister	1937
Mobile	1937|1938|1939|1940|1941|1942|1943|1944|1945|1946|1947|1948|1949|1950|1951|1952|1953|1954|1955|1956
Model-based	1942
Modulation	1946|1947
Molecular	1944
Moli	1943
Money	1937
Monorail	1948
Moon	1943
Moorish	1943
Morning	1937
Morris	1947
Moser's	1952
Moskowitz	1946
Motorboating	1947
Mots	1937
Mountain	1946|1948|1951|1952
Movie	1943
Moving	1952
Mr	1937
Mu	1943
Multiple	1944|1948
Multiple-unit	1948
Multiracial	1945
Murdered	1949
Muror	1943
Music	1951|1955
Musical	1953
Musicians'	1955
Muslim	1954
Mutaween	1954
My	1937|1951|1955
Myanmar	1948
Myself	1937
Mystery	1943
Myth	1943
N	1937|1941|1942|1943|1944|1945|1946|1947|1949|1951|1952|1954|1956
NLFSR	1946
NTRU	1946
NX	1942
Naacal	1943
Name	1951
Namespaces	1937|1938|1939|1940|1941|1942|1943|1944|1945|1946|1947|1948|1949|1950|1951|1952|1953|1954|1955|1956
Nanocrystal	1944
Nanoradio	1947
Nanotechnology	1944
Napkin	1952
Narcissistic	1952
Narconon	1954
Nasik	1952
Natasha	1937
Nation	1943
National	1943|1946
Navigation	1937|1938|1939|1940|1941|1942|1943|1944|1945|1946|1947|1948|1949|1950|1951|1952|1953|1954|1955|1956
Nazi	1943
Nazism	1943
Necklace	1952
Nederbeat	1956
Nederlands	1938|1943|1948|1949|1952|1955
Nedersaksies	1948
Need	1937
Needs	1946
Negro	1949
Nems	1949
Neo	1956
Network	1946|1947|1955
Neutrodyne	1947
Never	1951
New	1937|1943|1951|1954|1956
Newswriters	1954
Nicole	1937
Night	1937|1951
Nim	1952
Nirmalabs	1946
Nnapulitano	1948
Non-recurring	1942
Nordic	1943
Noris	1937
Norsk	1937|1938|1941|1944|1946|1948|1949|1952|1954|1955|1956
Northern	1954
Norumbega	1943
Nostradamus	1943
Not	1951
Notation	1941
November	1954
Now	1937
Nuwaubian	1943
Nuwaubianism	1943
Nyquist	1947
O	1937|1940|1941|1943|1946|1947|1948|1950|1951|1954|1955
ODIN	1946
Object	1946
ObjectStore	1946
Occitan	1938|1955
October	1937|1946|1948|1949|1950|1952|1953
Odds	1937
Oera	1943
Oklahoma	1951
Old	1943|1951
Olum	1943
Omni-ID	1946
Omphalos	1943
On	1937|1951
On-street	1948
Once	1937|1943
One	1947|1951|1955
Only	1951
Open	1946
OpenVibe	1950
Operations	1941
Optical	1946
Optimod	1947
Orchestra	1950
Ore	1948
Ortho	1947
Orthodox	1954
Other	1951
Ourang	1943
Out	1937|1951
Outline	1941|1948
Over	1937|1951
Owen	1937
Own	1951
Oxfordian	1943
P	1937|1938|1939|1940|1941|1942|1943|1944|1945|1946|1947|1948|1949|1950|1952|1953|1954|1955|1956
PBR	1956
PC	1946
PDF	1937|1938|1939|1940|1941|1942|1943|1944|1945|1946|1947|1948|1949|1950|1951|1952|1953|1954|1955|1956
PEARL	1950
PLL	1947
PORT	1938
PSC	1946
Pacific	1953
Padre	1937
Page	1937|1938|1939|1940|1941|1942|1943|1944|1945|1946|1947|1948|1949|1950|1951|1952|1953|1954|1955|1956
Pages	1937|1938|1939|1940|1941|1942|1943|1944|1945|1946|1947|1948|1949|1950|1951|1952|1953|1954|1955|1956
Pakistanism	1954
Papers	1943
Paradise	1937
Passenger	1948
Passport	1946
Patterns	1952
Patti	1951
Paul	1943|1946
Pavements	1937
Peace	1954
Peer	1938
Pegg	1952
Pendiente	1937
Penguin	1943
Pens	1943
People	1937|1945|1948|1954
Perfect	1952
Permanent	1937|1938|1939|1940|1941|1942|1943|1944|1945|1946|1947|1948|1949|1950|1951|1952|1953|1954|1955|1956
Persecution	1954
Personal	1937|1938|1939|1940|1941|1942|1943|1944|1945|1946|1947|1948|1949|1950|1951|1952|1953|1954|1955|1956
Persuasion	1949
Pet	1937|1946
Peter	1937
Phantom	1943
Phase	1944|1946
Phase-locked	1947
Philosophy	1938
Phoenician	1943
Photodetection	1944
Pie	1937
Pier	1948
Pillow	1951
Pio	1937
Piston	1948
Pixie	1937
Plane	1943
Plant	1942
Plasma	1947
Platelayer	1948
Plateway	1948
Plattd	1938|1948
Plectron	1947
Pocket	1946
Pointer	1946
Policy	1950
Polite	1952
Politics	1938|1945
Pollen	1950
Polski	1938|1948|1949|1952|1955
Polyhedron	1952
Polyking	1952
Polyknight	1952
Polyomino	1952
Pop	1937|1953
Pop_ballads	1937
Popular	1952|1955
Portal	1938|1948|1955
Portals	1938
Portugu	1937|1938|1941|1943|1948|1949|1952|1953|1954|1955|1956
PositiveID	1946
Possible	1937
Post-industrial	1939
Postage	1952
Postindustrial	1939
Postindustrial_society	1939
Postman	1937
Postmodernism	1939
Postsecularism	1954
Powel	1947
Powell	1955
Power	1943|1947
Powter	1937
Pre-Adamite	1943
Pre-Columbian	1943
Predistortion	1947
Preishuber-Pfl	1946
Preselector	1947
Prime	1952
Prince	1943
Print	1937|1938|1939|1940|1941|1942|1943|1944|1945|1946|1947|1948|1949|1950|1951|1952|1953|1954|1955|1956
Printable	1937|1938|1939|1940|1941|1942|1943|1944|1945|1946|1947|1948|1949|1950|1951|1952|1953|1954|1955|1956
Priority	1950
Priory	1943
Prison	1954
Privacy	1937|1938|1939|1940|1941|1942|1943|1944|1945|1946|1947|1948|1949|1950|1951|1952|1953|1954|1955|1956
Private	1940|1948
Private_law	1940
Probability	1941
Probability_and_statistics	1941
Product	1942|1946
ProductCenter	1942
Product_lifecycle_management	1942
Products	1942
Professional	1942
Proizvolov's	1952
Project	1942
Promise	1951
Property	1940
Proposed	1948
Protecode	1942
Protestants	1954
Protocol	1946
Pseudo-scholarship	1943
Pseudoarchaeology	1943
Pseudohistorians	1943
Pseudohistory	1943
Pseudonymous	1949
Pseudoscience	1943
Psion	1946
Public	1940
Pulled	1948
Q	1937|1943|1944|1947|1954
Q-wire	1944
QD	1944
QW	1944
Quality	1942
Quantum	1944
Quantum-confined	1944
Quantum_electronics	1944
Quasi-peak	1947
Quetta	1954
Quilts	1943
Quiteron	1944
R	1937|1938|1939|1941|1942|1943|1944|1945|1946|1947|1948|1949|1950|1951|1952|1953|1954|1955|1956
RCD	1946
RF	1947
RFID	1946
RFIQin	1946
RMS	1943
RSA	1946
Race	1945
Race_and_society	1945
Racial	1945
Racialization	1945
Racism	1945
Rack	1948
Radio	1946|1947|1951|1955
Radio-frequency	1946|1947
Radio-frequency_identification	1946
Radio_electronics	1947
Radiofax	1947
Radiogram	1947
Ragga	1953
Ragnarok	1943
Rail	1948
Rail_transport	1948
Railroad	1943|1948
Railroadiana	1948
Railway	1948
Railways	1948
Random	1937|1938|1939|1940|1941|1942|1943|1944|1945|1946|1947|1948|1949|1950|1951|1952|1953|1954|1955|1956
Randomness	1941
Randow	1952
Rapid	1944|1946|1948
Rappers	1949
Rapping	1949
Rasilant	1946
Rate-monotonic	1950
Rather	1951
Read	1937|1938|1939|1940|1941|1942|1943|1944|1945|1946|1947|1948|1949|1950|1951|1952|1953|1954|1955|1956
Reader	1946
Real	1950
Real-time	1950
Real-time_computing	1950
Really	1951
Reba	1951
Reba_McEntire_songs	1951
Receiver	1947
Recent	1937|1938|1939|1940|1941|1942|1943|1944|1945|1946|1947|1948|1949|1950|1951|1952|1953|1954|1955|1956
Reconsidered	1943
Recovery	1946
Recreational	1952
Recreational_mathematics	1952
Red	1943
Redeveloped	1939
Reform	1954
Regenerative	1947
Reggae	1953
Reggae_genres	1953
Reggaeton	1949|1953
Regum	1943
Related	1937|1938|1939|1940|1941|1942|1943|1944|1945|1946|1947|1948|1949|1950|1951|1952|1953|1954|1955|1956
Religio	1954
Religiocentrism	1954
Religion	1938|1945|1954
Religion_and_society	1954
Religious	1954
Remote	1947
Rennes-le-Ch	1943
Repeater	1947
Requirements	1942
Research	1954
Residential	1945
Resonator	1947
Resort	1946
Resource	1950
Retrieved	1937|1938|1939|1940|1941|1942|1943|1944|1945|1946|1947|1948|1949|1950|1951|1952|1953|1954|1955|1956
Return	1947
Revelation	1943
Reverse	1948
Revolution	1939
Rey	1937
Rhythm	1955|1956
Rhythm_and_blues	1955
Rhythm_and_blues_music_genres	1956
Ride	1951
Rights	1946|1954
Rigid	1952
Ring	1951
Ripoarisch	1938|1948
Rithmomachy	1952
Road	1948|1951
Roaring	1948
Robbie	1937
Robert	1946
Rock	1951
Rockwell	1947
Rohit	1949
Rolling	1947|1948
Rom	1938|1941|1948|1949|1952|1954|1955|1956
Roots	1953
Roque	1945
RuBee	1946
Rumor	1951
Rumours	1937
Rusty	1947
Rwandan	1943
Rytmus	1949
S	1937|1938|1940|1941|1942|1943|1944|1945|1946|1947|1948|1949|1950|1951|1952|1953|1954|1955|1956
SC	1942
SOFEL	1946
SQUARE	1955
SWR	1947
Sail	1948
Sally	1950
Samba	1953
Sammy	1949
Sangaku	1952
Sanjay	1946
Sarah	1937
Sardu	1955
Sarma	1946
Savi	1946
Say	1951
Scherzinger	1937
Scholastics	1954
Science	1938|1943
Sciences	1943
Scientologists	1954
Scientology	1954
Scots	1940
Scout	1954
Scouting	1954
Scouts	1954
Scroll	1943
Seal	1943
Search	1937|1938|1939|1940|1941|1942|1943|1944|1945|1946|1947|1948|1949|1950|1951|1952|1953|1954|1955|1956
Secular	1954
Secularism	1954
Secularity	1954
Secure	1946
See	1937|1938|1939|1940|1941|1942|1943|1944|1945|1946|1947|1948|1949|1950|1951|1952|1953|1954|1955|1956
Seggae	1953
Segregation	1954
Seis	1937
Selamanya	1937
Seldon	1955
Selerant	1942
September	1945|1954
Service	1950
Sethos	1943
Sexuality	1954
Shakespeare	1943
Shakira	1937
She	1951
She's	1951
Shlaer	1950
Shop	1937
Short	1947
Shortcut	1938
Shortline	1948
Should	1951
Shoxrux	1949
Shqip	1955
Side	1937
Sifa	1948
Sign	1943
Signal	1947
Simple	1948|1949
Simulation	1942
Singapore	1945
Singers	1949
Singh	1949
Singinginmycar	1948
Single	1951
Singulation	1946
Sion	1943
Sirius	1943
Sister	1951
Site	1943
Ska	1953
Sl	1943
Slavery	1954
Slothouber	1952
Sloven	1937|1938|1941|1943|1948|1949|1952|1954|1955
Slow	1956
Smart	1946|1947
Smartrac	1946
Smartstores	1946
Smooth	1955|1956
Snell	1955
So	1951
Social	1954
Society	1938|1939|1940|1943|1945|1954
Sociology	1954
Software	1942
Software-defined	1947
Solitude	1946
Solutions	1946
Soma	1952
Somebody	1937|1951
Somebody's	1951
Something	1955
Song	1937
Songs	1951
Sonic	1949
Sosa	1952
Soul	1937|1949|1955|1956
Souperism	1954
South	1943
Sp	1948
Spark-gap	1947
Special	1937|1938|1939|1940|1941|1942|1943|1944|1945|1946|1947|1948|1949|1950|1951|1952|1953|1954|1955|1956
Spectral	1947
Speedpass	1946
Sphinx	1943
Spin	1944
Spintronics	1944
Spiral	1947
Spirit	1949|1954
Spiro	1937
Sports	1938
Spreader	1948
Squaring	1952
Squelch	1947
Srpskohrvatski	1943
Stack	1950
Stadtbahn	1948
Standard	1948
Standing	1947
Stark	1944
Stars	1943
Starting	1951
States	1945
Station	1948
Statistext	1945
Statistical	1941
Statistics	1941
Steam	1948
Steel	1942
Stefani	1937
Still	1951
Stood	1943
Stored-value	1946
Str8ts	1952
Straight	1943
Strange	1951
Strategies	1946
Street	1948
Strong	1937
Stub	1947
Studies	1943
Study	1943
Style	1943
Styx	1937
Subcategories	1937|1938|1939|1940|1941|1942|1943|1944|1945|1946|1947|1948|1949|1950|1952|1953|1954|1955|1956
Subcultures	1954
Subtract	1952
Sudoku	1952
Suitcase	1937
Sun	1937|1943
SunPass	1946
Sunday	1951
Sungura	1949
Sunshine	1953
Suomi	1938|1943|1948|1954|1955
Superconducting	1944
Superette	1947
Superheterodyne	1947
Supply	1946
Supranet	1946
Survivor	1951
Svenska	1937|1938|1942|1948|1949|1954|1955
Sweden	1946
Sweet	1951
Swing	1951
Sybase	1946
Syclo	1942
Sylver	1952
Synchronous	1950
Synthesis	1943
Synthpop	1937
System	1946|1947
Systems	1942|1946|1947
T	1937|1938|1940|1941|1942|1943|1944|1946|1947|1948|1949|1950|1951|1952|1953|1954|1955|1956
TC	1942
TV	1943|1955
TagStone	1946
Take	1937|1951
Talk	1937|1938|1939|1940|1941|1942|1943|1944|1945|1946|1947|1948|1949|1950|1951|1952|1953|1954|1955|1956
Tangram	1952
Tarand	1938
Teamcenter	1942
Tears	1951
Technia	1942
Technologies	1946
Technology	1938|1946
Tecnomatix	1942
Teklogix	1946
Television	1947
Telocation	1946
Templar	1943
Temple	1943
Temporal	1950
Terms	1937|1938|1939|1940|1941|1942|1943|1944|1945|1946|1947|1948|1949|1950|1951|1952|1953|1954|1955|1956
Testament	1946
Text	1937|1938|1939|1940|1941|1942|1943|1944|1945|1946|1947|1948|1949|1950|1951|1952|1953|1954|1955|1956
Than	1937
That	1937|1951
The	1937|1938|1939|1940|1941|1942|1943|1944|1945|1946|1947|1948|1949|1950|1951|1952|1953|1954|1955|1956
Theme	1937
Theocracies	1954
Theory	1943
There	1938|1951
Thermic	1948
They	1951
Things	1937
Thinks	1951
This	1937|1938|1939|1940|1941|1942|1943|1944|1945|1946|1947|1948|1949|1950|1951|1952|1953|1954|1955|1956
Thomas	1952
Thought	1951
Thule	1943
Ti	1938|1941|1948|1949|1950|1952|1955
Tie	1948
Tiffany	1937
Tiffany's	1937
Tiling	1952
Till	1951
Time	1937|1947|1950|1951
Time-driven	1950
Time-utility	1950
Times	1937
Timing	1946|1950
Titanic	1943
To	1937
Today	1951
Together	1951
Tolerance	1954
Toll	1946
Tom	1937
Tomb	1943
Tone	1953
Tonight	1937|1951
Too	1951
Toolbox	1937|1938|1939|1940|1941|1942|1943|1944|1945|1946|1947|1948|1949|1950|1951|1952|1953|1954|1955|1956
Top	1937
Topological	1950
Torpedo	1948
Tort	1940
Total	1948
Touch	1946
Touchatag	1946
Town	1948
Traceability	1946
Track	1943|1948
Tracking	1946
Tractive	1948
Traffic	1950
Train	1948
Trains	1948
Tramway	1948
Transceiver	1947
Transcontinental	1948
Transistor	1947
Transmitter	1946
Transmon	1944
Transmountain	1948
Transponder	1946|1947
Transport	1948
Travelers	1946
Treaty	1948
Trench	1948
Trimble	1946
Trion	1944
Troy	1943
Trunked	1947
Try	1937
Tudor	1943
Tuned	1947
Tunnel	1944
Turkish	1943
Turn	1951
Tweedlee	1955
Two	1943
Type	1947
Tyson	1949
U	1937|1942|1946|1947|1948|1949|1950|1955
U-Key	1946
UFOs	1943
UGS	1942
Ultrasound	1946
Un	1937
Underground	1943|1949
Unification	1940
Unigraphics	1942
Unintentional	1947
Union	1954
United	1945
Unsung	1955
Up	1951
Upload	1937|1938|1939|1940|1941|1942|1943|1944|1945|1946|1947|1948|1949|1950|1951|1952|1953|1954|1955|1956
Uptime	1950
Urban	1950|1955
Usage	1948
Use	1937|1938|1939|1940|1941|1942|1943|1944|1945|1946|1947|1948|1949|1950|1951|1952|1953|1954|1955|1956
User	1948
Usher	1937
Utility	1947
V	1937|1943|1945|1946|1947|1948|1954|1955
Valleys	1938
Vancouver	1945
Variants	1937|1938|1939|1940|1941|1942|1943|1944|1945|1946|1947|1948|1949|1950|1951|1952|1953|1954|1955|1956
Velikovsky	1943
Veps	1938|1948
VeriChip	1946
Verisign	1946
Very	1947
Vi	1938|1941|1948|1949|1950|1952|1955
Video	1946|1955
View	1937|1938|1939|1940|1941|1942|1943|1944|1945|1946|1947|1948|1949|1950|1951|1952|1953|1954|1955|1956
Views	1937|1938|1939|1940|1941|1942|1943|1944|1945|1946|1947|1948|1949|1950|1951|1952|1953|1954|1955|1956
Vilant	1946
Village	1955
Visible	1945
Vivir	1937
Voltage-controlled	1947
Volunteer	1954
Vow	1937
W	1937|1938|1942|1943|1944|1945|1946|1947|1948|1950|1951|1952|1954|1955
Wadley	1947
Wagner	1937
Wait	1937
Walam	1943
Walk	1937|1951
Want	1937|1951
War	1947
Ward-Beck	1947
Warehouse	1946
Was	1951
Washington	1937
Wave	1937
Way	1937|1951|1954
We	1937|1951
We're	1951
Wealth	1954
Weatherman	1937
Weekend	1951
Weigh	1948
Wendish	1943
Went	1951
Wentworth	1949
Were	1951
West-Vlams	1938|1948
Wetting	1944
What	1937|1938|1939|1940|1941|1942|1943|1944|1945|1946|1947|1948|1949|1950|1951|1952|1953|1954|1955|1956
Whateley	1943
Wheelset	1948
When	1951|1955
Where	1943
Whirlwind	1950
Whisper	1937
White	1943
Whitney	1937
Who	1952
Whoever's	1951
Why	1951
Wickham	1948
WikiProject	1938
Wikimedia	1937|1938|1939|1940|1941|1942|1943|1944|1945|1946|1947|1948|1949|1950|1951|1952|1953|1954|1955|1956
Wikipedia	1937|1938|1939|1940|1941|1942|1943|1944|1945|1946|1947|1948|1949|1950|1951|1952|1953|1954|1955|1956
Wilkinson	1947
Will	1937|1951
William	1943
Williams	1937
Wills	1951
Wind	1937
Windchill	1942
Wine	1952
Wings	1937
Wireless	1946|1947
Witch-cult	1943
Wolf	1943
Wollaston	1947
Womanist	1954
Women	1945
Won't	1951
Works	1945|1948
World	1937|1943|1947|1954
Worlds	1943
Worst-case	1950
Wrong	1951|1955
X	1937|1946|1949
XIO	1946
Xose	1949
Y	1937|1947|1951|1955
Yagi-Uda	1947
Yet	1937|1951
Yor	1938
York	1937
You	1937|1951|1955
You're	1951
Young	1937
Your	1937|1951
Z	1937|1942|1943|1946|1949
ZMD	1946
ZOMM	1946
Zape	1945
Zazaki	1938
Zebra	1946
Zeitgeist	1943
Zeitgeschichtliche	1943
Zver	1949
Zweave	1942
a	1937|1938|1939|1940|1941|1942|1943|1944|1945|1946|1947|1948|1949|1950|1951|1952|1953|1954|1955|1956
abortion	1954
about	1943|1945|1947|1948
according	1949
account	1937|1938|1939|1940|1941|1942|1943|1944|1945|1946|1947|1948|1949|1950|1951|1952|1953|1954|1955|1956
ad	1949
additional	1937|1938|1939|1940|1941|1942|1943|1944|1945|1946|1947|1948|1949|1950|1951|1952|1953|1954|1955|1956
adhesion	1948
affairs	1945
agent	1948
ais	1938|1942|1943|1944|1948|1949|1952|1954|1955
albums	1951|1955
all	1938
alla	1937
alma	1937
also	1938|1951
alternative	1938|1939|1943
alternator	1947
among	1950
amplifier	1947
an	1937|1938|1939|1951
analyzer	1947
and	1937|1938|1939|1940|1941|1942|1943|1944|1945|1946|1947|1948|1949|1950|1951|1952|1954|1955|1956
animal	1946
antenna	1947
anthropology	1939
antisemitism	1954
any	1949
anything	1947
applicable	1949
apply	1937|1938|1939|1940|1941|1942|1943|1944|1945|1946|1947|1948|1949|1950|1951|1952|1953|1954|1955|1956
are	1937|1938|1939|1940|1941|1942|1943|1944|1945|1946|1947|1948|1949|1950|1951|1952|1953|1954|1955|1956
area	1944
arranged	1938
art	1954
article	1937|1938|1939|1940|1941|1942|1943|1944|1945|1946|1947|1948|1949|1950|1951|1952|1953|1954|1955|1956
articles	1938|1943|1947|1949|1954
artist	1951
artists	1956
arts	1952
as	1937|1938|1939|1940|1941|1942|1943|1944|1945|1946|1947|1948|1949|1950|1951|1952|1953|1954|1955|1956
aspects	1954
asset	1942|1946
associated	1954
associations	1948
assurance	1942
astronaut	1943
at	1937|1938|1939|1940|1941|1942|1943|1944|1945|1946|1947|1948|1949|1950|1951|1952|1953|1954|1955|1956
attendance	1954
attractions	1948
audio	1947
authorities	1948
authority	1954
authorship	1943
automata	1952
available	1937|1938|1939|1940|1941|1942|1943|1944|1945|1946|1947|1948|1949|1950|1951|1952|1953|1954|1955|1956
avoid	1949
awareness	1946
axioms	1952
b	1938
ballads	1937
barretter	1947
base	1947
based	1948
be	1938|1948|1949
beam	1944
becoming	1949
behaviour	1944
belong	1947
between	1948|1954
birth	1954
bius	1952
blockade	1944
blocker	1946
blocking	1947
bloodline	1943
blues	1955|1956
bogey	1948
bokm	1938|1944|1946|1948|1949
bolt	1947
bombing	1954
book	1937|1938|1939|1940|1941|1942|1943|1944|1945|1946|1947|1948|1949|1950|1951|1952|1953|1954|1955|1956
books	1948|1952
boom	1955
both	1948
boxes	1955
branding	1946
broadcasting	1947
browse	1938
bug	1946
bus	1944|1954
business	1950
by	1937|1938|1939|1940|1942|1948|1949|1951|1953|1954
candidates	1943
captain	1952
capture	1946
car	1948
card	1946|1952
cards	1946
carrier	1948
casting	1945
categories	1938|1943|1949|1955
categorize	1938
categorized	1949
category	1937|1938|1939|1940|1941|1942|1943|1944|1945|1946|1947|1948|1949|1950|1951|1952|1953|1954|1955|1956
category's	1943
ceiling	1950
cell	1944|1947
central	1939
century	1938
chain	1946
change	1948
changes	1937|1938|1939|1940|1941|1942|1943|1944|1945|1946|1947|1948|1949|1950|1951|1952|1953|1954|1955|1956
channel	1947
chapels	1954
characteristics	1947
chauffeur	1952
chess	1952
children	1954
cholera	1943
chronometer	1948
circuit	1947
circuitry	1947
circuits	1947
civil	1940
classification	1945|1948
climbing	1952
code	1940|1947
coinage	1952
coincidence	1952
coined	1939
collection	1946
color	1945
combined	1948
combiners	1947
comics	1946
communications	1947
companies	1946|1948
compatibility	1947
complement	1938
complete	1938
composite	1944
compressors	1947
computer	1950
computing	1944|1950
concrete	1948
consider	1947
consists	1948
consoles	1947
conspiracy	1943
cont	1937|1942|1944|1945|1946|1947|1948|1949|1950|1951|1952|1953|1954|1955
contact	1944
contacts	1943
contain	1949
contains	1938|1943
contemporary	1955
content	1937|1938|1939|1940|1941|1942|1943|1944|1945|1946|1947|1948|1949|1950|1951|1952|1953|1954|1955|1956
continent	1938|1943|1948
contrasted	1940
control	1947|1948|1954
controversy	1954
converter	1947
core	1939|1947
correct	1948
corridor	1948
countries	1948
country	1938|1948|1951
couplers	1947
covering	1938
crime	1945
cryptographers	1952
cube	1952
cultural	1939
culture	1952|1954
current	1939
curve	1948
dame	1937
dancer	1948
data	1942|1946|1950
databases	1950
date	1939
de	1937
deadline	1950
dealing	1944
definition	1942
definitions	1945
denial	1943
describing	1954
design	1942|1947|1948
designed	1948
details	1937|1938|1939|1940|1941|1942|1943|1944|1945|1946|1947|1948|1949|1950|1951|1952|1953|1954|1955|1956
detected	1944
detector	1947
device	1947
devices	1947
diagram	1948
diagrams	1947
diffusion	1949
digit-to-digit	1952
digital	1947
dip	1947
direction	1946
directional	1947
directions	1948
directly	1949
discographies	1955
discography	1951
discovery	1943
discrimination	1954
dispatcher	1948
display	1944
divider	1947
dividers	1947
dock	1948
dot	1944
dress	1954
e	1937|1938|1940|1941|1943|1944|1947|1948|1949|1953|1954|1955|1956
economic	1939
economy	1939
education	1945|1954
effect	1944|1947|1948
effects	1944
efficiency	1944|1947
electrical	1947
electrodynamics	1944
electronic	1946|1947
electronics	1944|1946|1947
electrons	1944
emblems	1954
emissions	1948
emulator	1947
en	1937|1938|1939|1940|1941|1942|1943|1944|1945|1946|1947|1948|1949|1950|1951|1952|1953|1954|1955|1956
encore	1937
encyclopedia	1937|1938|1939|1940|1941|1942|1943|1944|1945|1946|1947|1948|1949|1950|1951|1952|1953|1954|1955|1956
end	1947
energy	1946
engine	1946
engineer	1947|1948
engineering	1942|1947|1948
engines	1948
enterprise	1942
entire	1947
epidemic	1943
episodes	1955
equality	1954
equation	1944
equipment	1947
error	1947
esky	1938|1941|1948|1949|1952|1955
et	1937
ethics	1954
ethnicity	1945
events	1937|1938|1939|1940|1941|1942|1943|1944|1945|1946|1947|1948|1949|1950|1951|1952|1953|1954|1955|1956
example	1947
exchange	1942
exciton	1944
execution	1950
existe	1937
export	1937|1938|1939|1940|1941|1942|1943|1944|1945|1946|1947|1948|1949|1950|1951|1952|1953|1954|1955|1956
failure	1950
faiths	1954
feature	1938
ferries	1948
ferry	1948
few	1949
fiber	1952
fiction	1948|1952
file	1937|1938|1939|1940|1941|1942|1943|1944|1945|1946|1947|1948|1949|1950|1951|1952|1953|1954|1955|1956
filles	1937
film	1943
filter	1947
filtering	1947
finding	1946
fingerprinting	1946
first	1950
float	1948
flux	1944
focus	1938
foe	1946
folding	1952
following	1937|1938|1939|1940|1941|1942|1943|1944|1945|1946|1947|1948|1949|1950|1951|1952|1953|1954|1955|1956
for	1937|1938|1939|1940|1941|1942|1943|1944|1945|1946|1947|1948|1949|1950|1951|1952|1953|1954|1955|1956
force	1948
foreman	1948
format	1942
formats	1955
fraction	1952
free	1937|1938|1939|1940|1941|1942|1943|1944|1945|1946|1947|1948|1949|1950|1951|1952|1953|1954|1955|1956
freight	1948
frequency	1947
frequent	1949
friend	1946
from	1937|1938|1939|1940|1941|1942|1943|1944|1945|1946|1947|1948|1949|1950|1951|1952|1953|1954|1955|1956
front	1947
function	1950
furniture	1947
fusion	1953
game	1952
games	1938|1948|1952
gauge	1948
gender	1954
generalized	1952
generally	1938
generation	1944
genre	1937|1949|1953
genres	1953|1955|1956
gl	1946
gods	1943
graphics	1950
grasp	1939
ground	1947
groups	1955
gsmuseet	1948
guided	1948
gun	1948
has	1937|1938|1939|1940|1941|1942|1943|1944|1945|1946|1947|1948|1949|1950|1952|1953|1954|1955|1956
heads	1948
health	1954
here	1937|1938|1939|1940|1941|1942|1943|1944|1945|1946|1947|1948|1949|1950|1951|1952|1953|1954|1955|1956
heterostructure	1944
highlights	1938
hip	1953
history	1937|1938|1939|1940|1941|1942|1943|1944|1945|1946|1947|1948|1949|1950|1951|1952|1953|1954|1955|1956
hoax	1943
hobbies	1948
hold	1948
hop	1949|1953
hotels	1948
http	1937|1938|1939|1940|1941|1942|1943|1944|1945|1946|1947|1948|1949|1950|1951|1952|1953|1954|1955|1956
human	1945|1946
hunting	1946
hyperbeam	1952
hypercube	1952
hyperlinking	1946
hypothesis	1943
iAnywhere	1946
identification	1946|1947
identity	1946|1952
if	1949
images	1948
impedance	1947
impersonation	1945
implant	1946
in	1937|1938|1939|1940|1941|1942|1943|1944|1945|1946|1947|1948|1949|1950|1951|1952|1953|1954|1955|1956
ina	1937|1938|1941|1943|1948|1949|1952|1954|1955
incircles	1952
inclined	1948
index	1937|1938|1939|1940|1941|1942|1943|1944|1945|1946|1947|1948|1949|1950|1951|1952|1953|1954|1955|1956
induction	1947
industrial	1942|1948
industry	1948
information	1937|1938|1939|1940|1941|1942|1943|1944|1945|1946|1947|1948|1949|1950|1951|1952|1953|1954|1955|1956
infrastructure	1948
inheritance	1950
inspection	1948
integer	1952
intelligence	1950
interference	1947
internal	1947
into	1938|1943
intolerance	1954
invariant	1952
is	1937|1938|1939|1940|1941|1942|1943|1944|1945|1946|1947|1948|1949|1950|1951|1952|1953|1954|1955|1956
isolation	1950
issue	1940
it	1938
its	1938
jack	1956
jam	1956
jate	1937
jazz	1953|1956
journalists	1954
junction	1944
kel	1938|1948
key	1947
keyless	1947
knight's	1952
l	1938|1944|1946|1948|1949
la	1937
label	1946
labels	1943|1955
labor	1948
land	1948
landing	1943
language	1943|1950
languages	1950
large	1949
las	1937
last	1937|1938|1939|1940|1941|1942|1943|1944|1945|1946|1947|1948|1949|1950|1951|1952|1953|1954|1955|1956
law	1940|1954
laws	1940
layer	1944
learn	1937|1938|1939|1940|1941|1942|1943|1944|1945|1946|1947|1948|1949|1950|1951|1952|1953|1954|1955|1956
leash	1946
least	1949
legal	1940
lengths	1948
les	1937
level	1938
licita	1954
lifecycle	1942
line	1947|1948
lines	1947|1948
link	1937|1938|1939|1940|1941|1942|1943|1944|1945|1946|1947|1948|1949|1950|1951|1952|1953|1954|1955|1956
links	1937|1938|1939|1940|1941|1942|1943|1944|1945|1946|1947|1948|1949|1950|1951|1952|1953|1954|1955|1956
list	1937|1938|1939|1940|1941|1942|1943|1944|1945|1946|1947|1948|1949|1950|1951|1952|1953|1954|1955|1956
lists	1938|1948
liveries	1948
load	1947|1948
locating	1946
lock	1946
locomotive	1948
locomotives	1948
loop	1947
loss	1947
lost	1943
low	1946|1947
m-g	1938|1948
mac	1943
machines	1950
made	1948
magic	1952
magnetic	1944
magnetoresistance	1944
magnitude	1947
main	1938|1939|1940|1941|1942|1943|1944|1946|1947|1948|1950|1952|1953|1955
mainly	1949
maintenance	1942|1949
man's	1948
management	1942|1946
manager	1942
manipulation	1948
manufacturing	1942
master	1947|1948
matching	1947
math	1947
mathematics	1941|1952
matter	1944
may	1937|1938|1939|1940|1941|1942|1943|1944|1945|1946|1947|1948|1949|1950|1951|1952|1953|1954|1955|1956
means	1938|1948
mechanical	1948
mechanics	1941|1944
media	1938|1940|1941|1947|1948|1949|1952|1954|1955
memory	1946
menu	1937|1938|1939|1940|1941|1942|1943|1944|1945|1946|1947|1948|1949|1950|1951|1952|1953|1954|1955|1956
metal	1946
meter	1947
method	1948
mi	1937
mia	1937
mile	1948
minority	1945
mirage	1944
mixer	1947
mixing	1952
mo	1937
mockup	1942
mode	1947
model	1948|1952
modeling	1942
modelling	1948
modernisation	1948
modified	1937|1938|1939|1940|1941|1942|1943|1944|1945|1946|1947|1948|1949|1950|1951|1952|1953|1954|1955|1956
more	1937|1938|1939|1940|1941|1942|1943|1944|1945|1946|1947|1948|1949|1950|1951|1952|1953|1954|1955|1956
motion	1948
mountain	1948
moved	1949
movements	1954
moving	1948
multibit	1947
multilingual	1938
multiple	1948
multiplier	1947
museums	1948
music	1939|1951|1955|1956
musica	1937
musical	1955
musicians	1949|1955
mysticism	1943
myth	1943
n	1937|1938|1941|1948|1949|1952|1954|1955|1956
n-l	1938|1948
namespace	1938
namespaces	1938
nationalism	1943|1954
nationality	1949
nationalization	1948
nature	1937|1952
navigation	1937|1938|1939|1940|1941|1942|1943|1944|1945|1946|1947|1948|1949|1950|1951|1952|1953|1954|1955|1956
navigational	1955
ne	1938
nepotism	1945
network	1946|1948
networks	1947
next	1937
ng	1938|1941|1948|1949|1950|1952|1955
ngel	1937
no	1955
noise	1948
non-profit	1937|1938|1939|1940|1941|1942|1943|1944|1945|1946|1947|1948|1949|1950|1951|1952|1953|1954|1955|1956
non-religious	1954
not	1937|1938|1939|1940|1941|1942|1943|1944|1945|1946|1947|1948|1949|1950|1951|1952|1953|1954|1955|1956
nski	1949
nuill	1943
number	1948|1952
nynorsk	1937|1938|1941|1944|1948|1952|1954|1955|1956
obligations	1940
occultism	1943
occupations	1954
of	1937|1938|1939|1940|1941|1942|1943|1944|1945|1946|1947|1948|1949|1950|1951|1952|1953|1954|1955|1956
office	1948
often	1940
ol	1937|1938|1943|1944|1946|1948|1949|1950|1952|1953|1954|1955|1956
oldid	1937|1938|1939|1940|1941|1942|1943|1944|1945|1946|1947|1948|1949|1950|1951|1952|1953|1954|1955|1956
on	1937|1938|1939|1940|1941|1942|1943|1944|1945|1946|1947|1948|1949|1950|1951|1952|1953|1954|1955|1956
only	1942
operating	1950
operations	1942|1948
or	1938|1944|1946|1947|1948
order	1939
org	1937|1938|1939|1940|1941|1942|1943|1944|1945|1946|1947|1948|1949|1950|1951|1952|1953|1954|1955|1956
organization	1937|1938|1939|1940|1941|1942|1943|1944|1945|1946|1947|1948|1949|1950|1951|1952|1953|1954|1955|1956
organizations	1954
origami	1952
oscillator	1947
oscillators	1947
other	1938
out	1937|1938|1939|1940|1941|1942|1943|1944|1945|1946|1947|1948|1949|1950|1951|1952|1953|1954|1955|1956
page	1937|1938|1939|1940|1941|1942|1943|1944|1945|1946|1947|1948|1949|1950|1951|1952|1953|1954|1955|1956
pages	1937|1938|1939|1940|1941|1942|1943|1944|1945|1946|1947|1948|1949|1950|1951|1952|1953|1954|1955|1956
pair	1952
paper	1952
parallel	1948
parametron	1944
particular	1938|1954
passengers	1948
passes	1948
passport	1946
path	1952
payment	1946
people	1954
persecution	1954
perturbation	1947
phenomenon	1943
phone	1947
photography	1948
php	1937|1938|1939|1940|1941|1942|1943|1944|1945|1946|1947|1948|1949|1950|1951|1952|1953|1954|1955|1956
physics	1944
piano	1937
pictures	1938
pieces	1947
plane	1948
planning	1942
platform	1946
pluralism	1954
poetry	1953
point	1944
polariton	1944
police	1948
policy	1937|1938|1939|1940|1941|1942|1943|1944|1945|1946|1947|1948|1949|1950|1951|1952|1953|1954|1955|1956
politics	1954
popular	1954
populations	1954
portal	1937|1938|1939|1940|1941|1942|1943|1944|1945|1946|1947|1948|1949|1950|1951|1952|1953|1954|1955|1956
portal's	1938
portals	1938
ports	1939
positioning	1946
post	1948
power	1947
presidential	1943
previous	1937
prime	1952
principles	1947
printer	1946
private	1940
probability	1941
probe	1947
problem	1941|1952
problems	1952
process	1942
processing	1946|1947
processor	1947
producer	1955
programming	1950
programs	1954
project	1942
protocol	1950
provide	1938
psychiatry	1954
publishing	1948
pull	1947
push	1948
puzzle	1952
puzzles	1952
pyramids	1943
quality	1942
quantum	1944
qubit	1944
queens	1952
quenching	1944
question	1943
race	1943|1945|1954
racial	1945
radiations	1944
radiator	1947
radio	1937|1947
rail	1948
railroad	1948
railroads	1948
rails	1948
railway	1948
railways	1948
range	1947
rapper	1949
rappers	1949
ratio	1947
rbaycanca	1938|1941|1948|1949|1954
re	1943
reading	1946
reasoning	1941
receiver	1947
receiver-	1947
receivers	1947
recent	1937|1938|1939|1940|1941|1942|1943|1944|1945|1946|1947|1948|1949|1950|1951|1952|1953|1954|1955|1956
reciprocal	1952
record	1942|1955
recreational	1952
reflect	1937|1938|1939|1940|1941|1942|1943|1944|1945|1946|1947|1948|1949|1950|1951|1952|1953|1954|1955|1956
reflection	1947
reggae	1953
reggaeton	1953
registered	1937|1938|1939|1940|1941|1942|1943|1944|1945|1946|1947|1948|1949|1950|1951|1952|1953|1954|1955|1956
related	1938|1940|1941|1943|1947|1948|1949|1952|1954|1955
relating	1947
relationships	1954
relevant	1938
religion	1954
religions	1954
religious	1954
remote	1947
repair	1942
repeater	1947
represented	1943
require	1949
requiring	1949
research	1941
resistance	1948
resonance	1944
response	1947
review	1938
revisionism	1943
revolution	1939
rgico	1937
rhythm	1955
rides	1948
ring	1952
riots	1954
rk	1937|1938|1940|1941|1943|1944|1947|1948|1949|1953|1954|1955|1956
road	1946
robbery	1948
rock	1953
rope	1952
ror	1946
route	1948
rubber	1952
rule	1952
running	1948
rv	1948
s	1937|1938|1941|1943|1948|1949|1952|1953|1954|1955|1956
safety	1948
sandbox	1948
scandals	1954
scheduler	1950
scheduling	1950
science	1944|1954
scope	1943
screening	1947
seal	1943
search	1937|1938|1939|1940|1941|1942|1943|1944|1945|1946|1947|1948|1949|1950|1951|1952|1953|1954|1955|1956
security	1946
see	1937|1951
segregation	1945
sensing	1946
sentenciada	1937
sentiment	1954
sequences	1952
serialization	1946
series	1943|1955
services	1948
set	1955
shame	1945
shielding	1947|1950
shooting	1954
short	1947
should	1938|1949
shunter	1948
shuttle	1948
signal	1947
signature	1946
singer	1956
single	1944
singles	1951
size	1948
slenska	1948|1949
slip	1948
smart	1946
smoking	1954
societies	1954
society	1939|1945|1954
sofa	1952
software	1942
solar	1944
solitaire	1952
solomon	1949
solving	1941
song	1937|1951
songs	1937|1951|1955
sorted	1938
soul	1956
speculation	1943
speech	1943
spin	1944
splatter	1947
spur	1948
square	1952
squares	1952
srpski	1938|1941|1943|1944|1948|1955
stamp	1952
standards	1942
state	1948
states	1943
stations	1947|1948
statistics	1941|1948
stealth	1948
steel	1948
stereotypes	1945
stock	1948
stones	1943
stream	1946
strength	1947
strikes	1948
strip	1952
stripe	1946
structure	1942
stubs	1948
studies	1954
studio-transmitter	1947
styles	1955
subcategories	1937|1938|1939|1940|1941|1943|1944|1945|1946|1947|1948|1949|1950|1952|1953|1954|1955|1956
subcategory	1942
subgenres	1953
subject	1938|1943
supercycle	1943
supported	1948
sur	1937
surfing	1948
swing	1956
switch	1948
syndrome	1945
system	1940|1946|1947|1948
systems	1947|1948|1950
t	1938|1941|1947|1948|1949|1950|1952|1955
tag	1946
tail	1948
taland	1943
tatar	1938
teau	1943
technologies	1946
technology	1947|1950
television	1947
template	1955
templates	1949
term	1939
terms	1937|1938|1939|1940|1941|1942|1943|1944|1945|1946|1947|1948|1949|1950|1951|1952|1953|1954|1955|1956
testing	1946
texts	1954
that	1938|1948
the	1937|1938|1939|1940|1941|1942|1943|1944|1945|1946|1947|1948|1949|1950|1951|1952|1953|1954|1955|1956
theme	1938
theology	1954
theorem	1952
theories	1943|1947
theorists	1943
theory	1939|1943|1947|1952
there	1938
this	1937|1938|1939|1940|1941|1942|1943|1944|1945|1946|1947|1948|1949|1950|1951|1952|1953|1954|1955|1956
thus	1938
ti	1937
tic-tac-toe	1952
ticketing	1946
ties	1948
tiling	1952
time	1943|1948|1950
timing	1946
title	1937|1938|1939|1940|1941|1942|1943|1944|1945|1946|1947|1948|1949|1950|1951|1952|1953|1954|1955|1956
to	1937|1938|1939|1940|1941|1942|1943|1944|1945|1946|1947|1948|1949|1950|1951|1952|1953|1954|1955|1956
toll	1946
tolling	1946
ton	1948
too	1949
tools	1937|1938|1939|1940|1941|1942|1943|1944|1945|1946|1947|1948|1949|1950|1951|1952|1953|1954|1955|1956
top	1938
topics	1941|1952|1954
tortoise	1952
total	1937|1938|1939|1940|1941|1942|1943|1944|1945|1946|1947|1948|1949|1950|1951|1952|1953|1954|1955|1956
toutes	1937
town	1948
tracks	1948
trademark	1937|1938|1939|1940|1941|1942|1943|1944|1945|1946|1947|1948|1949|1950|1951|1952|1953|1954|1955|1956
traditions	1954
traffic	1947
trails	1948
train	1948
trains	1948
trans-oceanic	1943
transducer	1947
transfer	1946
transformation	1945
transit	1948
translators	1947
transmission	1946|1947
transmitter	1947
transmitter-related	1947
transmitters	1947
transponder	1946
transport	1948
transport-related	1948
transportation	1948
treason	1943
trends	1939
trestle	1948
triangle	1952
triangulation	1946
trolley	1948
trunked	1947
tsch	1938|1948
tuning	1947
tunnel	1944
tunnelling	1944
two	1948
two-way	1947
type	1942
tzebuergesch	1938|1948|1949
u	1938|1948|1952
un	1937
uncrossed	1952
under	1937|1938|1939|1940|1941|1942|1943|1944|1945|1946|1947|1948|1949|1950|1951|1952|1953|1954|1955|1956
uniformity	1954
unions	1948
unit	1948
up	1939
us	1937|1938|1939|1940|1941|1942|1943|1944|1945|1946|1947|1948|1949|1950|1951|1952|1953|1954|1955|1956
usage	1948
used	1938|1947|1948
usually	1948
v	1943
valve	1944
vector	1947
vehicles	1948
version	1937|1938|1939|1940|1941|1942|1943|1944|1945|1946|1947|1948|1949|1950|1951|1952|1953|1954|1955|1956
very	1949
view	1937|1938|1939|1940|1941|1942|1943|1944|1945|1946|1947|1948|1949|1950|1951|1952|1953|1954|1955|1956
views	1954
violence	1954
virtual	1950
visualization	1942
von	1952
w	1937|1938|1939|1940|1941|1942|1943|1944|1945|1946|1947|1948|1949|1950|1951|1952|1953|1954|1955|1956
wagon	1948
war	1948
was	1937|1938|1939|1940|1941|1942|1943|1944|1945|1946|1947|1948|1949|1950|1951|1952|1953|1954|1955|1956
watch	1943
water	1952
waterfronts	1939
wave	1947
wavemeter	1947
waves	1947
web	1950
weight	1948
welding	1948
well	1944
where	1949
which	1938
whistle	1948
white	1945
wikipedia	1937|1938|1939|1940|1941|1942|1943|1944|1945|1946|1947|1948|1949|1950|1951|1952|1953|1954|1955|1956
wire	1944|1947
with	1937|1940|1944|1951|1954|1955
within	1954
woman	1945
wood	1948
words	1943
working	1948
world	1954
worm	1952
writer	1946
writers	1948
www	1938
zodiac	1943
