-	1757|1758|1759|1760|1761|1762|1763|1764|1765|1766|1767|1768|1769|1770|1771|1772|1773|1774|1775|1776
00	1775
01	1760|1766|1770|1772
02	1771
03	1774
05	1768
07	1758|1767
08	1769
09	1760
1	1758|1761|1762|1766|1767|1773|1774
10	1757|1759|1761|1762|1767|1773|1774
11	1758|1761|1766|1768|1773|1774
12	1759|1761|1772|1773|1774
13	1762|1771|1773
14	1758|1765|1766|1767|1773|1774
141	1758
15	1766|1773|1776
16	1757|1768|1773|1774
17	1761|1763|1766|1773
18	1760|1770|1772|1773|1775|1776
19	1758|1764|1765|1768|1773|1776
2	1757|1758|1760|1763|1765|1766|1767|1768|1769|1770|1773|1774|1776
20	1765
200	1765|1773
2012	1757|1758|1760|1761|1762|1763|1770|1772|1775
2013	1759|1764|1765|1766|1767|1768|1769|1771|1773|1774|1776
207	1765
21	1758|1759|1767|1773
22	1763|1770|1772|1773
23	1758|1762|1773
24	1761|1772
245	1758
247	1773
25	1761|1773
26	1757|1773
28	1766|1773
3	1757|1758|1759|1761|1762|1765|1766|1768|1773|1774
30	1773
31	1758
33	1764
34	1765|1769
35	1772
36	1773
37	1758|1773
38	1762
4	1761|1765|1773|1776
41	1767|1773
42	1758|1776
44	1758|1773
45	1773
47	1764
475372655	1757
49	1766|1771
5	1758|1761|1773|1774|1775
50	1758|1773
518404929	1763
518423000	1775
518424670	1760
518425143	1772
518426462	1770
519387273	1762
52	1763
521638424	1758
529620787	1761
530725373	1767
530887993	1769
532357537	1759
532798936	1771
533458313	1766
533884771	1768
533889466	1776
533890050	1764
533895871	1765
536176097	1774
537701478	1773
56	1775
59	1758|1776
6	1757|1758|1765|1766|1768|1773
65	1766
66	1761
7	1757|1758|1773|1774|1776
73	1768
74	1758
79	1758
8	1773|1776
86	1761
9	1758|1773
90	1766
95	1774
97	1773
A	1757|1758|1761|1765|1766|1767|1768|1771|1773|1776
A'Tong	1773
A-Pucikwar	1773
Abkhazia	1772|1773
Abkhazian	1757
Abon	1765
Aboriginal	1761
About	1757|1758|1759|1760|1761|1762|1763|1764|1765|1766|1767|1768|1769|1770|1771|1772|1773|1774|1775|1776
Abron	1768
Actions	1757|1758|1759|1760|1761|1762|1763|1764|1765|1766|1767|1768|1769|1770|1771|1772|1773|1774|1775|1776
Adamawa	1765
Adamorobe	1768
Adangme	1768
Adele	1768
Afade	1765
Afghanistan	1772|1773
Africa	1764|1765|1768|1776
African	1775
Afrikaans	1761|1764|1766|1773
Aghem	1765
Ahanta	1768
Ahirani	1773
Aka-Kora	1773
Akan	1768
Akhoe	1764
Alemannisch	1773
Allophone	1766
Alphabet	1765
Altar	1757
Ambo	1765
America	1762|1766|1771
American	1759|1766
Ancient	1757
Andamanese	1773
Andh	1773
Angami	1773
Angika	1773
Anglophone	1765
Animere	1768
Antigua	1760
Anyin	1768
Ao	1773
Apabhra	1773
Arab	1772|1773
Arabia	1772|1773
Arabic	1765
Arawak	1771
Are	1773
Armenia	1772|1773
Armenian	1761|1766
Articles	1758|1759|1762|1767|1770
Asia	1772|1773
Assamese	1773
Assyrian	1757
Atorada	1771
Attribution-ShareAlike	1757|1758|1759|1760|1761|1762|1763|1764|1765|1766|1767|1768|1769|1770|1771|1772|1773|1774|1775|1776
Auslan	1761
Australia	1761
Australian	1761
Avatime	1768
Awadhi	1767|1773
Aweer	1776
Az	1758|1761|1762|1764|1765|1766|1767|1770|1772|1773|1774|1776
Azerbaijan	1772|1773
B	1757|1758|1761|1762|1763|1764|1765|1766|1768|1771|1772|1773|1776
Bafanji	1765
Bafaw-Balong	1765
Bafia	1765
Bagh	1758
Bahasa	1761|1764|1766|1773|1774|1776
Bahing	1773
Bahrain	1772|1773
Baile	1757
Bajuni	1776
Baka	1765
Baldemu	1765
Bamali	1765
Bambalang	1765
Bambara	1768
Bamenyam	1765
Bamileke	1765
Bamum	1765
Bana	1765
Bangalore	1773
Bangladesh	1772|1773
Bangolan	1765
Bankon	1765
Bantu	1765|1776
Barbuda	1760
Bareli	1773
Barkdust	1758
Barossa	1761
Basaa	1765
Bashai	1773
Basila	1768
Bata	1765
Bati	1765
Batu	1765
Bauria	1773
Bay	1766
Bebele	1765
Bebil	1765
Beboid	1765
Behistun	1757
Belize	1762
Belizean	1762
Bemba	1764
Bengali	1773
Beni	1773
Berbice	1771
Bermuda	1763
Bermudian	1763
Beti	1765
Bhasha	1773
Bhashe	1773
Bhattiyali	1773
Bhilali	1773
Bhili	1773
Bhilori	1773
Bhojpuri	1773
Bhutan	1772|1773
Bible	1773
Bihari	1773
Bilingualism	1766|1772
Bioswale	1758
Birifor	1768
Bishnupriya	1773
Bitare	1765
Bodo	1773
Body	1774
Bombay	1773
Bomwali	1765
Bonda	1773
Boni	1776
Bonkeng	1765
Book	1757
Books	1757
Borana	1776
Border	1758
Bori	1773
Bosanski	1776
Botanical	1758
Botswana	1764
Braille	1772
Braj	1773
Brajabuli	1773
Brezhoneg	1761|1764|1765|1766|1768|1771|1773|1776
Britanniae	1757
British	1758|1772|1773
Brittany	1758
Broken	1766
Broome	1761
Brothers	1758
Brunei	1772|1773
Bube	1765
Bulgarian	1757
Buli	1768
Bulu	1765
Bundeli	1773
Bung	1765
Bungi	1766
Bureau	1768
Burji	1776
Burma	1772|1773
Buwal	1765
Bwela	1765
Byep	1765
C	1757|1758|1761|1762|1765|1766|1767|1768|1770|1771|1772|1773|1774|1776
Caka	1765
Cambodia	1772|1773
Cameroon	1765
Cameroonian	1765
Camfranglais	1765
Camling	1773
Camus	1776
Canada	1766
Canada's	1766
Canadian	1766
Canara	1773
Canon	1757
Cant	1774
Cantonese	1761|1766|1772
Carib	1771
Caribbean	1760|1762|1773|1775
Carrier	1766
Catal	1764|1773
Catalogue	1757
Categories	1757|1758|1759|1760|1761|1762|1763|1764|1765|1766|1767|1768|1769|1770|1771|1772|1773|1774|1775|1776
Category	1757|1758|1759|1760|1761|1762|1763|1764|1765|1766|1767|1768|1769|1770|1771|1772|1773|1774|1775|1776
Central	1762|1766
Ceve	1765
Ch	1757
Chadian	1765
Chakali	1768
Chakma	1773
Chakosi	1768
Chala	1768
Chamba	1765
Chamorro	1770
Chang	1773
Check	1758
Cherepon	1768
Chhattisgarhi	1773
Chiac	1766
Chin	1773
China	1772|1773
Chinese	1761|1766|1772
Chokri	1773
Christmas	1772|1773
Chronicles	1757
Chuinn	1757
Chumburung	1768
Cityscape	1758
Cityscapes	1758
Classical	1773
Coast	1776
Cocos	1761|1772|1773
Code-switching	1772
Collective	1758
Commons	1757|1758|1759|1760|1761|1762|1763|1764|1765|1766|1767|1768|1769|1770|1771|1772|1773|1774|1775|1776
Community	1757|1758|1759|1760|1761|1762|1763|1764|1765|1766|1767|1768|1769|1770|1771|1772|1773|1774|1775|1776
Conference	1758
Conservancy	1758
Conservation	1758
Contact	1757|1758|1759|1760|1761|1762|1763|1764|1765|1766|1767|1768|1769|1770|1771|1772|1773|1774|1775|1776
Contents	1757|1758|1759|1760|1761|1762|1763|1764|1765|1766|1767|1768|1769|1770|1771|1772|1773|1774|1775|1776
Convention	1758
Cop	1757
Cottage	1758
Create	1757|1758|1759|1760|1761|1762|1763|1764|1765|1766|1767|1768|1769|1770|1771|1772|1773|1774|1775|1776
Creative	1757|1758|1759|1760|1761|1762|1763|1764|1765|1766|1767|1768|1769|1770|1771|1772|1773|1774|1775|1776
Cree	1766
Creole	1760|1762|1766|1769|1771
Cullen	1758
Cultural	1758
Current	1757|1758|1759|1760|1761|1762|1763|1764|1765|1766|1767|1768|1769|1770|1771|1772|1773|1774|1775|1776
Cuvok	1765
Cymraeg	1766|1773
Cyprus	1772|1773
D	1758|1765|1766|1768|1773|1776
Daasanach	1776
Daba	1765
Dagaare	1768
Dagbani	1768
Dahalo	1776
Dakhini	1773
Dama	1765
Damu	1773
Danezaa	1766
Dardic	1773
Dau	1767
December	1761
Deg	1768
Dek	1765
Delo	1768
Demolinguistic	1766
Dependencies	1772|1773
Designed	1758
Deutsch	1758
Dhimal	1773
Dialects	1773
Digaro	1773
Digo	1776
Dii	1765
Dimasa	1773
Disclaimers	1757|1758|1759|1760|1761|1762|1763|1764|1765|1766|1767|1768|1769|1770|1771|1772|1773|1774|1775|1776
Divan	1757
Doabi	1773
Dogri	1773
Domari	1773
Donate	1757|1758|1759|1760|1761|1762|1763|1764|1765|1766|1767|1768|1769|1770|1771|1772|1773|1774|1775|1776
Dowayo	1765
Download	1757|1758|1759|1760|1761|1762|1763|1764|1765|1766|1767|1768|1769|1770|1771|1772|1773|1774|1775|1776
Dravidian	1773
Duala	1765
Duli	1765
Duruwa	1773
Dutch	1771
E	1758|1759|1760|1761|1762|1763|1764|1765|1766|1767|1768|1769|1770|1771|1772|1773|1774|1775|1776
East	1767|1772|1773
Eastern	1765
Ecomuseums	1758
Edit	1757|1758|1759|1760|1761|1762|1763|1764|1765|1766|1767|1768|1769|1770|1771|1772|1773|1774|1775|1776
Efutu	1768
Egypt	1772|1773
Egyptian	1757
Ekoid	1765
El	1776
Elgon	1776
Eman	1765
Embu	1776
Emirates	1772|1773
Endangered	1773
English	1757|1759|1760|1761|1762|1763|1764|1765|1766|1767|1768|1769|1770|1771|1772|1773|1774|1775|1776
English-speaking	1766
Environmental	1758
Esimbi	1765
Espa	1759|1760|1761|1762|1763|1764|1765|1766|1767|1768|1769|1770|1771|1773|1774|1775|1776
Esperanto	1759|1761|1762|1764|1765|1766|1767|1768|1770|1771|1772|1773|1774|1775|1776
Eton	1765
Etymological	1774
Europe	1774
European	1758
Euskara	1758|1761|1762|1765|1766|1773|1774
Evant	1765
Ewe	1768
Ewondo	1765
Extinct	1761
F	1758|1765|1766|1767|1768|1773|1774
Fa	1765
Fab	1758
Fang	1765
Fe'fe'	1765
Featured	1757|1758|1759|1760|1761|1762|1763|1764|1765|1766|1767|1768|1769|1770|1771|1772|1773|1774|1775|1776
February	1757|1773|1774
Fiji	1764|1767|1768|1776
Fijian	1767
Fingalian	1774
Finlay	1758
First	1766
For	1757
Foundation	1757|1758|1759|1760|1761|1762|1763|1764|1765|1766|1767|1768|1769|1770|1771|1772|1773|1774|1775|1776
Frafra	1768
Fran	1760|1761|1762|1764|1765|1766|1767|1768|1771|1773|1774|1775|1776
Franglais	1766
Fraser	1773
French	1765|1766
Frespa	1766
From	1757|1758|1759|1760|1761|1762|1763|1764|1765|1766|1767|1768|1769|1770|1771|1772|1773|1774|1775|1776
Fula	1765
Furu	1765
Fut	1765
G	1758|1761|1762|1764|1765|1766|1767|1768|1769|1773|1774|1776
Ga	1768
Gab	1757
Gaeilge	1761|1774
Gaelg	1761|1764|1766|1773|1774
Gaelic	1766
Gaelic-language	1774
Gallong	1773
Gamit	1773
Garden	1758
Gardens	1758
Garifuna	1762
Garo	1773
Gataq	1773
Gawar	1765
Gbanu	1765
Gbanzili	1765
Gbaya	1765
Gbe	1768
Gciriku	1764
General	1765
Geography	1758
Geomorphology	1758
Georgia	1772|1773
German	1761|1766
Ghana	1768
Ghanaian	1768
Ghomala'	1765
Gidar	1765
Gikuyu	1776
Gilbertese	1767
Giziga	1765
Glavda	1765
Goan	1773
Goidelic	1774
Gone	1767
Gordon	1758
Government	1772
Grassed	1758
Grassfields	1765
Great	1773
Green	1758
Grenada	1769
Grenadian	1769
Groenendaal	1758
Groma	1773
Growth	1758
Gua	1768
Guam	1770
Gude	1765
Gujarati	1773|1776
Gujari	1773
Gullion	1758
Gunu	1765
Gur	1768
Gurindji	1761
Gusii	1776
Gutob	1773
Guyana	1771
Guyanese	1771
Gvoko	1765
H	1757|1758|1764|1765|1766|1767|1768|1772|1773|1774
Hab	1758
Haba	1764
Haflong	1773
Hajong	1773
Hakha	1773
Hakka	1772
Halbi	1773
Haldhar	1773
Hamilton	1758
Hanga	1768
Hanklyn-Janklin	1773
Harauti	1773
Hard	1758
Hardscape	1758
Hausa	1765|1768
Hdi	1765
Help	1757|1758|1759|1760|1761|1762|1763|1764|1765|1766|1767|1768|1769|1770|1771|1772|1773|1774|1775|1776
Herero	1764
Hiberno-English	1774
Hijuk	1765
Himalayish	1773
Hina	1765
Hindi	1764|1767|1768|1773|1776
Hindi-to-Punjabi	1773
Hindustani	1767|1773
Historia	1757
History	1758|1774
Hmar	1773
Hoan	1764
Hong	1772|1773
Horticulture	1758
Hruso	1773
Hrvatski	1759|1760|1761|1762|1764|1765|1766|1767|1768|1769|1770|1771|1773|1776
Hutterite	1766
Hya	1765
Hydroelectricity	1758
I	1758|1761|1765|1766|1773|1774|1776
Ian	1758
Idaxo-Isuxa-Tiriki	1776
Ido	1758|1764|1765|1766|1768|1776
Ilwana	1776
Inc	1757|1758|1759|1760|1761|1762|1763|1764|1765|1766|1767|1768|1769|1770|1771|1772|1773|1774|1775|1776
Index	1758
India	1758|1772|1773
Indian	1772|1773
Indo-Aryan	1773
Indo-Pakistani	1773
Indonesia	1761|1764|1766|1772|1773|1774|1776
Inscription	1757
Institute	1758
Interaction	1757|1758|1759|1760|1761|1762|1763|1764|1765|1766|1767|1768|1769|1770|1771|1772|1773|1774|1775|1776
Inuinnaq	1766
Inuit	1766
Inuktitut	1766
Inuvialuk	1766
Ipulo	1765
Iran	1772|1773
Iraq	1772|1773
Ireland	1774
Irish	1766|1774
IsiZulu	1764
Island	1761|1772|1773
Islands	1770|1772|1773
Israel	1772|1773
Italian	1758|1761
Italiano	1759|1761|1762|1764|1765|1766|1767|1768|1771|1773|1776
Iyive	1765
J	1758|1764|1765|1766|1768|1772|1773|1775
Jain	1773
Jamaica	1775
Jamaican	1775
January	1759|1764|1765|1766|1767|1768|1769|1771|1776
Japan	1772|1773
Japanese	1773
Jeseri	1773
Jimi	1765
Jina	1765
Jordan	1772|1773
Joual	1766
Ju	1764
Juang	1773
Judeo-Malayalam	1773
Jump	1757|1758|1759|1760|1761|1762|1763|1764|1765|1766|1767|1768|1769|1770|1771|1772|1773|1774|1775|1776
Jungles	1758
Jwira-Pepesa	1768
Jyutping	1772
K	1757|1761|1764|1765|1766|1768|1771|1773|1776
Kaalong	1765
Kabye	1768
Kachari	1773
Kachin	1773
Kako	1765
Kalanga	1764
Kalenjin	1776
Kalto	1773
Kamara	1768
Kamba	1776
Kanaka	1761
Kangiryuarmiut	1766
Kangri	1773
Kanikkaran	1773
Kannada	1773
Kantosi	1768
Kanuri	1765
Kap	1771
Kare	1765
Kasem	1768
Kashmiri	1773
Kashubian	1766
Kathiyawadi	1773|1776
Kazakhstan	1772|1773
Kebu	1768
Keeling	1772|1773
Kenya	1776
Kenyan	1776
Kera	1765
Kgalagadi	1764
Kharia	1773
Khasi	1773
Khayo	1776
Kheza	1773
Khiamniungan	1773
Kho-Bwa	1773
Khoekhoe	1764
Khowa	1773
Khowar	1773
Khwe	1764
Ki	1765
King	1757
King_lists	1757
Kings	1757
Kipsigis	1776
Kiswahili	1764|1765|1766|1768|1776
Koch	1773
Kogo	1765
Kokborok	1773
Kol	1765
Kolarian	1773
Koli	1773
Kom	1765
Koma	1765
Kong	1772|1773
Konkani	1773
Konkomba	1768
Konni	1768
Konyak	1773
Koraga	1773
Korea	1772|1773
Korean	1761|1766
Kosli	1773
Kposo	1768
Kpwe	1765
Krache	1768
Kriol	1761
Kristi	1773
Kuhane	1764
Kukish	1773
Kullu	1773
Kumarbhag	1773
Kumari	1773
Kung	1764
Kuo	1765
Kuria	1776
Kurux	1773
Kusaal	1768
Kutchi	1773
Kutin	1765
Kuwait	1772|1773
Kwa	1765
Kwakum	1765
Kwasio	1765
Kx	1764
Kx'a	1764
Kyrgyzstan	1772|1773
L	1757|1758|1760|1761|1762|1764|1765|1766|1767|1768|1772|1773|1775|1776
La'bi	1765
Labrador	1766
Lae	1758
Lagwan	1765
Lahuli-Spiti	1773
Lai	1773
Lala	1764
Lamu-Lamu	1761
Land	1758
Landform	1758
Landscape	1758
Landscapes	1758
Landscaping	1758
Language	1766|1768|1773|1774|1776
Languages	1757|1758|1759|1760|1761|1762|1763|1764|1765|1766|1767|1768|1769|1770|1771|1772|1773|1774|1775|1776
Languages_of_American_Samoa	1759
Languages_of_Antigua_and_Barbuda	1760
Languages_of_Australia	1761
Languages_of_Belize	1762
Languages_of_Bermuda	1763
Languages_of_Botswana	1764
Languages_of_Cameroon	1765
Languages_of_Canada	1766
Languages_of_Fiji	1767
Languages_of_Ghana	1768
Languages_of_Grenada	1769
Languages_of_Guam	1770
Languages_of_Guyana	1771
Languages_of_Hong_Kong	1772
Languages_of_India	1773
Languages_of_Ireland	1774
Languages_of_Jamaica	1775
Languages_of_Kenya	1776
Lanka	1772|1773
Laos	1772|1773
Larteh	1768
Latina	1761|1766|1767|1771|1773|1776
Latinisation	1772
Latvie	1758|1759|1761|1765|1766|1767|1768|1770|1771|1773|1774|1775|1776
Lauan	1767
Lavergne	1766
Law	1766
Lawns	1758
Lebanon	1772|1773
Lebor	1757
Leeward	1760
Leko	1765
Lelemi	1768
Liberian	1757
License	1757|1758|1759|1760|1761|1762|1763|1764|1765|1766|1767|1768|1769|1770|1771|1772|1773|1774|1775|1776
Lietuvi	1758|1773
Ligbi	1768
Light	1761
Likpe	1768
Limba	1765
Limbu	1773
Limbum	1765
Limburgs	1758
Linguistic	1772|1773
Lish	1773
List	1757|1758|1766|1773|1775
Lists	1757
Lisu	1773
Living	1758
Log	1757|1758|1759|1760|1761|1762|1763|1764|1765|1766|1767|1768|1769|1770|1771|1772|1773|1774|1775|1776
Logba	1768
Logoli	1776
Lolo-Burmese	1773
Lomaiviti	1767
Lotha	1773
Low-impact	1758
Lozi	1764
Lubanki	1773
Lugger	1761
Luhya	1776
Luic	1773
Luo	1765|1776
Lyngngam	1773
M	1758|1761|1762|1764|1765|1766|1768|1771|1772|1773|1774|1776
Ma	1765
Maa	1776
Maasai	1776
Macau	1772|1773
Machine	1773
Macushi	1771
Madras	1773
Mafa	1765
Magahi	1773
Magar	1773
Magari	1773
Maharashtri	1773
Maharashtrian	1773
Main	1757|1758|1759|1760|1761|1762|1763|1764|1765|1766|1767|1768|1769|1770|1771|1772|1773|1774|1775|1776
Maithili	1773
Majera	1765
Majhwar	1773
Makaa	1765
Makaa-Njem	1765
Mal	1773
Malay	1761
Malayalam	1773
Malaysia	1772|1773
Maldives	1772|1773
Maldivian	1773
Malgbe	1765
Maltralian	1761
Malvi	1773
Malwi	1773
Mampruli	1768
Mandarin	1772
Mandeali	1773
Manenguba	1765
Mangbai	1765
Manipuri	1773
Manza	1765
Mapidian	1771
Mara	1773
Marachi	1776
Marathi	1773
Marconi	1758
Maria	1773
Mariana	1770
Maritime	1766
Markweta	1776
Maroon	1775
Marys	1766
Masa	1765
Maslam	1765
Massa	1765
Matal	1765
Maya	1762
Mayek	1773
Mazagway	1765
Mb	1765
Mboa	1765
Mbudum	1765
Mbuko	1765
Mbukushu	1764
Mbule	1765
Mbum	1765
Medumba	1765
Mefele	1765
Meitei	1773
Melayu	1773
Memoni	1773
Mengisa	1765
Merey	1765
Meriam	1761
Meru	1776
Mesaka	1765
Mewari	1773
Mfumte	1765
Michif	1766
Mid-Ulster	1774
Middle	1773
Midzu	1773
Miji	1773
Miju	1773
Mirpur	1773
Mishmi	1773
Mission	1773
Miyobe	1768
Mizo	1773
Moba	1768
Mobile	1757|1758|1759|1760|1761|1762|1763|1764|1765|1766|1767|1768|1769|1770|1771|1772|1773|1774|1775|1776
Mofu	1765
Mofu-Gudur	1765
Molo	1776
Moloko	1765
Momo	1765
Mongolia	1772|1773
Mongsen	1773
Mono	1765
Moonam	1773
Mopan	1762
Mossi	1768
Mountain	1768
Mpade	1765
Mpra	1768
Mpumpong	1765
Mser	1765
Mugom	1773
Munda	1773
Mundang	1765
Mundari	1773
Mungaka	1765
Muria	1773
Musgu	1765
Muyang	1765
Myanmar	1772|1773
N	1757|1758|1761|1764|1765|1766|1767|1768|1772|1773|1774|1776
Naanam	1773
Naandi	1776
Nafaanra	1768
Nag	1773
Nagorno-Karabakh	1772|1773
Nagpuri	1773
Nagumi	1765
Nahari	1773
Names	1773
Namespaces	1757|1758|1759|1760|1761|1762|1763|1764|1765|1766|1767|1768|1769|1770|1771|1772|1773|1774|1775|1776
Namosi-Naitasiri-Serua	1767
Nandi	1776
Naro	1764
National	1758|1773
Nations	1766
Navigation	1757|1758|1759|1760|1761|1762|1763|1764|1765|1766|1767|1768|1769|1770|1771|1772|1773|1774|1775|1776
Nawayathi	1773
Nda	1765
Ndai	1765
Ndebele	1764
Nederlands	1759|1761|1762|1764|1765|1766|1768|1771|1773|1774|1776
Nen	1765
Nepal	1772|1773
Nepali	1773
Netsilik	1766
New-French	1772
Newfoundland	1766
Nga'ka	1765
Ngemba	1765
Ngiemboon	1765
Ngomba	1765
Ngombale	1765
Ngwe	1765
Nigeria	1765
Nihali	1773
Nilotic	1776
Nimbari	1765
Njem	1765
Nkambe	1765
Nkami	1768
Nkongho	1765
Nkonya	1768
Nocte	1773
Noho	1765
Nominalia	1757
Noni	1765
Norfolk	1761
Norfuk	1761
Norsk	1759|1760|1761|1762|1764|1765|1766|1767|1768|1770|1771|1773|1774|1775|1776
North	1762|1765|1766|1772|1773|1774
Northeast	1773|1776
Northern	1764|1772|1773|1774
Northwest	1765
Notre	1768
November	1758
Ntcham	1768
Ntenyi	1773
Nubi	1776
Nun	1765
Nuni	1768
Nyangbo-Tafi	1768
Nyole	1776
Nyong	1765
Nzakambay	1765
Nzanyi	1765
Nzema	1768
Nzime	1765
O	1758|1765|1766|1773|1776
Oblo	1765
Observation	1758
Occitan	1761|1766|1767|1773
Ocean	1772|1773
Oceania	1759|1761|1767|1770
Oceanic	1767
October	1760|1762|1763|1770|1772|1775
Odawa	1766
Official	1766|1773
Ogiek	1776
Ollari	1773
Olmsted	1758
Oman	1772|1773
Omo	1776
Omotik	1776
Oriya	1773
Orma	1776
Oroko	1765
Oromo	1776
Ossetia	1772|1773
Otank	1765
Oudolf	1758
P	1757|1758|1761|1762|1765|1766|1767|1768|1772|1773|1774|1776
PDF	1757|1758|1759|1760|1761|1762|1763|1764|1765|1766|1767|1768|1769|1770|1771|1772|1773|1774|1775|1776
Paasaal	1768
Page	1757|1758|1759|1760|1761|1762|1763|1764|1765|1766|1767|1768|1769|1770|1771|1772|1773|1774|1775|1776
Pages	1757|1758|1759|1760|1761|1762|1763|1764|1765|1766|1767|1768|1769|1770|1771|1772|1773|1774|1775|1776
Pahari	1773
Paharia	1773
Pakistan	1772|1773
Palestine	1772|1773
Pali	1773
Palya	1773
Pam	1765
Pao	1773
Papia	1765
Pardhi	1773
Park	1758
Parkwa	1765
Parkway	1758
Passamaquoddy	1766
Patois	1775
Pauri	1773
Pearling	1761
People's	1772|1773
Permanent	1757|1758|1759|1760|1761|1762|1763|1764|1765|1766|1767|1768|1769|1770|1771|1772|1773|1774|1775|1776
Permeable	1758
Persian	1773
Personal	1757|1758|1759|1760|1761|1762|1763|1764|1765|1766|1767|1768|1769|1770|1771|1772|1773|1774|1775|1776
Philadelphia	1758
Philippines	1772|1773
Phom	1773
Pidgin	1761|1765|1766
Pidgins	1761
Piemont	1761|1762|1765|1766|1768|1771|1773|1774|1775
Piet	1758
Pinyin	1765|1772
Plateau	1766
Plautdietsch	1762|1766
Plaza	1758
Pnar	1773
Pochuri	1773
Pokomo	1776
Pol	1765
Polski	1773
Portugu	1757|1760|1761|1762|1764|1765|1766|1768|1769|1771|1772|1773|1774|1775|1776
Portuguese	1773
Prakrit	1773
Print	1757|1758|1759|1760|1761|1762|1763|1764|1765|1766|1767|1768|1769|1770|1771|1772|1773|1774|1775|1776
Printable	1757|1758|1759|1760|1761|1762|1763|1764|1765|1766|1767|1768|1769|1770|1771|1772|1773|1774|1775|1776
Privacy	1757|1758|1759|1760|1761|1762|1763|1764|1765|1766|1767|1768|1769|1770|1771|1772|1773|1774|1775|1776
Program	1766
Proper	1772
Psiky	1765
Public	1758
Puducherry	1773
Punjab	1773
Punjabi	1773
Q	1757|1761|1762|1766
Qatar	1772|1773
Quebec	1766
Quebecer	1766
Queensland	1761
R	1757|1758|1765|1767|1776
Random	1757|1758|1759|1760|1761|1762|1763|1764|1765|1766|1767|1768|1769|1770|1771|1772|1773|1774|1775|1776
Raymond	1758
Read	1757|1758|1759|1760|1761|1762|1763|1764|1765|1766|1767|1768|1769|1770|1771|1772|1773|1774|1775|1776
Recent	1757|1758|1759|1760|1761|1762|1763|1764|1765|1766|1767|1768|1769|1770|1771|1772|1773|1774|1775|1776
Regional	1773
Regnal	1757
Regrading	1758
Regum	1757
Related	1757|1758|1759|1760|1761|1762|1763|1764|1765|1766|1767|1768|1769|1770|1771|1772|1773|1774|1775|1776
Renaissance	1758
Rendille	1776
Republic	1772|1773
Research	1758
Retrieved	1757|1758|1759|1760|1761|1762|1763|1764|1765|1766|1767|1768|1769|1770|1771|1772|1773|1774|1775|1776
Reviews	1758
Rights	1766
Ring	1765
Rom	1758
Romanisation	1772
Rombi	1765
Rotuman	1767
Rural	1758
Russia	1772|1773
S	1757|1758|1759|1762|1764|1765|1766|1768|1771|1772|1773|1774|1776
Safaliba	1768
Sakuye	1776
Samburu	1776
Samia	1776
Samoa	1759
Samoan	1759
Sanskrit	1773
Santrokofi	1768
Saudi	1772|1773
Sauria	1773
Scots	1761|1766|1772|1773|1774
Scottish	1774
Search	1757|1758|1759|1760|1761|1762|1763|1764|1765|1766|1767|1768|1769|1770|1771|1772|1773|1774|1775|1776
Seascape	1758
See	1757|1758|1759|1760|1761|1762|1763|1764|1765|1766|1767|1768|1769|1770|1771|1772|1773|1774|1775|1776
Sehwi	1768
Semi-Bantu	1765
Sharwa	1765
Shelta	1774
Sheng	1776
Shona	1764
Shua	1764
Sign	1766|1768|1773|1774|1776
Simple	1773
Singapore	1772|1773
Sisaala	1768
Siwu	1768
Skepi	1771
Slavey	1766
Slieve	1758
Sloven	1773
Society	1758|1772
Softscape	1758
Sotho	1764
South	1764|1765|1771|1772|1773|1774
Southwest	1765
Sovereign	1772|1773
Space	1758
Spanish	1762
Special	1757|1758|1759|1760|1761|1762|1763|1764|1765|1766|1767|1768|1769|1770|1771|1772|1773|1774|1775|1776
Sri	1772|1773
Srpskohrvatski	1767|1773
St	1766
States	1772|1773
Stile	1758
Strait	1761
Study	1758
Suba	1776
Subcategories	1757|1758|1761|1762|1765|1766|1767|1768|1772|1773|1774|1776
Sumerian	1757
Suomi	1758|1759|1761|1762|1764|1765|1766|1767|1768|1769|1770|1771|1773|1774|1775|1776
Support	1766
Survey	1773
Sustainable	1758
Suwu	1765
Svenska	1761|1764|1765|1766|1767|1773|1774|1776
Swahili	1776
Swale	1758
Swo	1765
Syria	1772|1773
System	1758|1773
T	1758|1761|1762|1764|1765|1766|1768|1772|1773|1774|1776
Taa	1764
Tagalog	1766
Taishanese	1772
Taita	1776
Taiwan	1772|1773
Tajikistan	1772|1773
Talk	1757|1758|1759|1760|1761|1762|1763|1764|1765|1766|1767|1768|1769|1770|1771|1772|1773|1774|1775|1776
Tamil	1773
Tampulma	1768
Tana	1776
Telugu	1773
Tem	1768
Template	1762|1764|1765|1766|1773|1776
Teochew	1772
Terik	1776
Terms	1757|1758|1759|1760|1761|1762|1763|1764|1765|1766|1767|1768|1769|1770|1771|1772|1773|1774|1775|1776
Territory	1772|1773
Text	1757|1758|1759|1760|1761|1762|1763|1764|1765|1766|1767|1768|1769|1770|1771|1772|1773|1774|1775|1776
Thailand	1772|1773
Thar	1773
The	1757|1758|1759|1760|1761|1762|1763|1764|1765|1766|1767|1768|1769|1770|1771|1772|1773|1774|1775|1776
This	1757|1758|1759|1760|1761|1762|1763|1764|1765|1766|1767|1768|1769|1770|1771|1772|1773|1774|1775|1776
Thompson	1766
Thomson	1758
Ti	1758|1773
Tibea	1765
Tikar	1765
Timor	1772|1773
Timor-Leste	1772|1773
To	1765
Togo	1768
Tonjon	1768
Toolbox	1757|1758|1759|1760|1761|1762|1763|1764|1765|1766|1767|1768|1769|1770|1771|1772|1773|1774|1775|1776
Torres	1761
Tourist	1758
Town	1758
Translation	1773
Tree	1758
Tripura	1773
Tshwa	1764
Tsuvan	1765
Tswana	1764
Tugen	1776
Tupuri	1765
Turkana	1776
Turkey	1772|1773
Turkmenistan	1772|1773
Turnbull	1758
Tuu	1764
U	1758|1761|1766|1773|1774
UCAS	1766
Ukrainian	1761|1766
Ulster	1774
Umbuygamu	1761
United	1772|1773
Unserdeutsch	1761
Upload	1757|1758|1759|1760|1761|1762|1763|1764|1765|1766|1767|1768|1769|1770|1771|1772|1773|1774|1775|1776
Upper	1758
Urban	1758
Urdu	1773
Use	1757|1758|1759|1760|1761|1762|1763|1764|1765|1766|1767|1768|1769|1770|1771|1772|1773|1774|1775|1776
Utkuhiksalik	1766
Uzbekistan	1772|1773
V	1758|1765|1768
Vagla	1768
Vame	1765
Variants	1757|1758|1759|1760|1761|1762|1763|1764|1765|1766|1767|1768|1769|1770|1771|1772|1773|1774|1775|1776
Vemgo-Mabas	1765
Vengo	1765
Vere	1765
Vi	1758|1773
Vietnam	1772|1773
View	1757|1758|1759|1760|1761|1762|1763|1764|1765|1766|1767|1768|1769|1770|1771|1772|1773|1774|1775|1776
Views	1757|1758|1759|1760|1761|1762|1763|1764|1765|1766|1767|1768|1769|1770|1771|1772|1773|1774|1775|1776
Village	1758
Voko	1765
W	1757|1758|1761|1765|1766|1767|1768|1771|1772|1776
Waata	1776
Waddell's	1757
Waiwai	1771
Wali	1768
Wapishana	1771
Warao	1771
Warlpiri	1761
Waterbar	1758
Weitou	1772
West	1766|1767
Western	1761|1766|1767|1776
What	1757|1758|1759|1760|1761|1762|1763|1764|1765|1766|1767|1768|1769|1770|1771|1772|1773|1774|1775|1776
Wikimedia	1757|1758|1759|1760|1761|1762|1763|1764|1765|1766|1767|1768|1769|1770|1771|1772|1773|1774|1775|1776
Wikipedia	1757|1758|1759|1760|1761|1762|1763|1764|1765|1766|1767|1768|1769|1770|1771|1772|1773|1774|1775|1776
Winye	1768
Wom	1765
Wong	1772
Wovea	1765
Wuzlam	1765
Y	1761|1762|1764|1765|1766|1772|1774|1776
Yaaku	1776
Yamba	1765
Yemen	1772|1773
Yeyi	1764
Yola	1774
Yucatec	1762
Yue	1761|1766|1772
Yukon	1766
a	1757|1758|1759|1760|1761|1762|1763|1764|1765|1766|1767|1768|1769|1770|1771|1772|1773|1774|1775|1776
account	1757|1758|1759|1760|1761|1762|1763|1764|1765|1766|1767|1768|1769|1770|1771|1772|1773|1774|1775|1776
additional	1757|1758|1759|1760|1761|1762|1763|1764|1765|1766|1767|1768|1769|1770|1771|1772|1773|1774|1775|1776
agriculture	1758
ais	1760|1761|1762|1764|1765|1766|1767|1768|1771|1773|1774|1775|1776
albums	1758
alphabet	1766|1773
ana	1764
ancient	1757
and	1757|1758|1760|1761|1766|1772|1773
apply	1757|1758|1759|1760|1761|1762|1763|1764|1765|1766|1767|1768|1769|1770|1771|1772|1773|1774|1775|1776
apps	1761
archaeology	1758
architects	1758
architecture	1758
are	1757|1758|1759|1760|1761|1762|1763|1764|1765|1766|1767|1768|1769|1770|1771|1772|1773|1774|1775|1776
art	1758
article	1757|1758|1759|1760|1761|1762|1763|1764|1765|1766|1767|1768|1769|1770|1771|1772|1773|1774|1775|1776
articles	1758
as	1757|1758|1759|1760|1761|1762|1763|1764|1765|1766|1767|1768|1769|1770|1771|1772|1773|1774|1775|1776
assessment	1758
at	1757|1758|1759|1760|1761|1762|1763|1764|1765|1766|1767|1768|1769|1770|1771|1772|1773|1774|1775|1776
au	1764
available	1757|1758|1759|1760|1761|1762|1763|1764|1765|1766|1767|1768|1769|1770|1771|1772|1773|1774|1775|1776
bilingualism	1766
bokm	1759|1760|1761|1762|1764|1765|1766|1767|1768|1770|1771|1773|1774|1775|1776
book	1757|1758|1759|1760|1761|1762|1763|1764|1765|1766|1767|1768|1769|1770|1771|1772|1773|1774|1775|1776
books	1758
by	1759|1760|1761|1762|1763|1764|1765|1766|1767|1768|1769|1771|1773|1774|1775|1776
categories	1772|1773
category	1757|1758|1759|1760|1761|1762|1763|1764|1765|1766|1767|1768|1769|1770|1771|1772|1773|1774|1775|1776
changes	1757|1758|1759|1760|1761|1762|1763|1764|1765|1766|1767|1768|1769|1770|1771|1772|1773|1774|1775|1776
chronology	1757
concerned	1758
conflict	1773
cont	1757|1758|1762|1764|1765|1767|1768|1773|1774|1776
content	1757|1758|1759|1760|1761|1762|1763|1764|1765|1766|1767|1768|1769|1770|1771|1772|1773|1774|1775|1776
contracting	1758
counties	1774
country	1759|1760|1761|1762|1763|1764|1765|1766|1767|1768|1769|1771|1773|1774|1775|1776
creoles	1761
culture	1759|1760|1761|1762|1763|1764|1765|1766|1767|1768|1769|1770|1771|1772|1773|1774|1775|1776
dam	1758
deck	1758
demographics	1766
descriptors	1766
design	1758
designers	1758
detailing	1758
details	1757|1758|1759|1760|1761|1762|1763|1764|1765|1766|1767|1768|1769|1770|1771|1772|1773|1774|1775|1776
development	1758
dialect	1764|1765|1766|1768|1772|1773|1776
dialects	1773|1774
diaspora	1773
differences	1773
documents	1757
e	1758|1761|1762|1766|1772|1773|1774
ecology	1758
education	1766|1773
ein	1764
electricity	1758
emait	1773
en	1757|1758|1759|1760|1761|1762|1763|1764|1765|1766|1767|1768|1769|1770|1771|1772|1773|1774|1775|1776
encyclopedia	1757|1758|1759|1760|1761|1762|1763|1764|1765|1766|1767|1768|1769|1770|1771|1772|1773|1774|1775|1776
endangered	1766
engineering	1758
eqchi	1762
esky	1761|1766|1772|1773|1774|1776
ethic	1758
events	1757|1758|1759|1760|1761|1762|1763|1764|1765|1766|1767|1768|1769|1770|1771|1772|1773|1774|1775|1776
export	1757|1758|1759|1760|1761|1762|1763|1764|1765|1766|1767|1768|1769|1770|1771|1772|1773|1774|1775|1776
festival	1758
file	1757|1758|1759|1760|1761|1762|1763|1764|1765|1766|1767|1768|1769|1770|1771|1772|1773|1774|1775|1776
following	1757|1758|1759|1760|1761|1762|1763|1764|1765|1766|1767|1768|1769|1770|1771|1772|1773|1774|1775|1776
for	1757|1758|1759|1760|1761|1762|1763|1764|1765|1766|1767|1768|1769|1770|1771|1772|1773|1774|1775|1776
free	1757|1758|1759|1760|1761|1762|1763|1764|1765|1766|1767|1768|1769|1770|1771|1772|1773|1774|1775|1776
from	1757|1758|1759|1760|1761|1762|1763|1764|1765|1766|1767|1768|1769|1770|1771|1772|1773|1774|1775|1776
gaka	1765
garden	1758
gardening	1758
generation	1758
grammar	1773|1776
green	1758
has	1757|1758|1761|1762|1765|1766|1767|1768|1770|1772|1773|1774|1776
here	1757|1758|1759|1760|1761|1762|1763|1764|1765|1766|1767|1768|1769|1770|1771|1772|1773|1774|1775|1776
historic	1757
history	1757|1758|1759|1760|1761|1762|1763|1764|1765|1766|1767|1768|1769|1770|1771|1772|1773|1774|1775|1776
hoansi	1764
horticulture	1758
http	1757|1758|1759|1760|1761|1762|1763|1764|1765|1766|1767|1768|1769|1770|1771|1772|1773|1774|1775|1776
hypothesis	1774
impact	1758
in	1757|1758|1759|1760|1761|1762|1763|1764|1765|1766|1767|1768|1769|1770|1771|1772|1773|1774|1775|1776
ina	1773
index	1757|1758|1759|1760|1761|1762|1763|1764|1765|1766|1767|1768|1769|1770|1771|1772|1773|1774|1775|1776
information	1757|1758|1759|1760|1761|1762|1763|1764|1765|1766|1767|1768|1769|1770|1771|1772|1773|1774|1775|1776
infrastructure	1758
into	1773
is	1757|1758|1759|1760|1761|1762|1763|1764|1765|1766|1767|1768|1769|1770|1771|1772|1773|1774|1775|1776
its	1773
ka	1773
khans	1757
kings	1757
koot	1776
l	1759|1760|1761|1762|1764|1765|1766|1767|1768|1770|1771|1773|1774|1775|1776
la	1757
landform	1758
landscape	1758
landscapes	1758
language	1759|1760|1761|1762|1763|1764|1765|1766|1767|1768|1769|1770|1771|1772|1773|1774|1775|1776
languages	1759|1761|1762|1764|1765|1766|1767|1768|1770|1773|1776
last	1757|1758|1759|1760|1761|1762|1763|1764|1765|1766|1767|1768|1769|1770|1771|1772|1773|1774|1775|1776
learn	1757|1758|1759|1760|1761|1762|1763|1764|1765|1766|1767|1768|1769|1770|1771|1772|1773|1774|1775|1776
limited	1772|1773
limnology	1758
link	1757|1758|1759|1760|1761|1762|1763|1764|1765|1766|1767|1768|1769|1770|1771|1772|1773|1774|1775|1776
links	1757|1758|1759|1760|1761|1762|1763|1764|1765|1766|1767|1768|1769|1770|1771|1772|1773|1774|1775|1776
list	1757|1758|1759|1760|1761|1762|1763|1764|1765|1766|1767|1768|1769|1770|1771|1772|1773|1774|1775|1776
lists	1757
magazine	1773
magazines	1773
main	1761|1762|1765|1768|1772|1773|1776
management	1758
manager	1758
manuscripts	1757
materials	1758
may	1757|1758|1759|1760|1761|1762|1763|1764|1765|1766|1767|1768|1769|1770|1771|1772|1773|1774|1775|1776
media	1758|1761|1762|1766|1768|1770|1773|1774|1776
menu	1757|1758|1759|1760|1761|1762|1763|1764|1765|1766|1767|1768|1769|1770|1771|1772|1773|1774|1775|1776
mobile	1761
modified	1757|1758|1759|1760|1761|1762|1763|1764|1765|1766|1767|1768|1769|1770|1771|1772|1773|1774|1775|1776
monarchs	1757
more	1757|1758|1759|1760|1761|1762|1763|1764|1765|1766|1767|1768|1769|1770|1771|1772|1773|1774|1775|1776
morphology	1773
movement	1773
mythology	1758
n	1757|1758
native	1773
navigation	1757|1758|1759|1760|1761|1762|1763|1764|1765|1766|1767|1768|1769|1770|1771|1772|1773|1774|1775|1776
nda	1765
next	1765|1773
ng	1758|1771|1773
nge	1773
non-profit	1757|1758|1759|1760|1761|1762|1763|1764|1765|1766|1767|1768|1769|1770|1771|1772|1773|1774|1775|1776
not	1757|1758|1759|1760|1761|1762|1763|1764|1765|1766|1767|1768|1769|1770|1771|1772|1773|1774|1775|1776
number	1773
nynorsk	1761|1762|1764|1765|1766|1768|1771|1773|1774|1776
of	1757|1758|1759|1760|1761|1762|1763|1764|1765|1766|1767|1768|1769|1770|1771|1772|1773|1774|1775|1776
official	1773
ol	1759|1760|1761|1762|1763|1764|1765|1766|1767|1768|1769|1770|1771|1773|1774|1775|1776
oldid	1757|1758|1759|1760|1761|1762|1763|1764|1765|1766|1767|1768|1769|1770|1771|1772|1773|1774|1775|1776
on	1757|1758|1759|1760|1761|1762|1763|1764|1765|1766|1767|1768|1769|1770|1771|1772|1773|1774|1775|1776
only	1762|1772
open	1758
or	1758|1773
org	1757|1758|1759|1760|1761|1762|1763|1764|1765|1766|1767|1768|1769|1770|1771|1772|1773|1774|1775|1776
organization	1757|1758|1759|1760|1761|1762|1763|1764|1765|1766|1767|1768|1769|1770|1771|1772|1773|1774|1775|1776
original	1757
other	1772|1773
out	1757|1758|1759|1760|1761|1762|1763|1764|1765|1766|1767|1768|1769|1770|1771|1772|1773|1774|1775|1776
page	1757|1758|1759|1760|1761|1762|1763|1764|1765|1766|1767|1768|1769|1770|1771|1772|1773|1774|1775|1776
pages	1757|1758|1759|1760|1761|1762|1763|1764|1765|1766|1767|1768|1769|1770|1771|1772|1773|1774|1775|1776
paving	1758
people	1766|1773|1776
photography	1758
php	1757|1758|1759|1760|1761|1762|1763|1764|1765|1766|1767|1768|1769|1770|1771|1772|1773|1774|1775|1776
phrases	1773
planning	1758
policies	1766
policy	1757|1758|1759|1760|1761|1762|1763|1764|1765|1766|1767|1768|1769|1770|1771|1772|1773|1774|1775|1776
portal	1757|1758|1759|1760|1761|1762|1763|1764|1765|1766|1767|1768|1769|1770|1771|1772|1773|1774|1775|1776
previous	1765|1773
profanity	1772
pronunciation	1772
proverbs	1759
provinces	1766
public	1766
publications	1758
raising	1766
rbaycanca	1758|1761|1762|1764|1765|1766|1767|1770|1772|1773|1774|1776
recent	1757|1758|1759|1760|1761|1762|1763|1764|1765|1766|1767|1768|1769|1770|1771|1772|1773|1774|1775|1776
recognition	1772|1773
reflect	1757|1758|1759|1760|1761|1762|1763|1764|1765|1766|1767|1768|1769|1770|1771|1772|1773|1774|1775|1776
registered	1757|1758|1759|1760|1761|1762|1763|1764|1765|1766|1767|1768|1769|1770|1771|1772|1773|1774|1775|1776
rehabilitation	1758
related	1758|1761|1762|1766|1768|1770|1773|1774|1776
renn	1757
resources	1773
rk	1758|1761|1762|1766|1773|1774
romanisation	1772
s	1757|1760|1761|1762|1764|1765|1766|1768|1769|1771|1772|1773|1774|1775|1776
search	1757|1758|1759|1760|1761|1762|1763|1764|1765|1766|1767|1768|1769|1770|1771|1772|1773|1774|1775|1776
see	1757
service	1766
slang	1766|1773|1774|1776
slenska	1768
society	1761|1763|1764|1766|1767|1768|1769|1770|1772|1775
space	1758
speakers	1773
spirit-possession	1775
square	1758
srpski	1773
state	1773
states	1772|1773
status	1773
subcategories	1757|1758|1761|1765|1766|1767|1768|1773|1774|1776
subcategory	1762|1772
substrate	1774
t	1758|1772|1773
table	1766
tamil	1773
tatar	1758|1773
tchathaig	1757
terms	1757|1758|1759|1760|1761|1762|1763|1764|1765|1766|1767|1768|1769|1770|1771|1772|1773|1774|1775|1776
territories	1766|1772|1773
territory	1773
the	1757|1758|1759|1760|1761|1762|1763|1764|1765|1766|1767|1768|1769|1770|1771|1772|1773|1774|1775|1776
this	1757|1758|1759|1760|1761|1762|1763|1764|1765|1766|1767|1768|1769|1770|1771|1772|1773|1774|1775|1776
tis	1766
title	1757|1758|1759|1760|1761|1762|1763|1764|1765|1766|1767|1768|1769|1770|1771|1772|1773|1774|1775|1776
to	1757|1758|1759|1760|1761|1762|1763|1764|1765|1766|1767|1768|1769|1770|1771|1772|1773|1774|1775|1776
tools	1757|1758|1759|1760|1761|1762|1763|1764|1765|1766|1767|1768|1769|1770|1771|1772|1773|1774|1775|1776
toponymy	1774
total	1757|1758|1759|1760|1761|1762|1763|1764|1765|1766|1767|1768|1769|1770|1771|1772|1773|1774|1775|1776
trademark	1757|1758|1759|1760|1761|1762|1763|1764|1765|1766|1767|1768|1769|1770|1771|1772|1773|1774|1775|1776
translations	1773
u	1758|1759|1761|1765|1766|1767|1768|1770|1771|1773|1774|1775|1776
ugwor	1765
ui	1764
under	1757|1758|1759|1760|1761|1762|1763|1764|1765|1766|1767|1768|1769|1770|1771|1772|1773|1774|1775|1776
urbanism	1758
us	1757|1758|1759|1760|1761|1762|1763|1764|1765|1766|1767|1768|1769|1770|1771|1772|1773|1774|1775|1776
used	1766
v	1772|1773
version	1757|1758|1759|1760|1761|1762|1763|1764|1765|1766|1767|1768|1769|1770|1771|1772|1773|1774|1775|1776
view	1757|1758|1759|1760|1761|1762|1763|1764|1765|1766|1767|1768|1769|1770|1771|1772|1773|1774|1775|1776
vista	1758
vocabulary	1761|1773
w	1757|1758|1759|1760|1761|1762|1763|1764|1765|1766|1767|1768|1769|1770|1771|1772|1773|1774|1775|1776
was	1757|1758|1759|1760|1761|1762|1763|1764|1765|1766|1767|1768|1769|1770|1771|1772|1773|1774|1775|1776
waterway	1758
wider	1758
wikipedia	1757|1758|1759|1760|1761|1762|1763|1764|1765|1766|1767|1768|1769|1770|1771|1772|1773|1774|1775|1776
with	1758|1761|1772|1773
words	1773|1775
world	1757
years	1757
